,embedding0,embedding1,embedding2
AAACAACGAATAGTTC-1,0.0,0.0,0.0
AAACAAGTATCTCCCA-1,-1.0233113,-0.29103372,-0.22692536
AAACACCAATAACTGC-1,0.07929869,1.3857096,-0.5764743
AAACAGAGCGACTCCT-1,-0.95833886,-0.7055323,0.48007998
AAACAGGGTCTATATT-1,1.0069534,0.18405804,-0.25324908
AAACAGTGTTCCTGGG-1,0.021165252,1.3815573,-0.16646527
AAACATTTCCCGGATT-1,-1.1780995,-0.41699648,-0.13969383
AAACCCGAACGAAATC-1,-1.1716532,-0.21400672,-0.122243084
AAACCGGGTAGGTACC-1,0.7176923,-0.63453215,-0.7756709
AAACCGTTCGTCCAGG-1,0.2320927,1.2123238,-0.59598
AAACCTAAGCAGCCGG-1,-1.3764955,-0.15832129,-0.497655
AAACCTCATGAAGTTG-1,0.0014668183,-0.59030133,0.7720234
AAACGAAGAACATACC-1,0.0508642,0.053742,2.0118291
AAACGAGACGGTTGAT-1,-0.063342184,-1.1949434,-1.2128354
AAACGGGCGTACGGGT-1,-1.0171217,-0.11070362,-0.37663245
AAACGGTTGCGAACTG-1,0.50641155,0.68894386,0.21166179
AAACTCGGTTCGCAAT-1,-0.7533209,0.013486216,-1.1940112
AAACTGCTGGCTCCAA-1,0.7122125,0.4037133,0.16237907
AAACTTAATTGCACGC-1,0.07606028,1.521438,-0.51404315
AAACTTGCAAACGTAT-1,0.2013948,-0.34563988,-0.5432708
AAAGACCCAAGTCGCG-1,0.7033049,0.80108076,1.6068043
AAAGACTGGGCGCTTT-1,0.4578703,-0.29270473,1.1280575
AAAGGCCCTATAATAC-1,-0.01540677,1.4685402,-0.50660515
AAAGGCTACGGACCAT-1,0.23660165,1.6406332,0.117782
AAAGGCTCTCGCGCCG-1,0.18462275,1.1272264,-0.38101643
AAAGGGATGTAGCAAG-1,1.0317692,-0.3450665,-0.21155132
AAAGGGCAGCTTGAAT-1,0.78974503,-0.15264934,1.3465767
AAAGTAGCATTGCTCA-1,0.4003104,0.89019203,-0.11496062
AAAGTCACTGATGTAA-1,0.97564876,1.1108131,1.5037564
AAAGTCGACCCTCAGT-1,0.45643598,-0.96925974,0.56384635
AAAGTGTGATTTATCT-1,-1.1843147,-0.30441833,-0.598572
AAAGTTGACTCCCGTA-1,-0.9913147,-0.5416423,-0.20269193
AAATAACCATACGGGA-1,-0.12710841,-1.0733432,0.98728335
AAATACCTATAAGCAT-1,0.30272678,-0.041715004,-0.11090182
AAATAGCTTAGACTTT-1,-1.0816743,-0.15955372,-0.17998578
AAATAGGGTGCTATTG-1,0.29232755,-1.0268093,-0.4990465
AAATCCGATACACGCC-1,-1.3653525,-0.15559155,-0.33381367
AAATCGTGTACCACAA-1,0.3113876,0.4201147,0.16913137
AAATCTAGCCCTGCTA-1,-1.256068,-0.30496815,-0.1714619
AAATGATTCGATCAGC-1,-0.8473449,-0.05214718,0.8498443
AAATGCTCGTTACGTT-1,0.615085,0.72326547,1.0669639
AAATGGCATGTCTTGT-1,0.3853393,-0.62784785,0.613095
AAATGGCCCGTGCCCT-1,0.055598162,-0.046564676,-0.043849174
AAATGGTCAATGTGCC-1,0.9475214,-1.0214214,-0.78192824
AAATGTATCTTATCCC-1,0.0,0.0,0.0
AAATTAACGGGTAGCT-1,0.9217719,-0.4872237,-1.0609051
AAATTACACGACTCTG-1,0.35270652,-0.9959634,0.8324625
AAATTACCTATCGATG-1,-0.58259,-0.62602425,0.16580412
AAATTCCAGGTCCAAA-1,-1.6075057,-0.027538106,-0.07785428
AAATTGATAGTCCTTT-1,0.42093801,1.2585778,-0.19239108
AAATTTACCGAAATCC-1,-1.0573528,-0.5489986,0.4294493
AAATTTGCGGGTGTGG-1,0.13797165,0.12494026,-0.01613643
AACAACTGGTAGTTGC-1,1.140318,-0.806831,0.44486386
AACAATACATTGTCGA-1,0.026888624,1.3251576,-0.5322458
AACAATTACTCTACGC-1,0.9391295,-0.93460363,0.7616976
AACACACGCTCGCCGC-1,-1.115738,-0.385017,-0.34468755
AACACGACTGTACTGA-1,-0.0071051787,0.18114802,1.8818575
AACACGAGACGCGGCC-1,0.7223682,0.31177557,0.095188946
AACAGCTGTGTGGCAA-1,-0.054804675,1.3744369,-0.4788246
AACAGGAAATCGAATA-1,0.65766615,-0.83968514,0.56095153
AACAGGATGGGCCGCG-1,0.61565727,-1.0265497,0.076045
AACAGGTAGTATGGAT-1,-1.4382719,-0.07291896,-0.29074112
AACATATCAACTGGTG-1,-0.98550296,-0.6904977,0.23393196
AACATCGATACGTCTA-1,-0.51169145,-0.16833642,0.755327
AACATTGAAGTTGATC-1,0.086512506,1.4846743,-0.5339181
AACATTGTGACTCGAG-1,-0.17249843,1.3354763,-0.2807058
AACCAAGACTTCTCTG-1,-0.18151303,-0.695456,0.322234
AACCAGTATCACTCTT-1,-1.0021783,-0.3947798,0.51469433
AACCATAGGGTTGAAC-1,0.014869076,1.3171952,-0.41726276
AACCCAGAGACGGAGA-1,0.3000135,0.38007548,1.2700676
AACCCATCCCATGATC-1,-0.014479968,1.1642051,-0.38471842
AACCCGACAACCCGTG-1,-0.3278786,1.3919985,-0.33916882
AACCCGAGCAGAATCG-1,-1.2740029,-0.07539311,-0.31996307
AACCCTACTGTCAATA-1,-1.2333759,-0.37176153,-0.5383256
AACCCTGGTGGAACCA-1,-0.64085215,-0.5265117,1.6644591
AACCGAGCTTGGTCAT-1,0.9361877,-0.5761877,-1.2378867
AACCGCTAAGGGATGC-1,-1.088341,-0.22159939,-0.560864
AACCGTTGTGTTTGCT-1,0.7297978,-0.27059802,1.2315621
AACCTCGCTTTAGCCC-1,-1.3983545,-0.26892745,-0.9563603
AACCTTTAAATACGGT-1,0.20298864,0.11835724,0.033516046
AACCTTTACGACGTCT-1,-0.09978587,-1.0197463,0.8461758
AACGATAATGCCGTAG-1,0.26379132,-0.10452605,-0.776434
AACGATAGAAGGGCCG-1,0.25306442,-0.6269298,1.1639209
AACGATATGTCAACTG-1,1.1967291,-0.9109142,-0.9191401
AACGCATGATCTGGGT-1,-1.3061453,-0.2937912,-0.07475369
AACGCGACCTTGGGCG-1,-0.19457412,1.5493995,-0.38862923
AACGCGGTCTCCAGCC-1,0.92319685,-0.08939786,-0.7793766
AACGCTGTTGCTGAAA-1,-1.0880495,-0.22356856,-0.35610402
AACGGACGTACGTATA-1,-1.2587156,-0.36341637,-0.34296027
AACGGCCATCTCCGGT-1,0.11414938,0.1691374,0.04501358
AACGTACTGTGGGTAC-1,0.38711426,1.0533547,-0.048634928
AACGTCAGACTAGTGG-1,0.87519634,-0.9170011,0.642397
AACGTGATGAAGGACA-1,-0.7028342,-0.7542223,0.76684827
AACGTGCGAAAGTCTC-1,0.42253634,-0.71547,-0.7563963
AACGTTATCAGCACCT-1,0.0,0.0,0.0
AACTACCCGTTTGTCA-1,-1.1875669,-0.17295067,-0.2337645
AACTAGGCTTGGGTGT-1,0.054616302,0.16557182,0.009776462
AACTCAAGTTAATTGC-1,1.0492324,-0.31855735,-0.566053
AACTCCAGAGCGTGTT-1,-0.61054355,-0.9430798,-0.2882039
AACTCCTAATCCCATG-1,-0.8312205,-0.6251866,0.696971
AACTCGATAAACACGT-1,0.0,0.0,0.0
AACTCTCAATAGAGCG-1,-1.2360941,-0.310345,-0.28242
AACTCTCAGTGTGCTC-1,0.38109487,1.2859467,-0.6157862
AACTGATATTAGGCCT-1,0.99966455,-0.80092007,0.8910708
AACTGGGTCCCGACGT-1,1.0373434,-1.0291626,-0.31944522
AACTGGGTTCGAGCCG-1,-0.5932091,-0.31861588,2.1296377
AACTTCTGCGTCTATC-1,0.30542848,0.33358002,0.40555802
AACTTGCCCGTATGCA-1,0.9105677,-1.2610868,0.71227574
AAGAAAGTTTGATGGG-1,0.25302443,0.9578867,-0.10062694
AAGACATACGTGGTTT-1,-1.2213063,0.34040472,-0.33350357
AAGACCCAACTGAACA-1,-0.12153155,1.2783266,-0.28904825
AAGACTGCAAGCTACT-1,1.2295189,0.42762056,-0.26508707
AAGAGATGAATCGGTA-1,0.5196017,-0.9287932,0.69541305
AAGAGCTCTTTATCGG-1,0.26387373,-1.2174858,-0.9488249
AAGAGGATGTACGCGA-1,0.3411505,-0.7839235,-0.79087144
AAGAGGCATGGATCGC-1,-0.31578064,-1.0266713,-1.0822628
AAGAGGCCCTTTGGAA-1,-1.2161797,-0.1561658,-0.2800505
AAGATGGCACCGGACC-1,0.020935293,1.1035917,-0.4495857
AAGATTGGCGGAACGT-1,0.11134435,-1.1117382,0.78304183
AAGCACCCTGCGTATC-1,-0.42303574,-0.6127903,-1.1303093
AAGCATACTCTCCTGA-1,0.8927985,0.63714564,0.1458406
AAGCCGAAGCGGTTTA-1,-1.0196522,-0.21400206,-0.09713382
AAGCCGCCGTGAAATC-1,-0.068045296,1.314624,-0.46339944
AAGCGCAGGGCTTTGA-1,-1.0883591,-0.21185972,-1.1341896
AAGCGGCGTCATGGGT-1,-0.49944362,-0.17318358,1.5246947
AAGCGTCCCTCATCGA-1,0.25106198,1.4776607,-0.5231522
AAGCTAGATCGAGTAA-1,0.4499016,0.3338831,0.1320072
AAGCTCGTGCCAAGTC-1,0.63943833,-0.783638,-0.85337275
AAGCTCTTTCATGGTG-1,-0.30944434,-0.98411405,-0.5128766
AAGGAGCGGTTGGTGC-1,1.2661357,-0.21250682,-1.0683497
AAGGATCGATCGCTTG-1,-1.4007703,-0.19474684,-0.29046714
AAGGATGAGGGACCTC-1,0.25458592,-1.0139972,-0.65883416
AAGGCAGGCTGTCTCC-1,-1.2891754,-0.37364447,0.36434337
AAGGCGCGTAAAGCTT-1,0.7853313,-0.6862618,0.5379576
AAGGCTGTGCTCATCG-1,0.8888606,-0.3108992,-0.62179625
AAGGGAACGACTGGCT-1,-0.08270688,1.4329525,-0.50439173
AAGGGACAGATTCTGT-1,-0.059786983,-0.9709293,0.8791172
AAGGGACTATGCATTC-1,0.07808035,1.4886422,-0.5994216
AAGGTATCCTAATATA-1,0.29026502,-0.9772059,-1.3664498
AAGGTGATAAACCAGC-1,-0.9151368,-0.25858724,-0.7550495
AAGTAGAAGACCGGGT-1,1.038276,-0.9374823,0.9989535
AAGTAGTGACGCGAGG-1,0.37970424,-0.7912911,-0.25331905
AAGTCAATTGTCGTCA-1,-0.9301119,-0.564588,-0.092964694
AAGTGACGACCGAATT-1,1.0114193,-0.7059926,-1.0182463
AAGTGAGTCGGGTTTA-1,-0.15907997,1.3683645,-0.32676512
AAGTGCAAAGGTAGAC-1,0.31682658,-0.13180846,0.4510307
AAGTGCCTTGACTGTA-1,-1.1606123,-0.2821821,-0.17509024
AAGTGCGTTAGAATCT-1,0.2315976,0.23523562,0.08882648
AAGTGCTTCTCTATTG-1,-0.2651136,1.4735869,-0.43385267
AAGTGTTTGGAGACGG-1,-0.28931275,-0.90336853,-0.74989974
AAGTTCACTCCAAGCT-1,-0.6122375,-0.83916473,-0.545278
AAGTTCAGTCTGCGTA-1,-1.357972,-0.262793,0.060264185
AAGTTCGGCCAACAGG-1,0.54734945,0.39077142,0.14067951
AAGTTGTGATGTTATA-1,-1.2578633,-0.25026837,0.1759958
AAGTTTATGGGCCCAA-1,-1.2740666,-0.29589507,-1.0792258
AATAACAACGCTCGGC-1,0.20317203,-1.0467129,-1.0824702
AATAACACTAGAACAA-1,0.4714976,1.3379452,-0.5122699
AATAATCTTCGTATCG-1,-0.9384913,0.43381116,2.026465
AATACAATGTTTCAGG-1,0.16499518,0.16062234,1.3986788
AATACCGGAGGGCTGT-1,-0.148357,1.3691777,-0.44888157
AATAGAACAGAGTGGC-1,-0.046325095,1.4096392,-0.47249216
AATAGAATCTGTTTCA-1,-0.36400598,-0.76075256,-0.6701385
AATAGCTACCGCGTGC-1,-0.8644396,-0.18596302,1.0116292
AATAGTCCGTCCCGAC-1,-0.0040303296,0.82241577,-0.15672228
AATAGTCGCGAGTCGG-1,0.0,0.0,0.0
AATATCGAATCAATGC-1,-1.3338286,-0.2635823,-0.17826971
AATATCGAGGGTTCTC-1,-0.9331258,-0.7267649,0.0011914241
AATATTGGAGTATTGA-1,-0.25366127,-0.6169903,1.026269
AATCAGGTTTCATTTA-1,-0.033806913,1.3710778,-0.49101323
AATCATGTAAAGACTC-1,-1.1422231,-0.29332998,-0.39100212
AATCCAAGGGCCTGAG-1,0.10758334,0.26503527,1.5787901
AATCGCCTCAGCGCCA-1,0.42925423,-1.1117629,-1.0904077
AATCGCGCAGAGGACT-1,-1.2368011,-0.3653476,0.002804721
AATCGGGACACTACGA-1,0.4038315,0.48093417,0.65503573
AATCGTGAGCCGAGCA-1,-1.0921458,-0.37198514,-0.97120094
AATCTAGGTTTACTTG-1,0.16289604,0.2613059,0.08385396
AATCTATGCCGGAGCC-1,-1.3597225,-0.09451602,0.099257186
AATCTGCGTTGGGACG-1,-0.83153087,-0.74433196,-1.2671775
AATCTGGCTTTCTAGT-1,0.0,0.0,0.0
AATCTGGGTAGACCCT-1,-0.27074796,-0.1446959,1.5939476
AATGACAGCAATGTCT-1,0.14338943,0.10511053,0.036257565
AATGACGTAGGATGTC-1,0.6643339,-1.1142423,-0.96028864
AATGACTGTCAGCCGG-1,0.8963006,-1.1184932,-0.18892147
AATGATGATACGCTAT-1,-0.5541993,-0.89857453,0.25211102
AATGATGCGACTCCTG-1,-0.9865741,-0.65728515,0.22345862
AATGCAACCGGGTACC-1,0.682755,-0.8458196,-0.16824459
AATGCACCAAGCAATG-1,-0.84059775,-0.5974877,0.109272234
AATGGTCCACCGTTCA-1,0.5442533,-0.39955512,1.0032866
AATGGTTCTCACAAGC-1,0.80912215,-0.3044734,1.1200826
AATGTATGGCACTGTA-1,0.03269611,1.3341026,-0.48148233
AATGTGCCCGAGGTGT-1,0.4474734,1.5303124,-0.51773876
AATGTGCTAATCTGAG-1,0.09707053,1.1337265,-0.4769003
AATGTTGTCGTGAGAC-1,-1.2574372,-0.21541886,0.09001838
AATTAAAGGTCGGCGT-1,0.8423478,0.8884586,0.2671853
AATTAACGGATTTCCA-1,-0.23685256,0.008495907,-0.2557348
AATTACTCGTACGCTC-1,0.0,0.0,0.0
AATTAGCGCTGCAGCG-1,0.07580326,0.104337364,0.03573734
AATTCATAAGGGATCT-1,-0.054255564,-1.0361743,0.20480914
AATTCCAACTTGGTGA-1,0.0,0.0,0.0
AATTCCAAGCATGTAC-1,0.29467887,0.61496425,0.12306028
AATTCGATTCGAGGAT-1,-1.006592,-0.4783735,-0.8457445
AATTCTAGAGTTAGGC-1,0.03129253,0.043071773,0.01475282
AATTGAACGCTCTGGT-1,-0.82685304,-0.68920213,-0.26642236
AATTGCAGCAATCGAC-1,-1.324271,-0.23676816,-0.2210901
AATTGCGTGGATTACA-1,-0.037116,1.1726872,-0.43190122
AATTTGGGACATAGTA-1,-0.8284198,-0.66437995,0.93040335
AATTTGGTTCCAAAGA-1,0.43613747,-0.53992337,1.8079758
ACAAACCATGCGTCCT-1,0.08429634,1.4609507,-0.5352231
ACAAAGCATGACCTAG-1,-1.1011815,-0.32755712,-0.11138177
ACAAATCGCACCGAAT-1,-0.7030239,-0.76782537,-1.0635359
ACAAATGGTAGTGTTT-1,-1.0051543,-0.5988595,-0.32307714
ACAACAGCATGAGCTA-1,0.90588254,-0.56878054,-0.28394735
ACAACGGTCCCTGCGA-1,0.26807162,-0.6428416,1.2409855
ACAAGCAGTGCCTAGC-1,0.93777657,-1.3167564,0.6881063
ACAAGGAAATCCGCCC-1,0.06370681,-0.7638117,-0.71016186
ACAAGGACAAGAGGTT-1,0.59987575,-0.78773123,-0.45154655
ACAAGGATGCTTTAGG-1,-1.1663358,-0.44842163,-1.0898954
ACAAGGGCAGGCTCTG-1,0.88513106,-0.87068665,-1.1041074
ACAAGTAATTGTAAGG-1,0.43965393,0.71988696,0.19714086
ACAATAGTCGTACGTT-1,1.3557744,-0.10305893,-0.6179976
ACAATCCATTTAAACC-1,0.5673641,-1.2260644,-1.1728699
ACAATGAATACGGAGA-1,0.11234739,1.4588162,-0.56111604
ACAATTGTGTCTCTTT-1,-1.1213543,-0.42674923,-0.17438999
ACAATTTGAGCAGTGG-1,1.2001951,-0.84701025,-1.1777235
ACACAAAGACGGGTGG-1,1.0681516,-0.76900476,-0.6395918
ACACACCAGGACCAGT-1,-0.85754114,-0.4817563,-0.6740749
ACACACTTTCTACACG-1,0.57310474,-0.6411478,0.29811582
ACACATGATCAAATCT-1,0.037728164,1.3299024,-0.53350806
ACACATTGACGCAACA-1,0.0,0.0,0.0
ACACATTTCCGTAGAC-1,0.00026808833,0.26208517,-0.10324432
ACACCCAGCATGCAGC-1,1.471191,-1.1184844,-0.8177425
ACACCCGAGAAATCCG-1,0.8746993,-0.6020061,0.65452164
ACACCGAGCGCTCTTT-1,0.0,0.0,0.0
ACACCGGTCTGACCGC-1,0.036463,1.4620686,-0.5538143
ACACCTTAAGTAGGGC-1,1.5149465,-1.0880262,-0.1376898
ACACCTTACTACTTGC-1,-1.3177264,-0.38243726,0.095969334
ACACGAGACTCCTTCT-1,1.0570982,-0.37846154,-0.65365916
ACACGGCACTATGCAT-1,-0.6606392,-0.4345305,1.3696182
ACACGGGAACTTAGGG-1,0.85178757,0.14848599,-0.21710472
ACACGTAGGCCACAAG-1,-1.3227893,-0.160118,-0.29406762
ACACTCCAATGTCACT-1,0.1935242,0.21136144,0.25696778
ACACTGATCAAGGTGT-1,0.10765058,0.97512645,-0.42596406
ACACTGGGACAGTCGT-1,-1.4776026,0.0031711103,-0.26718765
ACAGAACTGAGAACAA-1,0.47560352,0.9953144,0.009198639
ACAGATTAGGTTAGTG-1,0.67245334,0.73925245,0.77816236
ACAGCATAGAGCCAGT-1,1.0079998,1.1903588,1.1315722
ACAGCGACATTCTCAT-1,-1.0721949,-0.54540247,0.15040193
ACAGCGCACCCGCAGC-1,-0.49896842,-0.7710641,1.4944263
ACAGGCACGGATCCTT-1,-0.5774346,-0.48680368,0.17459475
ACAGGCTTGCCCGACT-1,-0.8339473,-0.75171,-0.9780887
ACAGGTGGAGGTGAGG-1,0.32835567,1.0183723,-0.42718488
ACAGTAATACAACTTG-1,1.0995255,0.45383325,0.009013747
ACATAAGTCGTGGTGA-1,0.2073841,1.0689926,-0.358659
ACATAATAAGGCGGTG-1,1.120657,-0.5731321,-0.124136336
ACATCAGCTGGGACGC-1,0.42934465,-0.39109713,0.85532784
ACATCCCGGCCATACG-1,0.22043505,0.85907006,-0.23420212
ACATCCTGGTAACTGT-1,-1.1410286,-0.54925126,0.12570776
ACATCGATCGTTTACC-1,0.0,0.0,0.0
ACATCGGTCAGCCGCG-1,1.1054745,0.11664506,-0.033299666
ACATCGTATGCAATGG-1,-0.59919083,-0.96360725,-0.5031034
ACATCGTTAACCTAGT-1,0.49092162,-1.202386,1.3696853
ACATGGCGCCAAAGTA-1,-1.2496542,-0.39886248,-0.08284098
ACATGGCTCAATTTAG-1,0.0,0.0,0.0
ACATTAGTTTATATCC-1,0.43921423,0.60064423,0.19661285
ACATTCGCGCGGAATA-1,-0.16445708,1.2677991,-0.3990193
ACCAACACCACACACT-1,-1.056045,-0.20080489,0.9729891
ACCAACCGCACTCCAC-1,-1.16172,-0.1881164,-0.18915714
ACCAACGCTTATTTAT-1,0.13276951,1.5810066,-0.58909017
ACCAAGAACGCGTGTC-1,0.81908375,-0.92207766,1.3701209
ACCAATATGCAAGTTA-1,-0.5920542,-0.46862042,-0.66805035
ACCACAACTCAGAACA-1,-1.0378217,-0.41152585,0.6201379
ACCACAAGTTTCTATC-1,1.3441237,-0.84775716,-1.3080515
ACCACCAATGTAACAA-1,-1.2312573,-0.28757188,-0.062972285
ACCACGTGCAGCTATA-1,-0.25194827,-0.53495085,-0.3767125
ACCACTGTTCAAGAAG-1,0.0,0.0,0.0
ACCAGTGCGGGAGACG-1,-1.231541,-0.3268185,-0.24222334
ACCATATCCGCAATAA-1,0.8709823,0.4791773,0.11878018
ACCATCCGCCAACTAG-1,0.97474396,0.8445872,0.06297974
ACCATCGTATATGGTA-1,0.5371931,0.31480148,-0.06215853
ACCATTAAGGGTGTCA-1,0.049624395,0.05419832,0.06589292
ACCCAACGCCCGTGGC-1,0.113754615,-1.0174236,-1.3001244
ACCCACCTACATGCTC-1,0.62514853,-0.33186284,0.82154816
ACCCATCTTGAGGGTA-1,1.1245183,-0.6783543,-0.71667343
ACCCATTTGTCCCTCT-1,-1.1414393,-0.462166,0.05792794
ACCCGAGCGAAATTAC-1,-0.075879484,1.397944,-0.49462515
ACCCGATTGGTTCCGA-1,-0.13847677,1.3816127,-0.44305372
ACCCGGAAACTCCCAG-1,-0.019939227,0.1954183,-0.0033195245
ACCCGGATGACGCATC-1,-1.1714667,-0.4400812,-0.1026388
ACCCGGTTACACTTCC-1,0.4993688,0.5114945,0.18445139
ACCCGTAGCAGAGAAT-1,0.17063634,1.1183964,-0.17645214
ACCCGTGTCATCAGTA-1,-0.038208436,1.3227501,-0.4181581
ACCCTATGCCATATCG-1,0.1988312,1.3810438,-0.6372439
ACCCTCCCGTCAGGGC-1,-0.6908347,-0.38775608,0.10666067
ACCCTCCCTTGCTATT-1,-0.28587392,-1.1534472,-0.8995749
ACCCTTCATCTGCGAA-1,0.5384123,-0.5941431,0.49015924
ACCCTTTAGTTCTCCA-1,-0.9155886,-0.08943964,0.72962326
ACCGAAAGGGCCCTGC-1,0.5150615,0.58579975,0.66339153
ACCGAAGAGTCTGGTT-1,0.060074814,1.0402552,-0.33936
ACCGACACATCTCCCA-1,-0.16267417,0.14164522,-0.2496151
ACCGACTGAGTCCCAC-1,1.9489765,0.1905786,-0.9344923
ACCGAGTCTCCTTATT-1,-0.76185393,-0.12804712,-0.86987233
ACCGATAGGCATAACC-1,-1.1717105,0.182103,0.092288144
ACCGATATTTAATCAT-1,-0.71261543,0.15129839,1.4175253
ACCGATGGTAGCATCG-1,-1.0873224,-0.16825283,-0.33494312
ACCGCAATAACTGCCT-1,-0.45541987,-0.69329417,-0.47190797
ACCGCGGTGGAAGTCG-1,-1.2166616,-0.17264149,-0.28043252
ACCGGGCCTTTGTTGA-1,-0.905652,-0.55300355,0.15045875
ACCGGTCAGGTACACC-1,0.045720413,1.4367002,-0.5744776
ACCGTGACCACGTGGG-1,0.06859037,1.4252315,-0.59764755
ACCTAAGTACCTTTCA-1,0.13657525,0.27648047,-0.030541528
ACCTAATCGACTTCCT-1,0.7977561,-1.0206014,0.14061886
ACCTACAGTATGTGGT-1,-1.1952145,-0.33251697,0.086931765
ACCTACTATAAATCTA-1,0.35615823,1.1584771,-0.047990836
ACCTCCGCCCTCGCTG-1,-1.169071,-0.2232833,-0.18776709
ACCTCCGTTATTCACC-1,-1.4680701,-0.1830541,0.042361096
ACCTCGAACTTATGCT-1,-0.044711187,1.4999391,-0.4553288
ACCTGCGTGTCATGTT-1,0.3553922,-0.35168165,-0.7166532
ACGAAATGGGCGGCAC-1,0.39968982,-1.1332651,-0.04619385
ACGACTGGTCATACTC-1,0.118347034,1.490975,-0.6302966
ACGAGATATTTGCTTA-1,-0.7416901,-0.84120077,1.1591337
ACGAGGATACCACTCT-1,0.0110639725,0.016968267,0.019596448
ACGAGGTTTACAACGT-1,-0.032402433,1.245938,-0.41473445
ACGAGTACGGATGCCC-1,-1.0803299,-0.4020435,0.08919246
ACGAGTCGCCGGCGTT-1,0.0,0.0,0.0
ACGATACATAGAACTA-1,0.33256003,-1.0084032,-0.6192436
ACGATCATACATAGAG-1,1.4324257,-0.357276,-0.5226988
ACGATCATCTTGTAAA-1,-1.2640641,-0.45614845,0.113206945
ACGATGCATATGTTAT-1,1.0102613,-0.7828773,-0.8011854
ACGATGGATCCGATGC-1,0.42021877,-0.7408285,1.8707051
ACGCAAACTAATAGAT-1,-0.36761174,1.4695623,-0.33413905
ACGCAATCACTACAGC-1,-1.2726156,-0.20015351,0.08063936
ACGCATACGTTTACTA-1,-0.91659486,-0.41993058,-0.19214495
ACGCATTCGTGAGTAC-1,1.5797343,-0.2669567,-1.1295578
ACGCCAGATGATTTCT-1,0.8735273,-0.15316024,0.4581336
ACGCCGCTAGACGACC-1,0.6932281,0.39664608,0.21362573
ACGCGAAGTCAGACGA-1,0.28537542,0.44715223,0.13845497
ACGCGCTACACAGGGT-1,1.0735108,-0.5355635,-0.94603443
ACGCGGGCCAAGGACA-1,1.5340691,-0.49190098,-1.2413845
ACGCGTTTCTTAAGAG-1,0.0,0.0,0.0
ACGCTACTGAATGGGC-1,-0.84720826,-0.07416363,-0.39041397
ACGCTAGTGATACACT-1,-0.97045416,-0.67248034,0.100466155
ACGCTGTGAGGCGTAG-1,0.34090227,-0.5907387,0.14614668
ACGGAATTTAGCAAAT-1,0.53891975,0.5885924,0.7155954
ACGGACGCAGCGACAA-1,0.100182705,1.3471736,-0.5297324
ACGGACTCTCAAAGCG-1,-0.42840925,-0.6024086,-0.83179605
ACGGAGCGCAAATTAC-1,-1.1249484,-0.22867699,0.5703417
ACGGATGGTGCGGATA-1,-0.07972236,-0.93749565,-0.9465367
ACGGCACTTGCTTGGG-1,0.53313076,0.7861312,0.28213996
ACGGCCAACATGGACT-1,0.39828327,1.179313,-0.09462916
ACGGCGACGATGGGAA-1,-0.80987054,-0.5073488,-0.49085405
ACGGCTGGATGTAGAA-1,0.27987084,1.4876406,-0.6561698
ACGGGAGTGTCGGCCC-1,0.9537445,0.8736297,0.5624902
ACGGGTCATGTGACTT-1,0.2068758,0.2259437,0.27469653
ACGGTCACCGAGAACA-1,-0.39676902,1.4094231,-0.30359
ACGTACAGATTTCTCT-1,0.08379414,0.020925272,2.0940356
ACGTACTTTGGCACGG-1,-0.035246443,1.3380297,-0.496941
ACGTAGATTGCTGATG-1,1.083217,-0.3904878,-0.8402299
ACGTAGGAGAGTCGCT-1,-1.0499429,-0.15458684,-0.28648993
ACGTATTACTCCGATC-1,-1.0532026,-0.5139223,-0.14224619
ACGTGCGCCTCGTGCA-1,1.3840951,-1.0263413,0.18447548
ACGTTAATGTCGAAGA-1,0.38753355,0.3538851,0.25139734
ACGTTAGATTTGCCCG-1,1.0352257,-0.4307561,-0.7228711
ACGTTATTGGTCACTC-1,0.08545516,0.11583695,0.12217521
ACGTTCCGCGCTCCGT-1,0.6682567,0.7645834,0.808657
ACGTTCGCAATCAATT-1,-1.3823795,-0.12452973,0.012699229
ACGTTCGTTCAGGAAA-1,0.078986265,1.5226878,-0.43888196
ACGTTCTGTACAAGTC-1,-1.2549065,-0.15434024,-0.33283436
ACGTTTAGTTGTGATC-1,0.3728452,-0.62070525,0.39944658
ACTAATACGTCAGGCG-1,-0.2957243,-0.057362806,1.6162405
ACTACAAAGAGAGGTG-1,-0.636147,1.6123881,-0.29361665
ACTACATCCCGACAAG-1,0.11128535,1.4314556,-0.59108305
ACTACCAGCTCTCTGG-1,1.2118121,-1.0576406,0.18219768
ACTACGCGTTAGAATT-1,0.19977008,1.2077453,0.13516004
ACTAGTTGCGATCGTC-1,-1.163747,-0.23007715,-0.24044076
ACTATATGCTGTGTTC-1,-0.63904315,-0.14457671,1.4938682
ACTATCCAGGGCATGG-1,-1.2824465,-0.23425208,-0.23149833
ACTATCGCCGGCTAAA-1,0.3587813,0.39185044,0.4764017
ACTATCTGCCCGCGTA-1,-1.3030171,-0.08934614,-0.3781991
ACTATGTCCAGCTGCC-1,-0.13097972,1.4275681,-0.48101664
ACTATTCGTCCGTGGT-1,1.3007877,-0.17418545,1.3401262
ACTATTTCCGGGCCCA-1,0.17908408,1.532778,-0.56076103
ACTCAAGTGCAAGGCT-1,-1.0361407,-0.40571705,-0.7974593
ACTCAATAAAGGCACG-1,1.0565493,-0.25849915,-1.0127366
ACTCATGGCAGCCTTC-1,-0.07663868,1.3708159,-0.46710598
ACTCCAATATCATCAT-1,-0.01603593,1.3142328,-0.50811994
ACTCCCATTCCTAAAG-1,0.42203707,-0.40950534,-0.5929921
ACTCCCGAATTCGTTT-1,-1.1230513,-0.3369119,-0.05349004
ACTCCCTAATGCTAAA-1,0.007913625,0.082425684,-0.7889364
ACTCCCTAGAATAGTA-1,0.25505194,-0.02551912,-0.15055281
ACTCCGGCCGACCACT-1,-0.7015159,-0.50662816,0.22204714
ACTCGATGTATTTCAT-1,0.0,0.0,0.0
ACTCGCCGTTCGATAA-1,-1.2894629,0.08592638,-0.19709782
ACTCGTAACCCGTCCT-1,0.15427871,0.17064801,0.14855893
ACTCGTCAGTAATCCC-1,-0.0037431363,-1.2496662,-1.0583501
ACTCTAAACCTGGGAT-1,0.0,0.0,0.0
ACTCTCTGACTTAGGT-1,0.63772446,-0.8676767,-0.59832853
ACTCTCTTATACACGA-1,-0.9679192,-0.6526714,0.59893924
ACTCTGACCTAATAGA-1,-0.6885546,-0.33776122,0.22258791
ACTCTTGTATAGTAAC-1,0.6630693,-0.13658863,-0.4526396
ACTGAAACGCCGTTAG-1,-0.9728117,-0.4578174,-0.19893408
ACTGAATGGCGAAAGT-1,-0.505326,-0.9912281,-0.57379764
ACTGATTTAGTGATTC-1,-0.79501605,-0.13096611,1.1111209
ACTGCCCGCCATTCTC-1,0.2520009,1.461211,-0.66478103
ACTGCCGTCGTAACTC-1,1.2559456,-0.50351924,0.97762954
ACTGTACGATACACAT-1,1.4869187,0.52234966,-0.41818392
ACTGTAGCACTTTGGA-1,0.98058486,-0.57791656,0.31687108
ACTGTCCAGGATTATA-1,1.3066562,-0.6421235,-0.8597084
ACTGTCTTCTTTAGAA-1,1.1340821,-0.039549217,-0.5439038
ACTTACCGGGCGCGCA-1,-0.9862303,-0.5048534,0.75633556
ACTTACGCATCCACGC-1,0.03745884,-1.1200386,-1.4793187
ACTTAGTACGACAAGA-1,0.3796628,0.41465655,0.50412875
ACTTATACTTACCCGG-1,-1.1296468,-0.29953966,-0.39167494
ACTTATTAGGATCGGT-1,0.46339723,0.24254449,0.18750463
ACTTATTTATGTGCCA-1,-1.1233664,-0.42357853,-1.2191358
ACTTCAGGCTGATCCC-1,-0.5710887,-0.8401007,-1.01993
ACTTCCATGCGGGACA-1,-0.99541616,-0.3590013,-1.0909377
ACTTCGCCATACGCAC-1,0.9035888,-0.250473,-0.7162382
ACTTGACTCCCTCTTT-1,1.1960918,0.83340377,0.33987087
ACTTGGGACCCGGTGG-1,1.2003095,-0.15448602,-1.022237
ACTTGTGGATGGAACG-1,-1.271444,-0.17040542,-0.27644908
ACTTTACCCTCATGAA-1,-1.1812994,-0.38621363,-0.028075164
ACTTTATACACCACTT-1,0.28980938,1.330281,-0.2723515
ACTTTCCTATAGCTTC-1,1.2934489,-0.43339035,-0.9029362
ACTTTGGTCGTGCTCC-1,0.19341761,1.2950833,-0.58521616
ACTTTGTCGACGCACT-1,-0.8928571,0.3431623,1.499215
AGAAATTATGACTCGC-1,-1.0672456,-0.035841856,-0.3451187
AGAACACGGCGATGGT-1,0.18399048,1.2188286,-0.4426869
AGAACGTGGTACATTC-1,0.88106745,0.013339363,-0.2299414
AGAAGAGCGCCGTTCC-1,-0.2556208,-0.73182714,-1.0341297
AGAAGGTACACTTCAC-1,0.0,0.0,0.0
AGAAGGTTGCCGAATT-1,0.23089923,0.18312097,0.017625367
AGAAGGTTGTAGGTCG-1,-1.0814805,-0.26222607,-0.6874392
AGAAGTGATTCGTGAT-1,0.56639993,0.44598967,0.16940722
AGAATAAATCTTCAGG-1,0.63116515,-0.77175057,0.3117116
AGAATTATGGATTCGA-1,-0.97920835,-0.6571671,-0.07036935
AGAATTGTTTGACATA-1,0.6398344,0.78109807,1.242912
AGACAGCTCAGAATCC-1,0.0,0.0,0.0
AGACCATGGGATACAA-1,0.09453236,-0.53342986,1.4699799
AGACCCACCGCTGATC-1,0.01724148,0.0022413142,0.0022500814
AGACCCGCCCTCCTCG-1,1.7096916,-0.18521881,-0.6043543
AGACCGCTCCGCGGTT-1,-1.339457,-0.12986769,-0.36547086
AGACCGGGAAACCCTG-1,0.5242592,-0.22241063,-0.6594879
AGACGAAGTGCCGGTC-1,-1.0911996,-0.5283793,-0.021008166
AGACGACGATGCCGCT-1,0.45191193,1.4264817,-0.33059835
AGACGCCCACTTCGCC-1,-0.88167775,0.40254927,0.549693
AGACTAGCCTTCCAGA-1,1.1211331,-0.13851775,-0.48349014
AGACTGTTACCGGGTC-1,-0.31198716,1.4822131,-0.38237962
AGAGAAACACCAGAAA-1,-0.029035255,1.3964864,-0.49550843
AGAGAACCGTCTAGGA-1,0.19353421,-1.2447096,-0.111531734
AGAGAAGGAGTACAAT-1,0.105457634,1.3713647,-0.5535712
AGAGATCTCTAAAGCG-1,0.28363276,-0.2854775,-0.57598954
AGAGCAGTTATGAGAC-1,0.42693612,-0.45364937,0.9690441
AGAGCCGCCGAGATTT-1,-1.3809482,-0.12990408,-0.2772697
AGAGCGGGCTAATCAT-1,1.0397408,-1.048456,0.34725466
AGAGCGTACAAGCTCG-1,0.54042196,-0.20586564,1.442891
AGAGGCTTCGGAAACC-1,-1.1166625,-0.3540079,-0.15250348
AGAGTAAACTTCACTA-1,-1.1462733,-0.3161895,0.02306852
AGAGTTAGAGACCGAT-1,-0.34999135,0.056482207,1.9276652
AGATAACTTCAGGGCC-1,0.08383008,-0.564644,-0.12405324
AGATACCAATAGAACC-1,-1.1857028,-0.035289444,-0.21035936
AGATACCGGTGTTCAC-1,0.916689,0.08200093,0.016911963
AGATACGACTTCATAT-1,0.5650641,0.71081376,0.8048571
AGATACTCAAGATCGA-1,-0.7285089,-0.87425596,-0.35857332
AGATATAATACGACTA-1,-1.0444028,-0.25147724,-1.1166124
AGATCGTGCATAAGAT-1,-1.1335236,-0.51501346,-0.012502512
AGATCTCAGGTGTGAT-1,1.0190066,-0.08075153,-0.55540717
AGATCTGGAGAGGATA-1,0.17780527,1.2378459,-0.39591086
AGATGACTCGCCCACG-1,1.7825983,-0.71924484,0.3147471
AGATGAGGGTTGCGAT-1,-1.1932778,-0.4036476,0.51281613
AGATGATGGAGTCTGG-1,-1.2591791,-0.377092,0.005543997
AGATGCAAGACGTGCA-1,0.09202417,1.2301245,-0.53940827
AGATGCTATAACGAGC-1,0.0,0.0,0.0
AGATTATAGGACGTTT-1,1.2993119,-0.29361266,-0.6098981
AGATTCACAACCGATA-1,0.117478535,0.29462117,0.002095757
AGCAAAGGCCGCTAGT-1,-0.39193147,-0.49655038,-0.62139523
AGCAACATATCTTATT-1,-1.1231863,-0.3910919,-0.6750986
AGCAACCGAAAGTAAT-1,0.23872742,1.3763847,-0.47090906
AGCACACGTTTAGACT-1,0.14000617,1.3425695,-0.5696071
AGCACCAGTACTCACG-1,2.3260326,-0.049789403,-1.4317635
AGCACTACCGGCCTGT-1,0.4335207,-1.1943252,0.647658
AGCACTACCTCACCAG-1,-0.12120116,-1.0679564,-1.020505
AGCACTTAAGGACGCC-1,0.51232475,-0.76634043,0.15321507
AGCAGAAGGAGAAAGA-1,0.07298643,0.15718126,-0.80265427
AGCAGCCAGATGAATA-1,0.1550392,0.7287016,-0.07072452
AGCATATCAATATGCT-1,-1.062083,-0.39764133,-0.23038441
AGCATCATTTCGAAAG-1,0.5713626,1.0276712,0.340599
AGCATCGTCGATAATT-1,1.3547096,-0.9466415,0.3685665
AGCATTACGAGGCAAG-1,-1.2210191,-0.32662845,0.39891595
AGCCAAGCTTTGTGTC-1,0.9831506,1.2919916,0.6820501
AGCCACAGGTTACCCG-1,-1.2301332,-0.46299756,-0.9963855
AGCCACTCCCGTGCTT-1,0.26793358,-0.988438,-1.0558878
AGCCATATAGTATGTG-1,-0.8726269,0.09150645,-0.45911703
AGCCCATACATGTAAG-1,0.91392803,-0.55372494,-0.7259996
AGCCCGCAACAAGCAG-1,-0.36444268,1.7012458,-0.21929844
AGCCCGCACTACAATG-1,-1.062609,-0.10807813,-0.50509304
AGCCCGGCATTAGAGG-1,0.050722595,1.4052029,-0.5605834
AGCCCGGTAGCCTGTA-1,0.07692924,1.4277799,-0.45805094
AGCCCTAAGCGAAGTT-1,0.72416025,-0.9393673,0.37808466
AGCCCTCCCTGGTGGC-1,0.28075543,1.4572152,-0.67141014
AGCCCTTCTAATCCGA-1,-1.2390286,-0.3266222,0.13486929
AGCCCTTGGACATCCC-1,-1.4194317,0.021070056,-0.13572037
AGCCGTGGCTAAATGT-1,0.054094497,0.08047231,0.020840073
AGCCTAATACCCACGT-1,0.08013232,0.026756529,-0.022356233
AGCCTTAAAGCGGAAG-1,0.79199636,1.1389331,1.5412699
AGCGACAGGAACGGTC-1,0.5191891,1.1646876,-0.08363659
AGCGACATCCCATTCA-1,1.4926041,-0.39464507,0.06799102
AGCGACCAACGATATT-1,1.5987027,-0.43172958,-0.81018907
AGCGACTTTGAAGACA-1,0.34945607,0.6358555,0.14039187
AGCGAGACGTGAAGGC-1,0.13391508,1.4423183,-0.4872367
AGCGATGCGCCTAATA-1,-1.4149079,0.02434777,-0.25326684
AGCGCATAATGAATCG-1,-0.2092768,0.9559886,-0.33446226
AGCGCGGGTGCCAATG-1,-0.2625873,-0.80327064,0.4614479
AGCGCTTATGGGCAAG-1,-0.54968536,-0.3212524,1.1184769
AGCGGACACTTCGTAG-1,0.7674754,1.0001049,0.34007156
AGCGGCGGTTAGCGGT-1,0.13544835,0.045226794,-0.037788935
AGCGGGAAGGGTCCAT-1,0.3850202,0.39276528,0.5679806
AGCGGGTCTGACACTC-1,0.39058584,0.52341354,-0.34682706
AGCGGTTGCCGCTCTG-1,-0.58969754,-0.12245192,0.8557642
AGCGTGGTATTCTACT-1,0.6511752,-0.15232845,-0.31683615
AGCGTTCCGATTTAAA-1,-0.19800724,-0.054128088,2.021463
AGCTAACAAGCAATGT-1,-0.06422515,1.2306323,-0.44506294
AGCTAAGTACGCAGGC-1,-1.3708303,-0.18205795,-0.53571415
AGCTAGAAGCAGAAGT-1,-1.1641579,-0.51241225,0.1421156
AGCTATTTAATCCAAC-1,1.0646948,-0.3180604,0.6293465
AGCTCCATATATGTTC-1,-1.2516643,-0.14646007,-0.328532
AGCTCCTTCGCACATC-1,-0.6248947,-0.70265377,-0.9790836
AGCTCTAGACGTTCCA-1,0.42202258,-0.78297967,-0.7699845
AGCTCTTCCCAGTGCA-1,0.32125667,-1.0441259,-0.6066497
AGCTCTTCGTAACCTT-1,-1.1706237,-0.14958894,-0.2866487
AGCTCTTTACTCAGTT-1,0.6118044,0.6419672,0.29625565
AGCTGAAGTAAACCAA-1,0.0040350496,-1.2217592,0.22427185
AGCTGTAACCTCAATC-1,0.6874339,1.6921103,-0.25303307
AGCTTCTTCTCGAGCA-1,-1.004012,-0.2736891,0.16504942
AGCTTGATCAGGGTAG-1,-0.1939986,1.1619613,-0.21689473
AGCTTGATCTTAACTT-1,1.3098257,-0.57154125,-1.3435669
AGGAAAGCCTCTGATG-1,0.0,0.0,0.0
AGGAAGCTGTCCGCCG-1,0.48863468,0.5587649,-0.00078287185
AGGACAGTCGAATCCC-1,-0.91627455,-0.4792052,-0.15290879
AGGACATCGCACGTCG-1,0.4827929,0.68895835,1.4729562
AGGACATCGGCACACT-1,-0.7801754,0.28042847,-0.292817
AGGACGACCCATTAGA-1,0.09511659,0.17157531,0.05123346
AGGACGCTCGATGTTG-1,-0.78283614,-0.70553714,0.28947255
AGGACTTATAGGAGAA-1,0.22634023,0.24720216,0.30054203
AGGAGGCCTTCGCGCG-1,-0.9214394,-0.3146225,-0.15605159
AGGATAAAGTCGGGAT-1,0.7652282,0.82442516,0.4231796
AGGATATAGGGATTTA-1,-1.1640413,-0.4546742,0.0037690871
AGGATCACGCGATCTG-1,0.4027762,-0.3138294,-0.4361386
AGGCACGTGACTGTCC-1,-1.3115393,0.012152083,-0.27003804
AGGCAGATGCGTAAAC-1,0.3618097,-1.0810463,-0.7206072
AGGCAGGGAGCGTACT-1,0.0029708769,1.4883307,-0.5402633
AGGCATTGTCGTAGGG-1,-1.0023583,-0.53774005,-0.040951185
AGGCCACCCGTTATGA-1,0.6071896,-0.71899116,-0.3094896
AGGCCCAGTGACTGGT-1,0.0,0.0,0.0
AGGCCCATTGTACAGG-1,0.23142175,-0.54069746,1.1547871
AGGCCCTAGAACGCCA-1,0.6901045,0.7559821,0.4831605
AGGCCTATCATACCAA-1,-0.47126618,1.5708274,-0.34450588
AGGCCTGAGAATCTCG-1,-1.064775,-0.4759128,-1.1118535
AGGCGATAACTGGCGT-1,-0.989482,0.41756165,1.4384257
AGGCGGTTTGTCCCGC-1,0.082853645,1.4485693,-0.59605426
AGGCTATGGTTAGCTT-1,0.7517872,-0.8279261,0.93633765
AGGCTTCCCGAAGAAG-1,0.32296976,1.2113192,-0.38627383
AGGCTTGCTAGACACC-1,0.081269234,0.14413942,1.1909463
AGGGAAACGAGGTACT-1,-0.6327604,-0.71139395,1.1843846
AGGGACCGGCTGCGTT-1,-1.3088355,-0.22273801,-0.1400636
AGGGACTCTACGCGAC-1,0.16465668,1.125329,-0.45404398
AGGGAGACATACTTCG-1,-1.3099575,-0.045137987,-0.0427331
AGGGCAGCGGCGTGGT-1,-0.09461714,-0.9593217,1.3663539
AGGGCGAGCAGCTGAT-1,0.9291416,0.14990352,-0.04917087
AGGGCGTGATCGGCTA-1,0.22519708,-0.19978905,1.4035155
AGGGCTGCAGTTACAG-1,0.95348024,0.18705188,-0.39212057
AGGGTCAGAGCACTCG-1,-0.18338914,1.2458197,-0.3859855
AGGGTCGATGCGAACT-1,-1.2181675,-0.3484987,-0.24075572
AGGGTGCCGTTCTTTA-1,0.1387106,1.4615245,-0.63399655
AGGGTGCTCTCGAGGG-1,-1.0922424,-0.37090936,-0.4196831
AGGGTTCAGACGGTCC-1,-0.47423232,1.5805109,-0.30700842
AGGGTTCCCTTTGGTT-1,0.039477065,-1.2303854,-1.1307251
AGGGTTTAGTTCGGGA-1,1.5230932,-0.32940555,-0.9931603
AGGTAACCTCCTATTC-1,0.4703067,0.28932917,1.0170587
AGGTACGATATTGCCA-1,0.5155234,-0.33660775,1.6647221
AGGTAGATCGAGATAT-1,0.05077784,1.1654956,-0.4731713
AGGTAGGTACAAAGCT-1,-0.043038946,-0.9415687,-0.84837294
AGGTATAATTGATAGT-1,-1.1790923,-0.24095829,-0.11104116
AGGTCAGGTGAGAGTG-1,0.35908002,-0.2632946,-0.5388906
AGGTCGCGGAGTTACT-1,-0.96319264,-0.6186437,0.029980922
AGGTGGTGACCTTCGC-1,0.6496095,1.2533507,0.40546826
AGGTGTATCGCCATGA-1,0.39176404,-0.9255417,0.59886307
AGGTTACACCATGCCG-1,-0.9486707,-0.33025208,-0.07594685
AGGTTGAGGCACGCTT-1,1.1444709,-0.5486568,-0.7818237
AGGTTTCACACACCTT-1,0.1532659,0.15644246,0.09197256
AGTAACGTTCATCCTG-1,-0.9350031,-0.49401695,0.61112046
AGTAATGTCTTGCCGC-1,1.4735588,-0.4695433,0.054139312
AGTAATTTGCAAGCGT-1,-0.13991244,1.1345711,-0.35158098
AGTACAGAAGCTTATA-1,-0.90921605,-0.13567464,-0.6867085
AGTACATCATTTATCA-1,-1.0448167,-0.2745988,0.14520459
AGTACGGCCCGTATCG-1,0.610241,-0.82620776,0.62500465
AGTACGGGCACCTGGC-1,0.6221046,-0.76183945,-1.189267
AGTACGTGGCCTGTCT-1,-1.0598772,-0.49036673,0.5031238
AGTACTCTTATGCCCA-1,-1.0928882,-0.46731576,-0.8938888
AGTAGAAGGCGCCTCA-1,-0.8339702,-0.071639396,-0.25304866
AGTAGGAAGGAAGTTG-1,-0.9264541,-0.897202,0.70425904
AGTAGGTAACATACAT-1,0.4809477,0.39218798,1.5739167
AGTATAATACTAGGCA-1,0.5594155,-0.74063253,0.86467725
AGTATACACAGCGACA-1,-0.31442523,1.4899297,-0.3645361
AGTATGCTGGAGACCA-1,0.09614601,1.3592331,-0.5728708
AGTATTTGGCACGACC-1,0.038644105,1.4251473,-0.48351243
AGTCAAATGATGTGAT-1,-0.010405544,1.5054659,-0.5460125
AGTCAACACCACCATC-1,0.94875175,1.0667733,0.4014871
AGTCAAGATGACACTT-1,-1.0316495,-0.31451067,-0.63539183
AGTCACTAGCTCTCGA-1,-1.0369079,-0.30069768,-0.3202756
AGTCAGCCACCGCCTG-1,0.5007596,0.59475476,0.69996786
AGTCCATTGGCTGATG-1,-1.0218558,-0.5184965,0.05435863
AGTCCCGCCTTTAATT-1,-0.39885038,-0.92808044,0.72107667
AGTCGACGGTCTCAAG-1,-0.5081079,-0.47973043,-0.71453226
AGTCGGCCCAAACGAC-1,1.0845451,-0.65314776,0.61375153
AGTCGGCTCAACTTTA-1,0.6842027,0.49900374,0.32314694
AGTCGGTTGCGTGAGA-1,-1.2252063,-0.3100355,0.059242133
AGTCGTATAAAGCAGA-1,-1.2440039,-0.24512684,-0.5503658
AGTCGTCGACCACCAA-1,-1.2268689,-0.43457472,-0.07172125
AGTCGTGGGCATTACG-1,0.29377815,0.6500974,-0.08704869
AGTCTAAAGTATACTC-1,-1.1331483,0.0067706266,-0.08591359
AGTCTCACAAGACTAC-1,0.6357438,1.6499466,-0.25380307
AGTCTGGACATCCTTG-1,0.4787135,0.56028664,0.81041867
AGTCTTCTCCTCAAAT-1,1.4792912,0.09109163,-1.0153102
AGTCTTTAAAGTGTCC-1,-1.0409274,-0.5436243,-1.1016958
AGTGAACAAACTTCTC-1,-0.97904927,-0.38982603,-0.10971133
AGTGACCTACTTTACG-1,0.37161478,0.58033526,0.111579984
AGTGACTGTGACACAA-1,0.18464774,1.4371109,-0.60135263
AGTGAGACTTCCAGTA-1,-0.81098324,-0.7442697,-0.7125652
AGTGAGCCTCGCCGCC-1,-0.97193986,-0.4982444,0.17733712
AGTGAGGGTTTCTGAC-1,-0.91140145,-0.7856033,0.8130432
AGTGAGTCGAATTAAC-1,-1.2161407,-0.09652841,-0.08197653
AGTGATAACCTGCGCG-1,-1.040436,-0.43524566,-0.23242635
AGTGATATGAGTAGTT-1,0.43161896,0.7404576,0.053714667
AGTGATTCAAGCAGGA-1,-0.83499986,-0.6755408,-0.7743938
AGTGCACGCTTAAGAA-1,-0.9052301,-0.30970544,-0.28066424
AGTGCGTAGCTCGTAA-1,0.41854557,0.69001716,0.21481895
AGTGCTAAACACAGCA-1,-0.93416446,-0.6347834,-0.7240813
AGTGCTTGCACGAATA-1,-0.69280505,-0.6882719,-0.25973865
AGTGGCGGCAATTTGA-1,-0.7768816,-0.6822393,0.47396305
AGTGGCGTCTGAAGGT-1,-1.2217395,-0.37594646,-1.1093953
AGTGGCTCCGTCGGCC-1,0.07437781,-0.26742315,0.053695455
AGTGTATTGCGCATTG-1,-0.71747756,-0.9249817,0.7377427
AGTGTGCTAAGATCGC-1,0.43367586,0.4736481,0.5758491
AGTGTGGTCTATTGTG-1,0.6462429,0.5342424,0.9582055
AGTTAAACACTTGCGA-1,0.73215175,0.33494437,0.012832839
AGTTAAGCGGTCCCGG-1,0.88416535,-1.13301,0.14429496
AGTTAAGTCAACCGCT-1,0.27523187,0.5523414,0.01428075
AGTTACCCTTAAGACT-1,0.0,0.0,0.0
AGTTACTCTATCGTGG-1,0.08514667,-1.1541067,0.6586766
AGTTCACCGGTTGGAC-1,0.0,0.0,0.0
AGTTCCTACAGAATTA-1,0.6569799,-0.5461499,-0.8040424
AGTTCCTATTTATGTT-1,0.07973972,0.0653138,0.036783952
AGTTGACGGTCCTTGC-1,0.38539085,0.5193335,0.018673675
AGTTGCGGTCCTCAAC-1,-0.31440726,1.2547607,-0.28562078
AGTTGGCAAGGCTAGA-1,-1.0956725,-0.29564163,0.5568359
AGTTTCGCAGGTCGGA-1,0.74316335,0.46012306,1.1163473
AGTTTGCACCTGCCTC-1,-0.36934164,-0.43046185,-0.97626275
AGTTTGGCACGGGTTG-1,-0.9571347,-0.5515501,-0.16963264
AGTTTGGCCAGACCTA-1,0.32400507,0.25231975,0.06188918
ATAAACGGACCCGTAA-1,0.043640193,0.048121396,0.005239848
ATAAACGTTGCACCAC-1,-0.96476793,-0.16322899,-0.2618046
ATAAAGGCTCGGTCGT-1,0.5326363,-0.7836753,-0.5639959
ATAAAGGTCAAGTACG-1,-0.8573276,-0.37916857,0.6995511
ATAAATATTAGCAGCT-1,-0.2304458,-0.6884569,-0.4691031
ATAACGCCGGAGGGTC-1,-0.3125393,-1.068718,-1.4209554
ATAACGGAGTCCAACG-1,1.1583936,-0.9109003,-1.0874374
ATAAGGTGGAGAACAT-1,-0.056357164,-0.19387016,-0.56414205
ATAAGTAGGATTCAGA-1,-1.0235325,-0.5425126,-0.060807757
ATAAGTAGGGCGACTC-1,-1.4086032,-0.26333034,-0.17631504
ATAAGTTACCGCGACG-1,0.91706765,1.5446273,0.3209727
ATAATAGCTGTTGAAT-1,0.0,0.0,0.0
ATAATAGTGTAGGGAC-1,0.39068294,0.441643,1.2188054
ATAATCTTGGAGAACC-1,-0.99744153,-0.43745694,-1.169494
ATAATTAGCTAAGTAG-1,0.2201696,0.3582096,-0.103306554
ATACAGGCCCTCCAAT-1,-0.20116527,0.2122624,-0.59526026
ATACCACGGGCAACTT-1,-0.05937553,-0.87760556,-0.6690228
ATACCAGGCTAATAGA-1,0.64588666,0.7709396,0.81249696
ATACCCTGGCTCAAAT-1,0.0,0.0,0.0
ATACCTAACCAAGAAA-1,-0.04362667,0.08186439,0.006511871
ATACGCCGGCGAAACC-1,0.5079035,-0.9420138,-0.89159226
ATACGGAACGTCGTTT-1,0.28868103,1.120511,-0.32194322
ATACGGGTTTCGATTG-1,0.26959595,-1.0078825,-0.69541425
ATACGGTGAAGATGCA-1,0.42488065,-0.5165268,0.93019706
ATACGTACTTAGCCAC-1,0.25982493,-0.8359156,-0.69187814
ATACGTCCACTCCTGT-1,-1.2531302,-0.33870015,-0.4057636
ATACGTTATGCACGGA-1,0.23115438,0.43911746,0.043007627
ATACTACCCGTACCAC-1,-1.149725,-0.24013668,-0.24881361
ATACTAGCATGACCCT-1,1.4904984,-0.8685478,0.1463732
ATACTGCCTTACACCG-1,-0.74317646,-0.5535534,-0.5949138
ATAGACAACGGGACCT-1,-0.3572663,-0.94896924,-0.26844996
ATAGACGAAGAGAAAG-1,0.73176587,-0.8724412,-0.09256924
ATAGAGTACTGGGACA-1,1.5186254,-1.0191725,-1.205407
ATAGAGTTATCAACTT-1,-0.39364797,-0.94017136,0.09444434
ATAGCAACTAGGGAAG-1,-1.2017028,-0.33947685,-0.064038195
ATAGCCATAACAGTCA-1,-1.1359293,-0.040312823,-0.47149062
ATAGCCTCAGTACCCA-1,0.09174018,0.11072185,0.12588705
ATAGCTGCTCTTGTTA-1,0.182166,0.19895639,0.24188603
ATAGGCGGCTATAGAA-1,1.4632709,-0.054181248,-0.57820094
ATAGGCTAGCTTCGCA-1,-1.0334128,-0.63920635,0.48419377
ATAGGGATATCCTTGA-1,1.3413533,-0.9282549,-0.52611583
ATAGGTTGGGCAGATG-1,1.5376526,0.071513906,-0.95745814
ATAGTCTTTGACGTGC-1,-0.25953668,-0.03808672,2.4127872
ATAGTGAAGCGTTCTC-1,0.0,0.0,0.0
ATAGTTCCACCCACTC-1,-1.1104724,-0.3725089,-0.13949946
ATATAAAGCGCTCGTG-1,-0.4236695,-0.08673514,-0.62470704
ATATAAATGTAGCTGC-1,0.08165451,-0.31949416,-0.8000808
ATATAACACGGGCGCA-1,-1.195238,-0.18330778,-0.31679666
ATATACGCTCGTGACG-1,-1.0661207,-0.061455436,-0.2794519
ATATAGAGTATTGGTC-1,0.21809474,1.3753995,-0.5776597
ATATCAACCTACAGAG-1,-1.239932,-0.21461692,-0.2557096
ATATCGGTAGGGAGAT-1,-1.4210132,-0.19700855,-0.30490512
ATATCGTTCCTCGAAC-1,-0.9409688,-0.57185835,0.07776639
ATATCTCCCTCGTTAA-1,0.16951938,-1.2877783,-0.41574854
ATATCTTAGGGCCTTC-1,1.5918223,-0.25662974,-0.9951777
ATATGGGATAGCAACT-1,-0.200603,1.4332091,-0.26452085
ATATGTCTAGAGCGTG-1,0.02249754,0.17239939,-0.07237963
ATATGTCTCCCTAGCC-1,-1.1533207,-0.3626012,-0.047409236
ATATTATCCCGTATTT-1,0.0,0.0,0.0
ATATTCAGTTAAACCT-1,0.8512876,0.84375405,0.253189
ATATTCCACATAGTGA-1,0.008592054,-0.6095674,-0.7618116
ATATTCCCACAGGTCA-1,1.141315,1.4704199,1.5067555
ATATTGCTGTCAAAGT-1,0.38296497,0.11229771,1.3271899
ATATTGGAGAGGCCTT-1,-0.87647307,0.31790173,0.737206
ATATTTAACCCTCAAG-1,1.3531967,-0.76068896,-1.2318183
ATCAAACACTGTTCCA-1,-1.2235663,-0.3331057,0.06800122
ATCAAACGAAGGTTTG-1,0.21855967,0.39344892,-0.046892554
ATCAAGATCCCAGGAC-1,0.11664138,0.7877486,0.09934875
ATCAATCTGGGCTGCA-1,1.1417909,-0.32516307,-0.7870369
ATCAATGCCGTGGCTG-1,0.01783407,1.4487064,-0.5584743
ATCACATTAGAATATC-1,0.5401983,-1.1800588,-0.050725553
ATCACGTGCTAATTAA-1,0.27411544,0.20489164,0.12004779
ATCACTTCATCCTCGC-1,0.7878019,-0.8402207,-0.59506917
ATCAGACGGCACGCCG-1,0.49827057,0.63806164,0.19547153
ATCAGCCTCATGCTGC-1,-0.9972058,-0.61212903,-0.6274728
ATCAGCTCGTCCACTA-1,0.19612664,-0.101989694,-0.14764069
ATCAGGTCGCCATTGC-1,-0.990296,-0.42873886,0.8164009
ATCAGTAGGCAGGGAT-1,-0.06910604,-1.1787277,-0.50638825
ATCATAGATCGACGAG-1,0.43031064,1.5011544,0.054086443
ATCATAGCCCTATGTA-1,-1.2904844,-0.14140452,-0.32036215
ATCATCCAATATTTGT-1,0.32938096,0.3589763,0.092940286
ATCCAACGCAGTCATA-1,1.1423854,-0.6296309,0.5037812
ATCCAATGGAGGGTCC-1,0.6505467,-0.3532006,-0.44575524
ATCCACATCGACAGAA-1,-0.35243478,-0.42544633,-0.22901055
ATCCACGCTAAATGTT-1,-0.857332,-0.3051416,0.648808
ATCCAGAGCAACAACC-1,0.27367792,0.934887,-0.25973007
ATCCAGGATTCGTGAA-1,0.6966148,0.7990165,0.3133966
ATCCCATCCACAGCGC-1,0.20962015,1.3970344,-0.6109888
ATCCCATTTCCGTGGG-1,-0.12896274,0.98826164,-0.16555697
ATCCTACCTAAGCTCT-1,0.08092419,0.15139958,-0.042562284
ATCCTGAATCGCTGCG-1,-0.05395103,-0.89548534,-0.56791615
ATCCTGCGTGGAATGG-1,0.44095472,0.88348055,0.016525313
ATCGACCCAATACAGA-1,0.0,0.0,0.0
ATCGACTCTTTCCGTT-1,0.6479325,-0.37882733,-0.0978152
ATCGCACGCCGGGAGA-1,1.3174573,-0.44940782,-0.8297658
ATCGCCAGTCAACATT-1,-1.1806409,-0.21749781,-0.20524254
ATCGCTGCGTGCAGCA-1,-1.0861541,-0.20065923,0.6873809
ATCGGAGACAGACGGC-1,0.6037189,-0.87054163,-0.92063785
ATCGGCAAGCAGTCCA-1,-1.083977,-0.5625222,0.013559094
ATCGTATTCCGAGAAC-1,0.0,0.0,0.0
ATCGTCCAATCGAGTC-1,0.0,0.0,0.0
ATCGTGGAAAGTCTGG-1,-0.061716557,1.3147352,-0.48078245
ATCGTTAGCTAGCGGA-1,-0.9831094,-0.3963555,0.038633443
ATCGTTCACTTTCGCC-1,-0.9268601,-0.5034682,0.83264637
ATCTAACGTCCCTATG-1,0.0,0.0,0.0
ATCTAATATCCTACGG-1,-0.008189064,0.061743792,-0.031179583
ATCTACCATCTGCTCC-1,-0.7104699,-0.33727384,0.06863452
ATCTAGCTTGTGAGGG-1,-0.090677544,0.31592804,-0.27460834
ATCTCCCACGGAATAT-1,-1.2101959,-0.1307683,-0.34471503
ATCTCCCTGCAATCTA-1,1.236401,-0.018097114,1.0355523
ATCTCGTGAGCGAAAC-1,-1.4198543,-0.017233498,-0.19324294
ATCTGACATGGAAGGA-1,-0.13303201,1.4063392,-0.47824052
ATCTGCACCTCTGCGA-1,-0.9890673,-0.55276567,0.08416224
ATCTGCTGTTATCGCC-1,-0.024640646,1.1314561,0.12363391
ATCTGGGCTGTTCTTG-1,-0.71342427,-0.16167015,-0.09580742
ATCTGGTTAAGACTGT-1,1.1082686,-0.6610599,-1.1360306
ATCTGTAATTGTACCC-1,0.98859775,-0.49130347,0.36330363
ATCTTAGGGCATTAAT-1,-0.24395637,1.3910453,-0.39254236
ATCTTATCGCACACCC-1,-1.3409493,-0.18867,-0.25618708
ATCTTGACCTGCAACG-1,1.4777491,-1.0783991,-0.22413366
ATCTTGACTTGTCCAA-1,-1.194206,-0.30588874,0.05918762
ATGAAGCCAAGGAGCC-1,0.878617,-0.86892855,0.48095497
ATGACGCCGGCTCTAA-1,1.4087343,-0.45035404,0.22447608
ATGACGCGTTCTATCC-1,0.30335423,0.92349875,-0.2445348
ATGACTATCAGCTGTG-1,-0.21640241,1.4887589,-0.45684978
ATGACTATGCGACATT-1,-0.90891445,-0.4106004,-0.65315914
ATGAGGAGTGTTAATC-1,1.1576993,-0.62998074,0.2138853
ATGATCGGGAATAGAC-1,0.32090408,-0.6586059,1.1146963
ATGATGCAATGGTACA-1,0.23819499,0.41228208,-0.012276787
ATGCACCTTCCTTAAT-1,0.0,0.0,0.0
ATGCACGCGCTGTTCA-1,0.24803776,1.5023217,-0.5969154
ATGCACTACCGCATTG-1,1.1985445,-0.72656584,-0.30405492
ATGCATGATCCAGGAT-1,2.180347,0.1931539,-1.1086911
ATGCCAATCGCTCTGC-1,-0.88683015,-0.34688854,1.4483198
ATGCCATTTGCGACCA-1,-1.0246869,-0.37641862,-0.5389269
ATGCCGGTCTTGCATA-1,1.7461005,0.2842115,-0.34270456
ATGCCGGTTGATGGGA-1,0.4748468,-1.2226554,0.0987106
ATGCGACAGTCCCATT-1,0.66065073,-0.5123859,-0.6905486
ATGCGAGTCCCACCAC-1,-0.9600646,-0.4405684,-0.05768962
ATGCTCAGTGTTGCAT-1,0.18873996,-0.3455554,1.2480828
ATGCTCTGGCGCGGTA-1,-0.32770595,-0.8453745,-1.2354261
ATGCTTAGGAGTTGAT-1,-1.234936,-0.09716245,-0.3102314
ATGGAGCAGGCCGTGA-1,1.3042299,0.3510624,-0.45082822
ATGGATCCGGCGTCCG-1,1.5215989,-0.8507072,-0.33044696
ATGGATTGACCAAACG-1,1.766731,-0.75854117,-0.98938406
ATGGCAGCATTACGAT-1,0.037409194,1.3375186,-0.53219557
ATGGCCCGAAAGGTTA-1,-0.89397097,-0.08737745,-0.3922307
ATGGCTGGAAATGGCC-1,-0.81867445,-0.521444,0.85448986
ATGGGAACGGAAGCGG-1,-0.86551654,-0.47385463,1.6935035
ATGGGACCTGCTGAAC-1,-0.061114747,1.3993709,-0.50721884
ATGGGCCTCGGCCTCT-1,-0.8328232,-0.3844023,-1.0798633
ATGGGTGTATACCTCC-1,-0.06977354,1.3048071,-0.47012958
ATGGTATTTACTGATT-1,-0.23394576,1.2670727,-0.35299647
ATGGTCGCGTGGTTTC-1,-0.90419626,-0.50939125,-0.36057454
ATGTAAGGCTGCTCTT-1,-1.4261106,-0.20916994,0.043887142
ATGTACATGCGGTGAG-1,-1.3102522,-0.064351976,-0.20893057
ATGTACGATGACGTCG-1,0.53195775,0.6709964,0.01486164
ATGTAGCGCGCGTAGG-1,-0.99873686,-0.24410397,-1.1173809
ATGTCATTTCCCATTG-1,0.0,0.0,0.0
ATGTGAAAGCCTAATG-1,0.729887,0.38125345,0.12066536
ATGTGCATCCGACGCA-1,0.8830428,-0.77380663,-0.292914
ATGTGGACATCTTGAT-1,0.29795697,-0.21220313,-0.31393823
ATGTTACGAGCAATAC-1,0.43078136,0.51477784,0.604449
ATGTTCCTGCCCACCT-1,0.0,0.0,0.0
ATGTTCGTCGACCCAC-1,0.8631447,-0.95036244,1.0526738
ATGTTGATTAGAGACT-1,-0.74419236,-0.4678539,0.06395505
ATGTTGTAGTCTGTTT-1,-0.2978241,1.4493147,-0.36917585
ATTAAACATGCGGACC-1,0.060125817,0.07853345,0.04035604
ATTAACACCTGAGATA-1,0.0,0.0,0.0
ATTAATACTACGCGGG-1,0.7620131,-0.47800905,-0.7310277
ATTAATGAACCAGTCG-1,0.39133197,-0.94423497,-0.81896293
ATTAATTCGGTCACTC-1,0.5291365,-0.78466624,0.42449087
ATTACAACTACCGGCC-1,-0.3925341,-0.8996627,1.4192573
ATTACATGTCAGTCTT-1,-1.3551383,-0.23569375,-0.2308965
ATTACCACACTGCCTG-1,-1.5226986,-0.033513032,0.009039482
ATTACGCGCTGGCAGG-1,0.685279,-0.6287106,-0.89532775
ATTACTAGCCTCTTGC-1,0.43427637,-0.07391737,1.0041192
ATTACTTACTGGGCAT-1,-1.1885127,-0.4138883,0.111187264
ATTAGATTCCTCAGCA-1,-1.0715933,-0.6880369,0.27525192
ATTAGATTGATAGCGG-1,1.2911946,-1.1444279,0.65264726
ATTAGGCGATGCTTTC-1,0.53260463,-0.43230647,-0.8055516
ATTATACTTTGCTCGT-1,1.4158934,-0.8207336,0.2220992
ATTATCGGAATGTACG-1,-0.14510445,1.3737446,-0.3076119
ATTATCTCGACAGATC-1,0.39345714,0.5046558,1.1361325
ATTATGAGACCCAATT-1,-0.08444684,1.4261811,-0.43576038
ATTATGCCATAGGGAG-1,1.6497605,-0.94185895,0.08588072
ATTATTATGTCCGTCA-1,0.11994566,1.3501527,-0.59321487
ATTATTCAGAGTCACT-1,-1.1159987,-0.32294983,0.023226704
ATTCAAAGTACCTGTT-1,0.0,0.0,0.0
ATTCAACCATTTAAGG-1,-0.98705,-0.38285285,-0.049129207
ATTCACTGATGTTGGA-1,-0.006113264,0.106718,-0.124251395
ATTCAGGACCTATTTC-1,-1.0054271,-0.52297115,0.0863552
ATTCAGTAGCAGGGTC-1,0.6915468,-0.9581219,0.9573933
ATTCATATACTGTCCA-1,0.080805935,0.08910351,0.009702314
ATTCATCGTTGAGGCA-1,-0.97384596,-0.5957309,-0.89671105
ATTCCCACATAAACAA-1,0.5227766,-0.682755,0.8862649
ATTCCTAAGACGTGGA-1,-0.6050169,-0.31806347,1.2001371
ATTCCTCCGCCAGTGC-1,0.8538055,-0.56362695,0.70826167
ATTCGACGCCGGGCCT-1,-0.098238915,-0.8691052,-0.67349035
ATTCGCGCCTTGAGAG-1,-1.4707355,-0.05652195,-0.09001463
ATTCGTGCTATCTCTT-1,-1.1460674,-0.30512652,0.035598136
ATTCTCGTCTCTTTAG-1,0.93302804,1.0676876,1.6078506
ATTCTGAGTATGAACT-1,-1.0054713,-0.3994286,0.46310183
ATTCTTCGTACTTATG-1,-0.8046856,-0.83592933,1.0295063
ATTGAAGATCTTAGTG-1,0.6407071,-0.6078814,-0.5637185
ATTGACGTAACTCGGT-1,-0.4888749,-0.83753544,1.516523
ATTGATGAGTCCTAAC-1,-1.1198027,-0.57501936,0.16854294
ATTGCCTATTAGACCG-1,0.14068352,1.457003,-0.575576
ATTGCCTTTATGTTTG-1,-1.4385659,-0.10532405,-0.4752425
ATTGCGATCAGTAACT-1,-1.1588289,-0.42547345,-0.14398809
ATTGCTGCTCCTCCAT-1,1.0074718,-0.99927455,-0.48050985
ATTGGATTACAGCGTA-1,-1.1230015,-0.3482595,-0.093417645
ATTGGGAATATCTTGG-1,0.96719724,1.1698056,2.0239656
ATTGGTAGGATCCGCT-1,0.0,0.0,0.0
ATTGTACAACTCGGCT-1,-1.1725662,-0.40078208,0.08249053
ATTGTCGCAATACCTT-1,0.833207,-1.1987327,0.6712652
ATTGTCTGTTTCATGT-1,-0.47461987,1.4454467,-0.32820222
ATTTAACTCGTATTAC-1,0.3197161,-0.2781337,1.2567062
ATTTACAGTTTACTGG-1,0.636657,-0.92208385,-0.4069152
ATTTACTAAGTCCATT-1,-1.355807,-0.15631929,0.0052634394
ATTTCATTATTTCGCG-1,1.3514816,-0.8246999,0.681723
ATTTCCGGGTTCTGCG-1,0.5609235,1.545333,-0.217274
ATTTGCGCGAGTAGCT-1,0.5037977,1.4249762,-0.25108537
ATTTGTCTTGGGAGCT-1,0.32961833,-1.0965751,-0.84026724
ATTTGTTCCAGGGCTC-1,1.3887873,-0.9629007,0.39704207
CAAACCCTCCGGCGGG-1,-1.179319,-0.16701289,-0.77119213
CAAACGAGTATCGCAG-1,0.6010358,1.44737,-0.24099483
CAAACGGTCGCACTTT-1,0.6069846,-0.91115105,-0.47307307
CAAACGTGGTCTTGCG-1,-0.8144294,-0.32348207,1.0420656
CAAACTACGATAGAGA-1,0.18622908,-1.2350228,1.4358405
CAAACTATTGAGCTTC-1,0.30238193,-0.4495206,1.8716539
CAAACTCGCGACGCCG-1,-0.88799167,-0.38418758,0.02000802
CAAAGATTATTGGGCC-1,0.23274799,1.3075104,-0.59561354
CAAAGTCAGGTTAGCT-1,0.0,0.0,0.0
CAAATCTCTCACAAGG-1,0.8336434,0.7989509,0.539123
CAAATGTCCTTCCGTG-1,0.54169047,0.86521965,0.1976603
CAAATTGTCAGCAAGC-1,0.45836583,-0.6957896,0.53215253
CAACAGAATAACGCTA-1,-0.113787666,-0.041719098,1.3354049
CAACATGGCCTGATAA-1,0.0,0.0,0.0
CAACCAGTGGCCTACC-1,-1.364405,-0.052432682,-0.29554948
CAACCGCACCTAGACA-1,0.0,0.0,0.0
CAACCTACCGAGCAGT-1,-1.2776214,-0.3017799,-0.13178132
CAACGACCCGTTTACA-1,1.402089,-1.0208439,0.17316094
CAACGGTTCTTGATAC-1,0.65215975,-0.11231722,1.0098608
CAACGTGGTGGAGTCT-1,-1.3364248,-0.07634698,-0.3378953
CAACTATATCGAATGC-1,1.0780534,-1.0943731,0.29548284
CAACTCCAACGTTTAG-1,-0.6704423,-0.3328405,1.1007557
CAACTCCTTGATCCCG-1,0.5111327,-0.51352185,1.1708604
CAACTGCTCATCCGAT-1,-0.23007038,1.1939023,-0.3487953
CAAGAGGGCGGAGTAC-1,0.35489866,-0.29669327,-0.49946377
CAAGATATTATAACGT-1,-0.96762687,-0.5134673,-0.95584273
CAAGCAACGTCGGAGT-1,0.7430855,-0.35063386,-0.17214917
CAAGCACCAAATGCCT-1,1.0264106,-0.90389246,0.62274027
CAAGCGGCACATAATT-1,0.1385888,0.09626755,-0.5234987
CAAGGATCGCATGTTC-1,0.16312917,0.13440917,0.037193537
CAAGGCCAGTGGTGCA-1,-1.4135467,-0.18534562,-0.24066137
CAAGGGAGTGTATTTG-1,0.0,0.0,0.0
CAAGGTCCTATAGGCT-1,-1.2552613,-0.30131376,0.10253181
CAAGTAAGTGATAGAC-1,-0.48790875,1.7269444,-0.35043958
CAAGTGTGGTTGCAAA-1,-1.1411923,-0.42665485,-0.8887795
CAATAAACCTTGGCCC-1,0.7962742,-0.6423077,-0.96331686
CAATATTCTTGACCTA-1,0.4218173,1.4895903,-0.680102
CAATCCCTATACCAGC-1,-0.5690427,-0.7032993,1.4749008
CAATGCGAGAAGTATC-1,-0.53103113,-0.9224161,-1.1019586
CAATGGAATCTACATA-1,-0.8065793,-0.5386735,0.93314874
CAATGGATCTCTACCA-1,0.68604416,-1.0742946,-1.029855
CAATGTGCCAACCCTT-1,-1.3916641,-0.11042391,-0.20661935
CAATTAAGGGTGATGA-1,1.1720487,-0.14648892,-0.9145607
CAATTTCGTATAAGGG-1,1.0610039,0.34662694,-0.033166986
CAATTTGACCGGGAAG-1,0.0,0.0,0.0
CACAAACCGCAGAACT-1,-1.1220582,-0.016880196,-0.52934057
CACAAGCTAAGAAAGG-1,-0.22818066,1.4778872,-0.41651598
CACAATGAGCTGCTAT-1,0.20255831,0.19596387,0.061229017
CACACACGCTAACGAG-1,-0.9785722,-0.46589255,-0.025802083
CACACAGCTTGCGCTC-1,-1.1402525,-0.1422495,-0.09063097
CACACAGGGATAGATT-1,0.5753598,-0.254372,0.92470485
CACACGCGCTGTCTTA-1,-0.87012887,-0.7245236,-0.9868478
CACACGTTTCAATGGG-1,-1.0257801,-0.5341013,0.6172629
CACAGAGACGAGGACG-1,-0.084672995,1.4393289,-0.5065856
CACAGCACCCACGGCA-1,0.7467446,-0.04189298,-0.33898202
CACAGCTAGGGAGTGA-1,1.4802808,-0.8763246,0.36517766
CACAGGGCCATATAGT-1,-1.1748294,-0.3355063,-0.15473232
CACAGGGCCGTTGTCA-1,0.9321484,1.2056991,0.5524104
CACAGTCCCGCTTCGC-1,-1.3256683,-0.17178221,-0.27911472
CACAGTTCGCTTCCCA-1,-1.2944896,-0.050909717,-0.36598897
CACATATTAGCAGGAT-1,0.32652122,-0.34216958,-0.41001827
CACATCGTGCACGCGC-1,0.055699144,1.4324507,-0.58712107
CACATCTCACCGACGA-1,-0.37133685,0.15428981,-0.16840799
CACATGATTCAGCAAC-1,0.6288754,0.30046242,0.10830673
CACATTCTTTCGATGG-1,0.030313108,-1.2006392,-0.09151397
CACATTTCTTGTCAGA-1,-1.2296624,-0.32518366,-0.14561467
CACCAGTCAGCATGCA-1,0.080838025,1.3599359,-0.5514876
CACCATCGGAGGAGAC-1,0.84488785,0.85939896,1.276464
CACCCAAATCTTATGT-1,-1.2599171,-0.32505488,0.014544867
CACCCACACGTCACCC-1,0.17446147,0.0016679303,1.2615387
CACCCACGAGGCAATT-1,-0.19569065,-0.96847844,-0.047043055
CACCCGGTTTGTGACT-1,0.5262025,1.4969786,-0.6187315
CACCCTAACAAGATCT-1,-0.76230556,-0.552199,-0.48337027
CACCCTTGGTGAGACC-1,0.0,0.0,0.0
CACCGATACACCGAGC-1,-0.49182025,-0.98339283,1.1849339
CACCGCCAGAAGGTTT-1,1.7742187,-0.5024361,-0.65009874
CACCGCCGACCAGCGA-1,-0.36504805,-0.12229023,2.2423723
CACCGCGTCCACTCTA-1,-1.0220793,-0.31448764,0.7274865
CACCGGAGATATCTCC-1,-1.0694244,-0.37748554,0.59150773
CACCGGTAGAGACATT-1,-0.12588124,1.3774542,-0.41937274
CACCGTATCCCATCCG-1,-1.2768426,-0.33611876,-0.086811356
CACCGTTAGGGATCAC-1,0.46717763,1.4551443,-0.5668134
CACCGTTGCGCGATAT-1,0.7417205,0.6357112,0.25533354
CACCTAATAGAGTCGT-1,0.5012074,0.61824614,0.8971029
CACCTAATCAGTTTAC-1,1.4512067,-0.95544785,-0.079687536
CACCTCGATGGTGGAC-1,1.096597,-0.7565081,0.6341601
CACCTTGCGAAACTCG-1,0.053036682,-1.0409476,-0.8667474
CACCTTGGCGCCTTTG-1,-0.9268909,-0.32956508,-0.046133466
CACGAAAGTTAGTCCC-1,0.3147516,-0.9779562,0.28054214
CACGAGCAAACCAGAC-1,0.11881066,1.1715318,-0.33714852
CACGCACAGCGCAGCT-1,1.1691437,-0.7940529,-1.1957748
CACGCAGCGAGGCTTT-1,0.33162346,-0.83327246,-0.3609594
CACGCGGAACTGTTGC-1,-1.0152068,-0.57227606,-0.05993399
CACGGCGCGCCAAAGG-1,-1.0377381,-0.3555412,0.9545213
CACGTCAATCAATGGA-1,-1.2095455,0.0586019,-0.20862329
CACGTCGGCAACCTCT-1,0.5297349,0.927184,0.051087826
CACGTCGGGTTCTAGA-1,0.06616587,0.07226442,0.08785722
CACGTCTATGATGTGG-1,-0.89969033,-0.2389269,0.7382902
CACGTTCGTGCTCTAG-1,-0.31643355,-1.0794034,-0.8505835
CACGTTTCGTACACAC-1,-1.3847679,-0.3140715,-0.46390295
CACTAAAGTTGCCTAT-1,1.1826521,-0.75114393,-1.0937504
CACTACGGGAGCTGCC-1,-1.1337867,-0.17661656,-0.28611788
CACTACTCAGTTCTGT-1,-0.72078234,-0.21918823,1.8717501
CACTCAAGAGCTATGG-1,0.42860508,0.41348538,0.1674521
CACTCAGCTCTTGAGG-1,1.0184107,-0.8681057,1.7388537
CACTCCTATGTAAGAT-1,0.33123747,1.4989536,-0.5415499
CACTCCTCTCGGTCGG-1,0.42205018,-1.3411937,0.7235355
CACTCGAGCTGAACAA-1,0.09206693,-0.62246037,-0.61974746
CACTCGGTTAGGAGGA-1,0.7686202,-0.9269951,0.6639965
CACTCTCAAGCATCGA-1,-0.5169821,1.7370923,-0.35032845
CACTCTTCTGCTAGCC-1,-1.1205919,-0.46512267,0.039509
CACTGACGATTGTGGA-1,-0.12771714,1.3750389,-0.386732
CACTGTCCAAGTGAGA-1,0.5838991,-0.17882487,0.63489914
CACTTAATCAGACGGA-1,1.1448487,-0.95389605,-0.8866491
CACTTCGCCACAGGCT-1,0.31515756,-0.492299,1.1870998
CACTTCGTCTTATCTC-1,0.5769188,0.6300938,0.76605177
CAGAACTTAGCCCTCT-1,-0.6445472,-0.69780767,-1.335818
CAGAATAACACACGGA-1,-1.3056799,-0.15250485,-0.30532658
CAGACACCGATCGCTG-1,0.15690354,1.2467151,-0.3835794
CAGACCTGTAAGTGTT-1,-0.987903,-0.57765967,-0.02011954
CAGACGAACCTGATAC-1,0.42896697,1.4361882,-0.33979625
CAGAGACGGTCACCCA-1,1.0413367,1.601063,0.6063195
CAGAGCATGAGCTTGC-1,1.0941752,0.2278608,-0.37109953
CAGAGGCGATGCATGA-1,0.09840541,1.4415153,-0.60438436
CAGAGTGATTTAACGT-1,-0.31323507,-0.46167573,1.9934478
CAGATAATGGGCGGGT-1,-1.3068486,-0.13773003,-0.15278769
CAGATACTAACATAGT-1,1.5765649,-1.0724269,-1.1124138
CAGATATGAAGATGAC-1,0.112435,1.402138,-0.5429591
CAGATCATTTAAAGTC-1,-1.264932,-0.25268734,0.2516267
CAGATCCTGGTTTGAA-1,0.23430142,1.2896308,-0.3170941
CAGCAGCCCGTTCCTT-1,1.3713892,-0.6988898,-1.4682276
CAGCAGTCCAGACTAT-1,-0.94833106,-0.386955,-0.14896965
CAGCAGTCTGTGCTGC-1,-0.3239267,-0.469889,-0.5586295
CAGCCGGGCCCTCTAT-1,-0.12073978,-1.0558032,1.207891
CAGCCTCCTGCAGAGG-1,0.63421434,-0.9163864,-0.7267131
CAGCCTCTCCTCAAGA-1,-0.7440846,-0.8171308,0.6210563
CAGCGATTCCCTTCAA-1,0.2692126,1.4021658,-0.49256715
CAGCTCACTGAGACAT-1,1.1229197,-0.2868662,-1.0885311
CAGCTCGACAAGTTAA-1,-0.11892027,-1.0975304,-0.17466342
CAGCTCGTGCTTGTGT-1,0.29334873,0.2239664,1.3591734
CAGCTCTGGGCTCACT-1,0.00097069505,1.4430244,-0.5448923
CAGCTGGCGTAACCGT-1,0.26673788,0.25879532,0.14570576
CAGCTTAGTAGGTAGC-1,0.4898942,-0.97958547,0.63388264
CAGGAAGACTTTATAT-1,0.20693552,-0.96995676,1.0546812
CAGGATATATCGTTGT-1,0.025052426,0.032722276,0.016815016
CAGGCAGTCTTACCAG-1,-1.3957759,-0.12792072,-0.33191094
CAGGCCAGTACCACCT-1,0.010607121,1.4137439,-0.5497409
CAGGCCGTTTGGGTGT-1,1.0889877,-0.08557429,-0.33887216
CAGGCGCACGGTGGTC-1,0.273861,1.439551,-0.69758195
CAGGCGCCATGCTAGG-1,0.17903748,-0.67639995,-0.76911974
CAGGGAGATAGGCCAG-1,0.18481328,1.3395791,-0.41110927
CAGTAACTATTTATTG-1,-0.90431285,-0.590149,0.062042415
CAGTAATCCCTCCCAG-1,0.6957499,0.6756993,1.0198221
CAGTACATTCTCTAAA-1,-1.1546175,-0.45939642,-0.010667719
CAGTACCAGTTTACGT-1,0.15677455,-0.13180836,-0.23158884
CAGTAGATGATGTCCG-1,0.0,0.0,0.0
CAGTAGCCCACGCGGT-1,0.028133793,-0.9155306,1.0457733
CAGTCGAGGATGCAAT-1,-1.0575972,-0.66177714,0.34990272
CAGTCTGTATACTGGG-1,0.105581194,0.1000483,0.07976277
CAGTGAATAAATGACT-1,0.19924733,-1.042226,-1.1511564
CAGTGTCCGCAGAATG-1,0.55175394,0.74538636,1.058409
CAGTGTCGGCTGGCCC-1,-1.1708177,-0.37119055,-0.48951048
CAGTGTTAATCTCTCA-1,-0.037088394,1.3206658,-0.48958066
CAGTTCAAATTGACAC-1,0.89997315,-0.6260393,-1.2398481
CAGTTCCGCGGGTCGA-1,0.66769236,-0.6159259,0.80786055
CAGTTCGAGGACCCGA-1,-0.43031186,1.4907503,-0.34081355
CATAACGGACAGTCGT-1,-1.1688886,-0.26907715,-0.28796253
CATAAGAAGCTTGGCT-1,-0.4946823,-0.056535535,-0.92049444
CATAAGCTCTCCGTCT-1,0.49697748,0.2805184,-0.2959833
CATACAAAGCCGAACC-1,0.43616325,0.452784,0.6201514
CATACACGGTTCCCAC-1,0.26432607,1.4139454,0.08259947
CATACCCGTACCCAGT-1,0.66694206,-1.2029421,-1.3398113
CATACGAACTAGCTGG-1,0.09858295,1.3179742,-0.56045544
CATACGGCGTCTGGGC-1,0.14006947,0.16156954,0.090722695
CATACTATGTAATTGT-1,0.84708834,-1.0537405,-1.3018392
CATACTTAGGCAATAC-1,-1.260229,-0.11052189,-0.26243094
CATACTTCTTTCTCCG-1,-0.28801635,1.408605,-0.30888283
CATAGAGGAGATACTA-1,-0.86308485,-0.21684954,-0.040462334
CATAGCCGCCCGGGAT-1,0.8248871,0.041548006,1.0682775
CATAGCGTTGCCCACC-1,0.5741006,1.5682877,-0.33248955
CATAGTACATTGAGAG-1,1.4144579,-0.6459266,0.9289702
CATAGTAGCATAGTAG-1,0.6872783,-0.39819804,0.8408056
CATAGTCAAATACATA-1,-1.2379853,-0.14301449,-0.40797612
CATAGTCCACAAGAAC-1,1.1074898,0.6990426,0.11322565
CATATACTACTGATAA-1,-0.8945334,-0.49459314,0.08592749
CATATAGGTACAGTCA-1,0.1683145,0.22939548,0.08776296
CATATGTCAGGCTACG-1,0.55651593,0.49520284,0.31183723
CATATTATTTGCCCTA-1,-0.41141993,-0.96851146,1.2557956
CATCAACACCTACTAA-1,0.056713596,0.061940935,0.075306185
CATCATCTACCCGGAC-1,0.63599813,-0.6900914,1.6777366
CATCATTACCCTGAGG-1,-0.9118429,-0.37813345,-0.35878286
CATCCAATATAGTTTG-1,0.025764713,1.3734543,-0.5375391
CATCCCGAGATTCATA-1,-0.7801469,0.31710407,-0.23168899
CATCCTCTCAAAGATC-1,-1.2516675,-0.24516387,-0.43729314
CATCGCCCGCGGCCAA-1,0.116585925,0.11394594,1.6419319
CATCGGACGGGTTAAT-1,0.0,0.0,0.0
CATCGTCCGGTTACTA-1,0.0,0.0,0.0
CATCTATCCCGTGTCT-1,-0.83656204,-0.75167185,0.2891876
CATCTTACACCACCTC-1,-0.87186396,-0.41151303,0.037360013
CATGAACCGACATTTG-1,0.41536656,0.38109967,0.7412838
CATGACTTCGCTGAAT-1,-1.3327454,-0.25166315,-0.21552521
CATGAGATGCACTCTC-1,-0.12774298,-1.0817324,-1.5823818
CATGATCGCTTTGAGA-1,-0.9972228,0.1801983,-0.26704413
CATGATGCACAATTCT-1,1.1703628,-1.0209072,-0.54507005
CATGATGGAAGTTAGC-1,-0.8985521,-0.4641752,-0.03983246
CATGCACATGAGAGGC-1,-0.006773822,1.2838047,-0.50157136
CATGCACGTGTTACTG-1,-0.32912904,-0.16228727,2.2882879
CATGCATGGAGACCCT-1,-0.6417597,-0.4528473,1.3694596
CATGCCAACTCGCAAA-1,1.2947341,0.3098791,-0.052888352
CATGCGACCAGTTTAA-1,-1.0338849,-0.6690404,0.39500284
CATGCGTTAGACAGAA-1,0.8060256,-0.95923835,0.43503416
CATGCGTTGAGAGGAG-1,-0.6234436,1.7200484,-0.26164833
CATGCTGGCTCCAATT-1,0.82241213,0.88426995,1.3279073
CATGGATTGTCTTCCG-1,-1.1515906,-0.37863135,-0.2231595
CATGGCAGGAAGATCG-1,1.0544202,-0.5735961,0.45042238
CATGGGTATGCCTTAT-1,-0.5077479,-0.8930338,-0.35859936
CATGGGTCGGGTGTGG-1,-0.34725296,-1.0182686,0.13909161
CATGGTAAGTAGCGTT-1,0.56563044,-0.23841295,-0.47654364
CATGGTCTAGATACCG-1,2.6856532,0.31641597,-1.2144548
CATGGTTTATTAATCA-1,-0.94298625,-0.3734746,0.43002385
CATGTAAGAGACATTT-1,-1.3419626,-0.34581855,-0.8666729
CATGTCTCATTTATGG-1,-0.6376115,-0.9805001,-0.89746463
CATTACGTCGGCCCGT-1,1.3446862,-1.1387669,0.15981607
CATTATCCCATTAACG-1,0.213417,1.4743195,-0.6581834
CATTATGCTTGTTGTG-1,1.3619698,-0.7179549,-1.1294852
CATTCGTCGTAGCGGT-1,-0.6413826,0.4624569,0.20235026
CATTGCGAAATGGGCG-1,0.6827756,-0.9428322,0.7615468
CATTTAGCGGACCATG-1,0.22438432,-0.9173623,-0.6553709
CATTTATCGTTCAAGA-1,-0.94530207,-0.29832274,1.2997634
CATTTCTAGCAGACTA-1,0.56451404,0.61654574,0.74958044
CATTTGAGTGGTACGT-1,0.3891497,1.4756562,-0.4151134
CCAAACAGAACCCTCG-1,0.5496112,-0.7068244,0.55460966
CCAAAGCAGTTGGTTG-1,0.0,0.0,0.0
CCAAATAACAAGATTC-1,-1.4125473,-0.06406174,-0.34751284
CCAAATCAAAGGGCAA-1,-0.06289594,1.3300917,-0.48854524
CCAACCTTATGTAACT-1,-0.23541214,1.4386603,-0.4236702
CCAACGATGCACTGAT-1,0.7402814,-0.86534995,-0.38851908
CCAACGCTTGCCAGGG-1,-0.19183148,0.43175375,2.300936
CCAAGAAAGTGGGCGA-1,0.099699825,1.2150887,-0.26170126
CCAAGACTTCTGCGAA-1,1.3922157,-0.8706872,0.15174973
CCAAGCGTAACTCGTA-1,1.1128358,-0.70355,-0.695032
CCAAGCTTGATCTCCT-1,0.0,0.0,0.0
CCAAGGAACAGAGAGG-1,-0.013168301,-0.076475196,1.6128104
CCAAGTTTCTACAGAT-1,0.21389934,0.23361461,0.28402263
CCAATAGTGCCGTCGA-1,0.77876437,-0.7300792,0.11977806
CCAATCGGTAGATCGA-1,0.80099505,-1.1334354,0.9275264
CCAATGTCACAGCAAG-1,0.34856316,-0.7656886,-0.7570436
CCAATTACGGGTCGAG-1,-0.48267236,-0.9223098,0.40764627
CCAATTGAATGTTAAT-1,1.0465571,-0.87469196,1.0866159
CCACAATGTACGTCTT-1,0.83890456,-0.9592895,-1.1944541
CCACACTGAGATATTA-1,0.91069895,0.9959263,0.40056157
CCACAGTACCCATCCT-1,-1.2664772,-0.3174666,-0.3921069
CCACATACTGCACCCA-1,-1.2020559,0.031126479,0.091379516
CCACCAACTTTACTGT-1,0.35397643,1.1973702,-0.63013196
CCACCCAAGGAAAGTG-1,0.4139591,-0.82746387,-0.58073884
CCACGAATTTAACCTC-1,-1.3482647,-0.30670923,-0.04513951
CCACGAGAAGAGAATC-1,0.79089165,-0.61560917,0.24732691
CCACGGAGCCATAAGA-1,1.1125432,0.95895374,0.43815038
CCACGGCAGGTGTAGG-1,-0.106367886,1.4593984,-0.50523704
CCACGGTGCCCGGTAG-1,-1.2985303,-0.26845676,-0.08325869
CCACTGGTGGCTGGTT-1,0.9083376,-0.62192357,-1.0336709
CCACTGTTTGGATTAA-1,-1.0174202,-0.1893421,-0.27676105
CCAGAAACTGATGCGA-1,-0.99542844,0.28128487,-0.36642018
CCAGAAAGCAACTCAT-1,0.69775826,1.5166018,-0.25306347
CCAGAGACAAAGCCGG-1,0.20044854,-0.14279716,1.3903768
CCAGATAGTTGAGTGA-1,1.2002857,-0.85852915,-1.2539045
CCAGCCTGGACCAATA-1,1.1106302,0.3216125,-0.20421205
CCAGCTCGAACGCATT-1,0.33198643,0.435111,-0.29483742
CCAGCTGATGGTACTT-1,-0.12966824,-0.40259415,0.64383256
CCAGCTTCCGCCCGCA-1,0.3562655,-0.32732964,1.003184
CCAGGCTGGCGTCTGA-1,-0.7764076,0.46424967,2.0510306
CCAGGGACGTGGCCTC-1,1.3568828,-0.5322579,-0.8988428
CCAGTAGTCTGATCCA-1,-0.0655405,-0.9003933,0.25008738
CCAGTCTAGACGGCGC-1,0.037599888,-1.0674189,-0.3826371
CCAGTCTTGTCATAGA-1,0.4450448,0.78433144,0.41462296
CCAGTGAGCTCCTTGT-1,0.0,0.0,0.0
CCAGTGTACAGACCGA-1,-0.006808537,1.4572325,-0.5653711
CCATAAACAACCCGAC-1,1.5071024,-0.48523763,1.2851539
CCATACCTTTACTTGT-1,-1.0227995,-0.50223774,0.041435998
CCATAGGTTGGCGTGG-1,1.5088791,-0.96796674,-0.029713262
CCATATGGAAACTATA-1,-1.254377,-0.34168607,-0.07221328
CCATATTGGATCATGA-1,0.052506585,0.057346165,0.069719985
CCATCCATACCAAGTC-1,0.3425021,0.25787044,0.7714022
CCATCGCAGTTAAACT-1,0.23807496,0.33663264,0.1096946
CCATCTCACCAGTGAA-1,-1.1154283,-0.3686413,-0.30287948
CCATGCCCTAGATTTC-1,-1.023532,-0.23930559,-0.2471689
CCATGCCTGTTTAGTA-1,1.3444282,-0.7093881,-1.1276369
CCATGCTCTGCAGGAA-1,1.4448154,-1.0860763,0.738373
CCATGGCAAACGCTCA-1,0.20348555,1.4341267,-0.2184954
CCATGGCCCTTGTACC-1,0.8817618,-1.2759087,-0.05170682
CCATGTTCATCTATAT-1,0.24309452,1.3404888,-0.6142507
CCATTAGCGATAATCC-1,0.30663076,-0.7594726,-0.06701093
CCATTCCCTGCCCACA-1,0.8553476,-0.15905245,-0.12771913
CCATTTCTACCTATTA-1,-0.007885204,0.15778275,-0.36309215
CCCAAACATGCTGCTC-1,-0.847262,-0.51672393,-0.5562134
CCCAACATACGTCGCG-1,0.89923334,-0.04948604,-0.11107907
CCCAACCACACTAACA-1,-0.3032702,-0.012582875,2.7249515
CCCAAGAATGCACGGT-1,-0.6119541,-0.3366847,1.5236721
CCCAAGTCATTACACT-1,-0.82612103,-0.4013766,0.08943357
CCCAATGAGATTTGCA-1,0.07407536,1.4445419,-0.60475725
CCCAATTTCACAACTT-1,1.0851172,-0.48347867,-0.6583121
CCCAGAGGAGGGCGTA-1,-1.2250972,-0.27599663,-0.09309426
CCCAGGAAGAATTCGA-1,0.013832042,0.16009048,-0.12130743
CCCAGGTCTGAAGGCT-1,-1.3443121,-0.1496084,-0.30433795
CCCAGTAAACTTGGGA-1,0.0,0.0,0.0
CCCAGTTAAGGCGCCG-1,-0.5358137,-0.83237666,-0.38426006
CCCATATAGGTCGATT-1,-0.9107972,0.15488175,-0.114105575
CCCGAAGTTTCGCGAA-1,0.6322895,0.7219494,0.11400785
CCCGACCATAGTCCGC-1,1.2788538,-0.75261563,-0.047698
CCCGAGTTTCTCCGTA-1,-1.2346101,-0.30924568,0.0039658854
CCCGCAGCGCGAACTA-1,0.12537389,0.03825316,0.009606124
CCCGCAGGGCCCAAAG-1,-0.11829169,-0.8269703,1.6106884
CCCGCCATGCTCCCGT-1,0.67988056,-0.23673381,0.58299834
CCCGCGCAATGCACCC-1,0.65300107,0.83590645,1.0451213
CCCGGCTAGGTGAGAA-1,0.0,0.0,0.0
CCCGGGTCGTTCAGGG-1,0.6326098,1.2240993,0.32017955
CCCGGTGGAAGAACCT-1,0.62250125,0.21690829,1.0201559
CCCGGTGTATCGGAAT-1,0.29681027,0.57892853,0.10502578
CCCGTAAGTCTAGGCC-1,0.63253343,-0.7487319,-0.86970043
CCCGTAGCTGGGAAGA-1,0.13599074,1.5020216,-0.6590066
CCCGTCAGCGTCTGAC-1,1.1009564,-0.87434673,0.18750937
CCCGTGGGTTAATTGA-1,0.0,0.0,0.0
CCCGTTTCGCAGATGT-1,-1.2113562,-0.2688043,-0.1571998
CCCTACTTGAACAATG-1,-0.98214555,-0.16776673,-0.09055344
CCCTATGTAGAGCAGA-1,0.11556654,1.377625,-0.5817176
CCCTCAAGCTCTTAGT-1,0.0,0.0,0.0
CCCTCAGATCGAGAAC-1,-0.13400236,1.3591532,-0.45502654
CCCTCATCACAGAGTA-1,0.4748805,0.77756673,0.21293646
CCCTCATTCTGGAATT-1,0.17009516,0.073661685,1.9816236
CCCTCCTCGCTCGTAT-1,-1.1007965,-0.22179067,-0.14962047
CCCTCGATAATACACA-1,0.12673944,1.3160851,-0.5574128
CCCTGAAATGAGTTGA-1,0.54552835,-0.91995025,-0.38283348
CCCTGACTAACAAATT-1,0.4656297,-0.7661809,0.2137772
CCCTGCCCAATCCGCT-1,0.8360891,-0.28476575,-0.73041177
CCCTGCGCTACGCATA-1,-0.0057774056,-1.0790149,0.032356326
CCCTGGTATGGGCGGC-1,-0.72891307,-0.3924016,1.7617496
CCCTGTTGGCAAAGAC-1,0.1872735,0.20453465,0.24866796
CCCTTTAATGGAGTTC-1,-1.3752426,-0.06748537,-0.32192385
CCCTTTGACAGGTCTT-1,0.8962173,1.3625296,0.5073216
CCGAAAGTGGTGAGCA-1,0.64591587,0.72167027,0.9505271
CCGAACACTGGGCCTC-1,0.8362848,0.06298288,-0.30490112
CCGAACCTTCCCGGCC-1,0.23219343,-0.17572725,-0.39118046
CCGAAGTATATTGTTC-1,0.3927731,0.08503504,1.1234293
CCGACAAACACATGAG-1,0.15562433,0.16996832,0.2066431
CCGACAAAGGGAGTGC-1,0.577668,-1.1637342,0.37390748
CCGACAATAGGCCGCC-1,-1.323261,-0.12327005,-0.32657793
CCGACGGGCATGAGGT-1,0.46360877,1.4175324,-0.37677827
CCGACGTAAACACAAC-1,-1.1657083,-0.35896385,0.5489889
CCGAGAAGTCGCATAA-1,-1.1069113,-0.22324318,-0.13745992
CCGAGGGATGTTAGGC-1,0.15154086,0.16888225,1.3726355
CCGATCTCAACCTTAT-1,-1.1941681,-0.47080296,0.015790498
CCGATTCGAGGGACCC-1,0.2691195,-0.61821383,0.0023553332
CCGCACAAAGACCAAC-1,0.3988113,-1.1724364,-1.1462972
CCGCACGTGACCTCGG-1,0.64223456,-1.1167651,0.82988137
CCGCATGTGGTACGAT-1,-0.0004102253,0.14662208,-0.02412964
CCGCCGGAACTTCTCG-1,0.08949698,0.44472095,-0.06079543
CCGCCGGTCAACACAC-1,0.44773713,0.20607501,1.2966889
CCGCCGTTGAGGATAA-1,-1.2253711,-0.2809709,0.5315236
CCGCCTGCGAATTGGT-1,-0.839435,-0.69043803,0.4145198
CCGCGGAATGCGTCAC-1,0.10223004,1.4391233,-0.5358552
CCGCGGGTACGAAGAA-1,0.27897426,-0.98089,0.5521573
CCGCGTAGGTAAGGGC-1,1.1677114,-0.9801527,0.7269231
CCGCTATCAGCACCAG-1,0.0,0.0,0.0
CCGCTCCAGGGCGATC-1,-0.8692227,-0.057114854,-0.68469155
CCGCTCCGGATAAGCT-1,0.13801864,1.4484884,-0.51961035
CCGCTCTTCCGAACTA-1,-1.0653144,-0.45989838,0.065102465
CCGCTGGTGCCATTCA-1,-0.71753496,-0.33697042,1.8841449
CCGCTTACCTCACTCT-1,0.18527415,0.2058519,0.044026315
CCGGAATGGTTTCAGT-1,0.7201251,-0.57148945,0.9810241
CCGGAGCGTACTTTCT-1,-0.10199828,0.8050009,-0.109883286
CCGGCACGACCGTTTC-1,-1.5009693,-0.14105497,-0.045427743
CCGGCGCATATTGGAT-1,0.46095014,-0.2812923,0.9128076
CCGGCGTGAGACTCTG-1,0.5890324,0.4858324,-0.17257106
CCGGGACCCGCAGAGA-1,0.20345853,-0.59154004,1.0530059
CCGGGCGGTCTCGTCA-1,1.3608774,-0.17758785,-0.31503472
CCGGGCTAAGAATTTC-1,0.10339481,1.31534,-0.5453504
CCGGGCTGCTCCATAC-1,-0.5606539,-0.91798866,-1.1423934
CCGGGTTCGAGGTTAC-1,0.9650922,-0.66975504,-0.7333722
CCGGTAATGGCTAGTC-1,-1.1191093,-0.105537064,-0.2154932
CCGGTGCGAGTGATAG-1,0.0,0.0,0.0
CCGGTTTGTAATTGTG-1,0.26627073,1.3178861,-0.5479069
CCGTAAGTTGGTCCCA-1,0.69967645,-0.8654444,-0.5463838
CCGTAGGAAATCCCTG-1,-0.75735986,-0.41158792,-0.09254815
CCGTAGGGTTGTTTAC-1,-1.2373145,-0.3182809,-0.12269579
CCGTATCTCGTCGTAG-1,0.7123731,1.6804091,-0.21088737
CCGTCAACCTCTGGCG-1,-0.195121,1.4148414,-0.42877603
CCGTGCCCATGACGGC-1,0.6217976,0.8090209,1.80677
CCGTGGAACGATCCAA-1,-0.9820207,-0.51981556,0.25645757
CCGTGTTAAATTCCAT-1,0.37195268,0.5452816,0.086443625
CCGTTACGTTAGAACA-1,-0.25308934,-1.0995175,-0.092824794
CCGTTCCGAATCTCGG-1,1.2835484,-0.5005749,-1.3273709
CCGTTTCCTTTCCGTG-1,0.4272694,0.75889134,0.18412785
CCTAAAGGCTGACGCT-1,0.63606966,-1.0529612,0.4852643
CCTAAATTAACGGTTC-1,0.29133064,0.25129527,0.26805997
CCTAAATTGTATCCTA-1,-1.3111401,-0.040297627,-0.40270972
CCTAACCCAAACAAGT-1,-1.0254664,-0.33852887,-0.54871166
CCTAACTAAGGCTCTA-1,-0.8141884,-0.46326542,-0.11696214
CCTACATTCACAGACG-1,0.47130173,0.9637734,-0.09089716
CCTACGCGACCTTACA-1,-0.23648596,-0.16793546,2.051157
CCTACGGCTCAGTCGA-1,0.4925403,0.53417873,0.7054541
CCTACTCAACACGATT-1,-0.58724034,0.3785564,-0.0024697417
CCTACTGCTTACACTT-1,1.493913,-0.67242396,-1.2818764
CCTAGGCGTAGCGATC-1,-0.7919349,-0.6121975,-0.64091593
CCTAGGTAAAGGTAGC-1,0.067724176,0.022613397,-0.018894468
CCTAGTTAGTCGCATG-1,0.9437808,-0.3609608,1.5900788
CCTATAATGAGTGCCC-1,-0.612545,-0.9187369,-0.7239431
CCTATACCGTCCTGTC-1,1.0359142,2.3716807,-0.017885547
CCTATATCGTGTCACG-1,0.28674135,1.3062428,-0.5377868
CCTATATTTGTCCTGG-1,0.066139355,1.6781,-0.2470599
CCTATCTATATCGGAA-1,1.352767,-0.67811644,-0.014773401
CCTATGAAGTGGTGCC-1,-1.2073231,-0.1828616,-0.16272049
CCTATGGCTCCTAGTG-1,0.112972766,1.3350521,-0.5745414
CCTATGGGTTACCGTC-1,0.74960434,-0.2961304,-0.6453811
CCTATGGTCAAAGCTG-1,-1.3414526,-0.17302662,-1.0723863
CCTATGTCCACTCCAC-1,-0.91526383,-0.65000236,-0.54531807
CCTCACCAATCTTGAC-1,0.8613381,1.0057625,1.5487686
CCTCACCTGAGGGAGC-1,-0.54538804,-0.5213845,0.0050909533
CCTCACCTTAGCATCG-1,-0.88944185,-0.6420643,0.17516448
CCTCCCGACAATCCCT-1,0.28260267,0.5192621,1.6377422
CCTCCGACAATTCAAG-1,0.3144095,-0.6693262,-0.75849485
CCTCCTAGCTAGAGTC-1,-0.18700199,1.3918562,-0.4180522
CCTCCTGTTGTGTCGT-1,-1.2308017,-0.41387945,-0.22477606
CCTCGAAGTGGACGGG-1,1.4505748,-0.045813408,1.019063
CCTCGCCAGCAAATTA-1,1.0685084,-0.7385972,0.7559258
CCTCGCGCGATATAGG-1,-1.0626153,-0.5886495,-0.12196446
CCTCGCGCTGTGCGAT-1,0.20194262,0.57156694,0.043288965
CCTCGGACCGGGATAG-1,-0.4764261,-0.93292236,-0.2966278
CCTCGGTTTCCTTGCC-1,-0.29137573,1.2560911,-0.33288917
CCTCTAATCTGCCAAG-1,1.3749219,-0.6706592,-1.206034
CCTCTACAAGGATTGG-1,0.15994498,1.2259659,-0.5179889
CCTCTATCGATTAGCA-1,0.5141577,1.198367,-0.17094953
CCTCTCTCCCATCTAG-1,0.57083786,-0.6810168,-1.1361973
CCTCTGGCCTAGACGG-1,1.3765376,-0.5531487,1.1770934
CCTCTGTACTATTCTA-1,0.18057773,0.28632516,0.06077633
CCTGAACGATATATTC-1,-0.411857,-1.0064863,-0.937648
CCTGAATATTTACATA-1,1.0795218,-0.6396122,-1.0387604
CCTGACAAACTCGCGC-1,0.0,0.0,0.0
CCTGACCACCGATGGT-1,0.0,0.0,0.0
CCTGACGCAACCTTTA-1,-0.8003797,-0.40188357,1.6492181
CCTGAGAATAAATGCA-1,-0.058480572,1.2394496,-0.44560167
CCTGCGTTCTACGCTT-1,0.7562357,-0.5595332,1.2099676
CCTGCTATTTGAGAAG-1,1.5192552,-0.9641,-1.3174222
CCTGGAAACGTTCTGC-1,-1.3157886,-0.17086293,-0.18473914
CCTGGCTAGACCCGCC-1,0.5571705,-0.39206094,0.11613034
CCTGGTCGAATGTGGG-1,-0.7720118,-0.004508701,-0.39844278
CCTGTAAGACATGATA-1,0.8678218,-0.78524536,-0.45595238
CCTGTACTCACGCCCA-1,0.91070855,-0.7274754,-1.1539855
CCTGTCACCCGGGCTC-1,0.9706114,-0.088864,-0.6754574
CCTGTCCCTCACGTTA-1,-1.3934392,0.021860918,-0.077335
CCTGTCGCCCGTAAAT-1,1.3687178,0.02321759,-0.5338673
CCTGTCGTGTATGAAG-1,-0.12416773,1.0245224,-0.27185273
CCTGTGCATAGGAGAC-1,0.0,0.0,0.0
CCTGTTCAACCTCGGG-1,-0.6708824,1.9315655,-0.39096627
CCTGTTTGAAGACACG-1,-0.90623987,-0.6294076,0.0875496
CCTTCAGTTAAAGTGA-1,-0.12022467,1.3102858,-0.42660382
CCTTCCGCAACGCTGC-1,-0.12068599,1.4095309,-0.47729743
CCTTCGTATAGAATCC-1,-0.115854695,0.47252673,-0.22316778
CCTTCTCAGCGTTCCT-1,1.2230533,0.61889845,-0.39272106
CCTTCTTGATCCAGTG-1,1.4346629,-0.87870395,0.5095035
CCTTGACCACTTTATT-1,-1.1171584,-0.1995587,-0.1799108
CCTTGTGAACGTGGTT-1,-0.40498352,1.6689426,-0.27958867
CCTTTAAGGGAGCACT-1,0.08170374,1.4811879,-0.49707508
CCTTTCAATGAAGAAA-1,-0.8333095,-0.6420961,0.64290464
CGAAACATAGATGGCA-1,0.1121935,-0.49777222,1.7897395
CGAAACGCAATTCATG-1,1.6180811,-0.5724573,-1.0439847
CGAACAGTATGGGCGT-1,-1.0859935,-0.47361603,-0.06618713
CGAACCCGCATGCGTC-1,0.61329633,1.4054098,-0.21893008
CGAACCTCTTTCCTAG-1,0.0008557726,1.4539789,-0.5759406
CGAACGCCCAGTGCCG-1,1.0959501,0.23107624,0.9040159
CGAACGGCCGGACAAC-1,1.0556531,0.06838566,-0.23372315
CGAAGCCACAGCATGG-1,0.12033486,1.193261,-0.21971844
CGAAGCTATAAATTCA-1,-1.3315815,-0.15012494,0.050699808
CGAAGGGTTTCAGATT-1,-0.1607929,1.482425,-0.4037321
CGAAGTTGCTCTGTGT-1,0.26894993,-0.50023115,-0.9297369
CGAATCTGCTCGACGC-1,0.0048111305,1.4333842,-0.5472141
CGAATGAAGTCATTGC-1,-0.016390013,1.3365315,-0.49665996
CGAATGACGCATAATG-1,0.77945226,1.3282713,0.6406932
CGAATGGTAGGTCGTC-1,-0.16648112,1.3974828,-0.44731274
CGAATTACATGGTGTT-1,-0.13374355,-0.061779115,1.7480108
CGACAATTTGATCTAA-1,-0.9865069,-0.38521272,-0.36246413
CGACACGCTCCGACAG-1,-1.2506586,-0.30911618,-0.33669463
CGACAGTTCGCGTTAT-1,0.9480864,-0.9902443,-0.5195126
CGACATGCGATCTTCT-1,0.11255919,0.22748315,1.8109488
CGACCCTTAACGCCGG-1,0.7006053,0.06379219,-0.4458247
CGACGCATCCGTACCT-1,0.173475,0.15110381,-0.020136915
CGACTCAGGATGTTAT-1,0.17413628,-1.2045791,-0.13710038
CGACTTTGTATAGCCT-1,-1.1369709,-0.39678657,0.10259387
CGAGACCCTAGAGTGT-1,0.0,0.0,0.0
CGAGAGATGTGAACCT-1,1.2652644,-0.42562908,-0.6531499
CGAGAGCTTTCACTAC-1,-1.2174097,-0.2736768,-0.67279714
CGAGAGGGTAGCCGCG-1,-1.0194759,-0.44092852,-0.09083081
CGAGATTTCGCTCGGG-1,-1.3982762,-0.37003732,0.18456322
CGAGCACTTCAAGTTT-1,0.5771403,-0.073900044,0.875835
CGAGCCGAGCACTCGA-1,0.057301324,0.06258282,0.07608658
CGAGCGTTGATCAGCC-1,0.1110508,0.18664506,0.93096614
CGAGCTGGGCTTTAGG-1,1.1635813,-0.8989873,0.93274707
CGAGGCTAAATATGGC-1,1.1871349,-0.39999872,-0.5559583
CGAGGGACTGCGGTCG-1,0.14403678,-1.0335109,-0.8496331
CGAGGGTATCCAGGTG-1,0.7866528,0.91308093,0.43601468
CGAGTACTAAAGAGGA-1,0.5675383,0.38953957,0.220868
CGAGTGAAGGTACCAG-1,0.40782994,1.365472,-0.3906838
CGAGTTCTGTCCCACC-1,0.7496937,-0.8766556,-0.7714227
CGAGTTTATCGGACTG-1,-1.0883542,-0.36231545,-0.43787318
CGATAATACTCAGGTT-1,-1.214106,-0.22654317,0.1668418
CGATACCTCGCGGACA-1,1.5274764,1.668847,0.52412647
CGATAGCGATACAGTG-1,-0.005083115,1.2565348,-0.48279458
CGATAGTCGTACTGCA-1,-1.339616,-0.16836251,-0.29734355
CGATCCACCATTGTTG-1,-0.25037348,1.6110889,-0.25140566
CGATCCGACCCAGTGC-1,0.36558163,-0.0868849,-0.14618708
CGATCCTCGCAACATA-1,-0.18873003,1.4250599,-0.4492691
CGATCTGTTGGAGGAC-1,0.8687768,0.71997446,0.4295157
CGATGGACCCTACGCC-1,-1.0762852,-0.5707468,-0.039206576
CGATGTTGTTATCTAC-1,0.1221414,1.3726603,-0.46783137
CGATTAAATATCTCCT-1,0.21508658,0.37505615,0.1198051
CGATTCGCCTGGCTGC-1,-0.4889127,0.0470529,-0.72922015
CGCAAACACGAGTTAC-1,1.0013297,-0.7189611,-0.09446617
CGCAATCGATCATTAG-1,0.0,0.0,0.0
CGCAATTACTTTCGGT-1,0.8617663,-0.37064245,0.5828132
CGCAATTAGGGTAATA-1,0.94720936,-0.5541545,0.0067060576
CGCAATTCTACAATAA-1,0.64421,-0.6268162,0.8279076
CGCACATGTCCACTAC-1,0.093911305,-1.071995,-1.3025188
CGCACGTCTGTTTATG-1,0.13907057,1.3744135,-0.5809225
CGCACGTGCGCTATCA-1,-1.1754073,-0.43352386,-0.20195378
CGCAGAAACATTTGCG-1,0.66711766,0.72709656,0.8389926
CGCAGATCTTCACCCG-1,-1.1108271,-0.13780278,0.6335662
CGCAGGCGATCCAAAC-1,-1.1749866,-0.3290516,-0.06314635
CGCATCATGGCTTCAG-1,-0.74248207,-0.80981857,0.8908365
CGCATGCCGAATGCGT-1,-1.1442944,-0.2628899,-0.1746623
CGCATGGTGCGATGCT-1,0.15028533,0.17887998,0.036047235
CGCATTAGCTAATAGG-1,1.9041016,-0.13056746,-0.39193735
CGCCAAGAAGCCGAGT-1,0.50287426,-0.56933975,-0.1669148
CGCCAATTATTGCGTT-1,0.0,0.0,0.0
CGCCAGTAGTACCTTG-1,0.25302443,0.9578867,-0.10062694
CGCCATCCGATTATGA-1,0.26805544,-0.9566756,-1.2410601
CGCCCAGCACGCCTAG-1,0.025938662,1.5423937,-0.5844252
CGCCCAGCGTTTCACG-1,-1.2559587,-0.1562837,-0.41000402
CGCCCGCTTCCGTACA-1,1.1866156,-0.9253503,0.112531215
CGCCCTAATTGTTCAA-1,-0.052254613,1.240644,-0.44948405
CGCCCTTGAAGGCTGA-1,0.018928098,-0.0674865,0.99182415
CGCCGCCCATGCCTGT-1,0.3824556,-1.35672,-1.0337806
CGCCGCGTTCTGAACG-1,0.20868258,1.6421634,-0.06372031
CGCCGTTCAGCATAGT-1,-1.0763246,-0.29842257,-0.2089615
CGCCTCCCTCCTCTAT-1,0.9876892,0.28425834,-0.13176139
CGCCTGGCCTACGTAA-1,0.9088388,-0.77125156,-0.92722356
CGCCTTTAGCATGCTC-1,-1.3183951,-0.101896435,0.016241143
CGCGAAGTGGCATACT-1,-1.1326684,-0.22539623,-0.23084468
CGCGACACTGCGCAGC-1,-0.022594225,0.004760589,0.17324305
CGCGACCGCGACAGAT-1,-0.52520865,-0.9058776,-1.3360578
CGCGAGAGGGACTTGT-1,-0.9038396,-0.383698,0.8436095
CGCGAGTCTGCCGGGT-1,0.3377822,0.57517576,0.21559264
CGCGCAAATGTCCAGA-1,0.26620126,1.4028969,-0.5321633
CGCGCATGTTTGATTG-1,0.8630706,1.4021125,0.45028841
CGCGCCCGACTTAATA-1,0.98961526,-0.542844,-0.66529363
CGCGGCTCAACTTGAA-1,-1.0624583,-0.54376924,-0.24774517
CGCGGGAATTAGGCAG-1,1.1240432,-0.84680736,-1.4921511
CGCGGTACGGTATACA-1,-0.909121,0.32974985,0.0045159864
CGCGGTCACAAACCAA-1,-1.1762235,-0.14953353,0.1572597
CGCGTTCATGAAATAC-1,1.1267833,-0.65520656,-1.156794
CGCTACGGGACATTTA-1,0.5942983,-0.04156086,-0.38056844
CGCTAGAGACCGCTGC-1,-0.96029735,-0.47814587,0.023080738
CGCTATACCGCCCACT-1,0.4176367,0.4532079,0.6151719
CGCTATTCAATGTATG-1,0.046653453,-0.07170867,1.512716
CGCTATTCTTAGGCTC-1,0.45633897,0.4764338,0.22281721
CGCTCGACATAATGAT-1,1.2294697,-0.95030266,0.83028597
CGCTCTCCGTAGATTA-1,0.709214,-0.2778428,-0.572904
CGCTGGTGACTACCCT-1,-1.02805,-0.54947746,0.02330629
CGCTGTGACGCCGCAC-1,1.6792705,-1.225597,-1.162797
CGCTGTGTGGATGTTG-1,0.2869664,1.5957266,-0.47772747
CGCTTAGTATTGATAC-1,-0.0837572,1.430833,-0.5352343
CGCTTATTCCCGGTCG-1,0.87682545,-0.5701982,-1.044041
CGCTTCCACTGAAATC-1,0.4250417,-0.009132567,0.74586284
CGCTTCGGTCTAAGAC-1,-1.2476199,-0.27092674,0.28794122
CGCTTGGACGGATAGA-1,-0.8906105,0.23359229,-0.029319808
CGCTTTCATACCGGTG-1,0.6025033,-0.02386544,1.4898313
CGCTTTCTTGCATTCG-1,-0.22546653,-1.036541,-1.5993391
CGGAAAGAATCAAACG-1,0.04262149,1.3643878,-0.47133037
CGGAAAGCAAATGTGC-1,0.0,0.0,0.0
CGGAAATTTCACATCC-1,-0.97503346,-0.31941634,1.0007901
CGGAACGTAAACATAG-1,0.41178933,1.0858172,-0.046055447
CGGACCTTTACGTCCC-1,-0.881477,0.18763179,-0.3557337
CGGAGCAATTTAATCG-1,0.17613,0.4030583,0.035498302
CGGAGCATGGCGATCC-1,0.18841009,0.11367039,-0.06553197
CGGAGCTTATAACACC-1,-0.6057676,-0.8292651,1.043314
CGGAGTTTGAGAGACA-1,0.6454056,-0.876021,0.62894076
CGGATAAGCGGACATG-1,0.2969325,0.35155225,0.45767823
CGGATCCTCAAGGACT-1,-0.85676986,-0.66467124,-1.460926
CGGATGAATGCTGTGA-1,0.041102648,1.30593,-0.5065738
CGGCAAACATCGTGCG-1,1.4655465,1.4983246,0.7190393
CGGCAATAAGATCGCC-1,-1.3439062,-0.2527063,-0.15156987
CGGCACCGTTAGCGCC-1,-0.66404414,-0.61942565,1.341235
CGGCAGGGTCGGGTTG-1,-0.9292901,-0.59855,-0.93807095
CGGCCACGCACAAAGT-1,0.9533649,-0.18861657,-0.7055098
CGGCCAGAGCGACCAT-1,-0.16237518,1.459823,-0.43488714
CGGCCCAACCTGTAGT-1,-1.4081854,-0.0028280127,-0.012479438
CGGCCCAGGTATATCC-1,-1.1848512,-0.2611033,-0.12467267
CGGCGCCATCAATCCC-1,-0.84606564,-0.8017284,0.012464754
CGGCTCTAAAGCTGCA-1,-1.1166855,-0.33780587,0.07578788
CGGCTCTTCGTCGAAC-1,-0.8448274,-0.61234295,0.60433525
CGGCTTTGTATGATAA-1,0.61715734,0.6788392,0.68995154
CGGGAACGCCCTGCAT-1,-0.044026036,0.9539646,-0.22756925
CGGGAAGTACCGTGGC-1,-0.39527565,1.3989362,-0.303774
CGGGAATATAGTATAC-1,-1.1606094,-0.42765996,0.07318077
CGGGAATTTATGTAAA-1,0.0943493,0.07728032,0.043523356
CGGGAGCTTCAGTGTA-1,-1.2786969,-0.30743957,-0.45453557
CGGGAGTATACCGCCG-1,0.29714727,0.39386034,0.4872876
CGGGATCAATGTAAGA-1,0.5462687,-0.80175614,-0.2612104
CGGGCAGCTAAACCGC-1,1.1877344,-0.5555778,-1.0199033
CGGGCCTTCTTTGTAA-1,0.0,0.0,0.0
CGGGCGATGGATCACG-1,-1.3367583,-0.24251904,-0.6330243
CGGGTGTACCCATTTA-1,-0.43575773,-0.91281635,-1.3396584
CGGGTTTGTTAGGGCT-1,-1.3432083,-0.01085746,-0.31424055
CGGTACTAGAATCAAA-1,-0.84645903,-0.7883408,-0.50902224
CGGTAGAGGTGCAGGT-1,-0.28055158,-0.91953045,0.03471772
CGGTATAGGTATTAGC-1,-0.6233305,0.1314488,1.5763788
CGGTCAAGTGGGAACC-1,0.44800246,-0.9401623,-1.2927897
CGGTCCGTCGCAAGCC-1,0.012500759,1.4679624,-0.20670176
CGGTCTATCAACCCGT-1,0.91581106,-1.2023503,-0.12417182
CGGTGAAGACTAAAGT-1,-0.02711282,-0.8318507,0.46927065
CGGTGCAGATAGAACG-1,1.966631,0.016754393,-0.66462284
CGGTGCGCGTTGGTCC-1,0.5048897,0.9482086,0.02088474
CGGTGGGCTCCAGCCT-1,-1.0104042,-0.68140996,0.43716687
CGGTGTACTTGATCCC-1,0.48228127,0.53675467,1.0030146
CGGTTATCCAACAGTG-1,-0.8739755,-0.5609518,-0.022123473
CGGTTCAAGTAGGTGT-1,-1.0017478,-0.41634357,0.22474211
CGGTTGACCTGGCATA-1,0.20602618,-1.0204065,-1.0019846
CGGTTGAGTATCCTTC-1,0.17189604,1.327808,-0.5888254
CGGTTGGGTTCAAGTT-1,-0.19469704,0.08834495,1.4998776
CGTAAAGCAAGAAATC-1,-0.077389106,1.3898658,-0.4962011
CGTAACTTCGACACTT-1,-0.2549784,1.5153531,-0.45393816
CGTAATAATTACGAGT-1,0.06945968,0.07586184,0.092230864
CGTACCGAAAGTCTAG-1,0.0,0.0,0.0
CGTACCTGATAGGCCT-1,0.7121075,-0.6030665,-0.53125876
CGTAGAGAGTAATTAT-1,-1.1859204,-0.22028905,-0.31738883
CGTAGCGAATTGTCAG-1,0.9411654,0.22670206,0.85857373
CGTATTAAGAGATCTA-1,1.3469282,-0.824897,-1.0669365
CGTCAAGGCTATAAAT-1,0.778105,-0.40875962,1.1233041
CGTCAATCTTTAACAT-1,0.052506585,0.057346165,0.069719985
CGTCACGTCCATTGGT-1,1.2021748,1.9469543,0.34431604
CGTCAGTGCGCACAAG-1,0.88639426,1.0398815,1.876429
CGTCATACCATATCCA-1,0.42164093,0.50136465,0.8269992
CGTCCAGATGGCTCCA-1,0.26135516,0.28544447,0.34703603
CGTCGCATGTGAGCCA-1,-1.0985296,-0.4255203,-0.60514534
CGTCGCGGCGGGATTT-1,0.22899203,0.25009835,0.30406317
CGTCGCTTGGTTATAC-1,0.10341626,1.3170681,-0.5667757
CGTCGGATAGTGTTGA-1,-1.0176798,-0.4342423,-0.0047925585
CGTCGGGTCTAAGCGC-1,0.71801895,1.5284768,0.08903949
CGTCGTCCTTCGCGAA-1,-0.20881973,-0.45117036,-0.6708295
CGTCTGGAAGGGCCCG-1,1.3004507,-0.7520985,0.27817887
CGTGAAGTTAATTCAC-1,0.1310601,0.106321424,0.06529186
CGTGACATTGGGTCGT-1,0.8767265,-1.1396912,0.4397237
CGTGACCAGTCCTCTG-1,0.37038895,1.1115748,0.33831078
CGTGCAGACTGGGACA-1,1.299627,0.30914,-0.20816216
CGTGCATTGTCGACGC-1,0.5862873,-0.47140712,-0.5785753
CGTGCCCTCCCGAAGA-1,0.92525977,-0.7432898,-0.7856668
CGTGCTTCTACCTAAA-1,0.04862122,1.4628757,-0.5879574
CGTGGAAGCCTCGTAC-1,-1.3645099,-0.030823117,0.041560918
CGTGGCCGAATATCTA-1,-0.6509333,-0.73569524,-0.05336545
CGTGGTACCCAAAGGC-1,-0.26430964,1.4382066,-0.40130138
CGTGTATGGGAGCTGA-1,-1.2174642,-0.026907938,-0.1834739
CGTGTCCCATTCGCGA-1,0.8601926,-0.7710126,0.006189674
CGTGTCTCGTTACGAC-1,0.038280483,1.4116653,-0.5725527
CGTTAAACTAGTTAGG-1,-1.3322961,-0.19912826,-0.24579756
CGTTAATGTCCCGACG-1,-1.0969609,-0.44042,-0.5179962
CGTTAGCTCACAACTG-1,-0.4089146,-0.93747836,0.8738489
CGTTCAAGGAAACGGA-1,-0.6273975,1.723304,-0.2868627
CGTTCAGACCCGCGAA-1,0.49965316,0.57811904,0.17244563
CGTTCATGGTGCGCGT-1,0.21321218,0.017209765,-0.08788367
CGTTCTTCGCACACCT-1,-1.0617974,-0.19568208,0.6896382
CGTTGAATACCGCGCT-1,-0.3293085,-0.7293792,-1.136042
CGTTGAGCGACCGTCG-1,0.93217784,-0.32899576,-0.75134826
CGTTGAGTAATTGCGT-1,-0.19254553,0.42598903,2.3176515
CGTTGCCCGCGTGGGA-1,-0.26100746,1.4352626,-0.38933906
CGTTGTAAACGTCAGG-1,0.05550476,0.07523831,0.079355136
CGTTGTAAGATTGATT-1,-1.286659,-0.29835534,0.15597764
CGTTGTCGGCAATTGA-1,0.2458645,0.39299494,-0.51644295
CGTTGTTTCAATTCCC-1,0.9550308,-0.3363247,0.12527263
CGTTTAAGCGGAGCAC-1,0.38496828,0.30192038,1.0604432
CGTTTCACTTCGGGCG-1,-0.24748828,-1.0371948,0.51392573
CGTTTCGCTCATTACA-1,1.18405,-0.9287138,-1.2287564
CGTTTGGTGTTGTGGG-1,-0.606116,0.41317812,0.15783358
CGTTTGTGTAGAGGGT-1,0.34121946,1.4359542,-0.6032053
CTAAAGAATGCCTACT-1,0.8611134,-1.1086754,-0.94587475
CTAAAGGGAAATAGGA-1,0.0,0.0,0.0
CTAAATCCGGTGTACA-1,-0.02497018,1.4389877,-0.55710024
CTAAATCCTATTCCGG-1,0.4805294,-1.0802035,-1.039083
CTAACCGCGCGCCCGT-1,1.2918195,-1.0612767,-1.0017259
CTAACGAAACTTGCTG-1,-0.8434106,-0.58933824,-0.5555599
CTAACTGATAATCGCC-1,-1.0795597,-0.3398819,-0.1856539
CTAACTGGTCCGGTTC-1,0.6864412,1.3020793,0.012916763
CTAAGGGAATGATTGG-1,0.6069913,0.1428974,-0.087127164
CTAATGCGCCCAACAA-1,0.0,0.0,0.0
CTAATTCGCACGCGCT-1,0.990259,-1.1154987,-0.53549
CTAATTCTCAGATATT-1,-1.1460514,-0.44476342,0.15589032
CTAATTTCAACAACAC-1,-0.011410544,-0.18292359,0.9811711
CTACAAGAAATAACCC-1,0.06523213,1.2738448,-0.5486154
CTACACTCGCAGATGG-1,-1.0791708,-0.29914978,-0.24869034
CTACATATCGCGGGAC-1,-0.13493405,1.1892446,-0.37998223
CTACCCTAAGGTCATA-1,-0.31275964,-1.0338626,-1.0640558
CTACGAACTAGGTCGA-1,-0.7313318,-0.33653945,1.8020238
CTACGACTAGCTATAA-1,0.203759,-1.0404954,-0.85911965
CTACGATCCTATCCTA-1,0.15089199,1.4028898,-0.5503566
CTACGCACGGAGTACC-1,1.0683334,-0.33799875,-0.7602735
CTACGCCATTTCCGAT-1,0.3990317,-0.8532546,1.3188604
CTACTATCATAGGTTT-1,0.6103481,1.4439979,-0.13878372
CTACTATCTTTCAGAG-1,-0.6044305,-0.7507981,-0.5691864
CTACTCAAGGTATAGT-1,0.14837432,1.5107899,-0.5198974
CTACTCTAGGCCCGGC-1,0.74430794,-1.2942086,0.55954754
CTACTGCCACCTGACC-1,1.7334107,-0.27585456,-1.2275298
CTAGACTGCATTTCGT-1,-0.7317976,-0.34416348,0.9844194
CTAGATGTGAGTGTAA-1,-1.2521368,-0.37050685,0.0061307745
CTAGATTTACGACGGC-1,1.57837,0.57009554,0.028965125
CTAGCATAGTATAATG-1,1.0312853,-0.01799593,-0.54047877
CTAGCCACAGGCGAGC-1,-1.3875403,0.087210976,-0.0044749076
CTAGCCGATGTTATGA-1,-0.96711946,-0.45848483,0.15231167
CTAGGCGCCCTATCAG-1,-1.2008369,-0.3906228,-0.4858019
CTAGGGATAGGGACAA-1,-0.58688766,1.8595506,-0.29383886
CTAGGTCTGAAGGAAT-1,-0.932243,-0.26850143,0.0871968
CTAGGTTCGGACGTGA-1,-0.14091066,-0.052746326,-1.0181822
CTAGTAGAAAGGGATT-1,-1.425477,-0.25970992,-0.8498447
CTAGTATTCGGAATTA-1,1.0561005,-1.0995991,0.47906685
CTAGTCACGTCTTAAG-1,0.84405464,0.08178924,-0.49757412
CTAGTGAAGGACAGGA-1,0.9900768,-0.41689762,-0.41700217
CTAGTTACAACCCGGT-1,1.0461253,0.963815,0.40886015
CTAGTTGGGCCCGGTA-1,1.8283315,0.20620607,-0.7306583
CTATAAGAGCCAATCG-1,-0.9882988,-0.69703895,0.18366165
CTATAAGTAGGGTTTG-1,0.06347714,1.1999321,-0.33836454
CTATAGGCGTTGATGT-1,0.1081236,1.383741,-0.5941418
CTATATCCAGCCTGGC-1,0.09185381,1.4331425,-0.59992594
CTATCGACGAAATACA-1,-1.123318,-0.29321036,-0.55458593
CTATCGCGTAGAGAAC-1,-1.366118,0.22091302,0.5112564
CTATCGGGTCTCAACA-1,1.3075767,0.22439252,-0.41359934
CTATGAACACCTTGCC-1,-0.19594717,1.4852409,-0.46462044
CTATGCCCGAATGCAA-1,1.2677951,1.5273054,0.80022615
CTATGGGAAGCGGAAT-1,-1.2419428,-0.35497633,-0.051989205
CTATGTCACTAGCCCA-1,1.2293754,-0.25588548,-1.0118488
CTATGTCTATTGAAAC-1,0.74302226,1.0722613,1.3478061
CTATGTGAGTCACGGC-1,0.7567774,-0.077196166,-0.58910865
CTATTCATGTGTCCCA-1,0.29584977,0.34066355,0.15762806
CTATTGTGTTTGGTCA-1,-0.8349431,0.055667326,1.2140495
CTATTTGCTTGGAGGA-1,-1.0798587,-0.00823241,-0.45175296
CTATTTGGTTACGGAT-1,-0.41410694,-1.0018445,-1.3702266
CTCAAACCACTGCCCG-1,-0.16908272,1.4432589,-0.46660188
CTCAACTAACCCGGAT-1,-1.3568423,-0.19788536,-0.7405894
CTCAAGACATTAGCGC-1,-0.9128247,-0.12927677,1.0847867
CTCACATTTACTAAAT-1,-0.34854406,-0.12589741,-0.6792912
CTCACTGTGATACTTA-1,-1.0704747,-0.3619483,-0.8875631
CTCACTTGGCTGGTAA-1,0.88948345,-0.8907502,-1.1086056
CTCAGGACTCACCTGT-1,0.48178855,0.6141396,0.7085014
CTCAGTCACGACAAAT-1,-0.8889233,-0.60777247,0.41708305
CTCATGGCTCACAATC-1,0.6813836,-0.09190156,0.8161136
CTCATGGTAATTTGCG-1,0.17624377,0.33171588,0.020672176
CTCATTCGTGAACATC-1,0.0,0.0,0.0
CTCATTGCTCTAACAA-1,-0.73469555,-0.50554335,-1.1849077
CTCATTTGATGGGCGG-1,1.0148544,-0.5622164,-0.13523306
CTCCCAATGAGTCGCG-1,-1.3522718,0.017974531,-0.2907774
CTCCCTCCTTTCGATC-1,0.14636615,0.32223836,0.0018232526
CTCCCTTGTATCAAGG-1,0.2776925,1.1165558,-0.16429588
CTCCGCCCACATGAGG-1,1.3244067,0.6415171,-0.0015038927
CTCCGGCCTAATATGC-1,1.6346084,-0.51684123,0.5892478
CTCCTAGTAATCGTGA-1,0.30236357,0.87278813,0.039942585
CTCCTCCAGCTCACAC-1,0.022720616,1.5686032,-0.3496205
CTCCTGTTCAAGGCAG-1,-1.3166605,-0.036597554,-0.15927683
CTCCTTTACGCAAGTC-1,-1.1867682,-0.17542458,0.40293583
CTCGAGATCCAAAGCA-1,0.044376176,0.04846635,0.058924142
CTCGAGGCAAGTTTCA-1,-0.08467856,1.4796816,-0.5224627
CTCGAGGTCGAACAGT-1,1.1009111,-0.41687074,-0.6958785
CTCGATATTTGCGAGC-1,-1.1182482,-0.45739943,0.1509574
CTCGCACCTATATAGT-1,0.48376665,-0.26526612,-0.8865268
CTCGCATTGCATAGCC-1,0.19728285,1.4130677,-0.615309
CTCGCCGAATGTAGGG-1,0.23690264,0.3222272,0.06531635
CTCGGGTTCTCTGGCC-1,0.10051906,1.2482827,-0.52550834
CTCGGTACCACTGCTC-1,0.44227153,-0.99949956,-0.42732733
CTCGGTCCGTAGCCTG-1,1.3088299,-1.2415612,0.7457884
CTCGGTTGTCGGCCCT-1,0.28655905,1.397779,-0.625587
CTCGTCGAGGGCTCAT-1,0.03413741,1.4453151,-0.5767124
CTCGTCTGTGCCTTCG-1,-0.8217951,-0.11629628,-0.8455389
CTCGTTACGGCTACCA-1,-0.3765219,1.457558,-0.3282793
CTCGTTTCTAATGTTT-1,-1.0876113,-0.37609547,-0.028186012
CTCTAATGCATTGATC-1,-1.3397775,-0.17578405,0.54170716
CTCTACACTGGCGATT-1,1.0860821,0.27534458,-0.38175836
CTCTACATCCTGCGTG-1,-0.21785851,0.37542084,-0.2982182
CTCTAGCCCTCGGAAA-1,-1.2432104,-0.14362866,-0.34298152
CTCTATTTGGCTGCAG-1,0.22486608,0.08061243,0.013535855
CTCTCACAATCGATGA-1,1.1326685,-0.62264943,-0.76060116
CTCTCGCTGTACTATG-1,0.0,0.0,0.0
CTCTCTAACTGCCTAG-1,0.13179052,1.3879851,-0.5896424
CTCTGCAGGCATTCTT-1,-0.0359781,1.3239936,-0.49316
CTCTGCGAAGCAAGCA-1,0.9518806,1.1262258,2.0494623
CTCTGGACGCCTGGTG-1,1.4332374,-0.07237192,-0.6508497
CTCTGTTTGAGGATTC-1,1.175772,0.22443548,0.9961782
CTCTTCTATTGACTGG-1,-0.77842826,-0.558684,-0.13177527
CTCTTCTGGAAGTTAG-1,0.07201023,1.3596561,-0.5672968
CTCTTGTCCCGCTTGG-1,0.39495894,0.8520289,0.012435933
CTGAAAGAGATCCGAC-1,0.9654066,-0.7444046,0.30395275
CTGAATCCGAGACCTC-1,0.8169824,1.4047484,0.25842723
CTGAATTTATTGCCAG-1,-1.2269852,-0.3299886,-0.12027561
CTGACATAGAAATAGA-1,-1.2273338,0.08417831,0.10859424
CTGACTGCGCAGCTCG-1,-1.1069567,-0.48703763,0.005788718
CTGAGAAAGTTCGGCG-1,-1.5996222,0.062904835,-0.12701827
CTGATAGTGTATCTCA-1,0.7541385,-0.6337699,1.2515068
CTGATCCCTTTATGCA-1,-0.16585864,1.3948406,-0.45056915
CTGCAAGCACGTTCCG-1,-1.3118296,-0.19590661,-0.28918722
CTGCACAACTACATAT-1,-0.52792877,-0.35369182,-0.63048196
CTGCACCTGGAACCGC-1,0.7223233,-0.36045462,1.6830381
CTGCACTCCAGTACAG-1,0.28753442,0.25879452,-0.17456669
CTGCAGAGAATCAGAG-1,-1.2354883,-0.37379897,-0.008330901
CTGCAGGTGCTCGGCC-1,0.0,0.0,0.0
CTGCCAAGGTTGGAAG-1,0.8923814,-0.6354056,-0.2629498
CTGCCATGCATCACAT-1,0.094690576,0.11270727,0.022712355
CTGCCTAGCCACCAAG-1,-0.7371607,-0.79095924,0.8456948
CTGCCTTTAATACCTT-1,0.04313994,1.405261,-0.5584081
CTGCCTTTCTAGTAAA-1,-1.08441,-0.309955,-0.42475548
CTGCGACCTCGCCGAA-1,-0.99768656,-0.043688614,-0.18276522
CTGCGATTTCGAGATT-1,-0.21252571,0.3118635,-0.02491029
CTGCGGGTGAAATGTT-1,0.87420815,-1.2346907,0.45427454
CTGCGGTAGTCACGTG-1,-0.81038827,-0.508845,0.86044073
CTGCGTTACGATATAA-1,0.13174081,-1.1637876,0.6303021
CTGCTGAGGCCACGAA-1,0.40832895,0.76720434,-0.055597987
CTGCTGTCTAACGAGC-1,-1.581098,0.07773466,0.078277804
CTGCTTGGCGATAGCT-1,0.6517509,-0.61784273,-0.83510834
CTGGAAATGGATGCTT-1,1.0159895,-0.6859793,-1.143401
CTGGAAGACACGGTGG-1,-1.1817657,-0.48959854,-0.7061246
CTGGACGCAGTCCGGC-1,0.0,0.0,0.0
CTGGATTTACACTTGA-1,0.6938503,1.1120795,0.30294243
CTGGCATCCGAATGAG-1,0.4959048,0.4160054,0.21651104
CTGGCGACATAAGTCC-1,1.0243541,-1.2483544,0.15259267
CTGGCGCACAGGTCTG-1,-0.7730017,-0.51680166,-0.7044941
CTGGCGGGAATAAGTA-1,0.6091943,0.6956842,0.9828964
CTGGCTGATTCATCCT-1,-1.1037881,-0.42982355,-0.592147
CTGGCTGGTTGTCAGT-1,0.39061964,1.0807302,-0.18360513
CTGGGATAAATAATGG-1,-0.06316418,-1.165185,-0.9734672
CTGGGCCTGCTATATC-1,1.0298867,0.27938324,-0.28774527
CTGGGTAGGCAGTTAA-1,0.5191303,-1.2136413,-0.8892333
CTGGGTTGAGTTAAAG-1,0.036168605,0.10805314,0.0063704923
CTGGTAAAGTGTGGGC-1,-1.2419393,-0.07527314,-0.31041706
CTGGTAACACATAGAA-1,-0.8736676,-0.6116731,0.03763668
CTGGTAACGAGCTCTT-1,-0.8570437,-0.6081798,-0.116924316
CTGGTCATTCCAATCC-1,0.68165624,1.0520627,1.5428531
CTGGTCCTAACTTGGC-1,-0.0040042247,0.09188079,2.5721998
CTGGTGAATGGGCCTA-1,0.018263297,1.3451954,-0.5239002
CTGGTTTCGAGCAAGA-1,-0.94711614,-0.4555539,-0.8224021
CTGTACTTCTTAGCAT-1,0.5202958,0.3304856,0.24723884
CTGTAGCCATCTCACT-1,0.5347039,1.62789,-0.29514796
CTGTAGTGAGGATCGA-1,-0.26688027,1.3267207,-0.35648257
CTGTATGGTGTAGAAA-1,0.2904859,-0.3416732,1.5815005
CTGTCAAATGGCTCGG-1,0.07784612,-1.0807471,-0.8515499
CTGTCACGCCAGGCGC-1,-0.57513994,0.041014183,1.8404715
CTGTGCAGGGTAGGTC-1,0.5673198,0.47631884,0.42086777
CTGTGGTCGGGAGATA-1,-1.3357583,-0.36023378,-0.7960245
CTGTTACCCAATCTAG-1,0.2025062,0.34868056,0.03578327
CTGTTCACTGCCTGTG-1,1.405014,-0.7713783,0.0741498
CTGTTCATCTCACGGG-1,1.083947,-0.13814704,0.5836865
CTGTTGGCTCTTCTGA-1,0.0,0.0,0.0
CTGTTGTTCAGTCGTA-1,0.069791704,1.4128793,-0.49467394
CTTAACTTCGAAGTAC-1,0.7273555,0.43899572,1.5007374
CTTACACGGTATTCCA-1,0.53281575,-0.67320764,-0.4624108
CTTACACTGGGAAATA-1,0.79671913,-0.2654725,1.9035333
CTTAGCCTTCCACATG-1,0.6702401,-0.8085653,-0.39238432
CTTAGGTATAGACCAG-1,0.13013288,1.3303286,-0.5155069
CTTAGTAGGCCTACAG-1,-1.2259258,-0.3927559,-0.010422024
CTTAGTGTAGTAGCAT-1,-1.2837021,-0.35076934,-1.2035214
CTTAGTTGAGGAATCG-1,0.10830814,1.3825058,-0.57784104
CTTATAGATGGCTGTT-1,-0.90623945,0.34380716,0.20215613
CTTATGCGCTCAGGGC-1,0.42741397,0.39721313,-0.03195813
CTTCAACTCCACTTGG-1,0.04777348,-1.0269927,-1.370408
CTTCACGCCCTGGTAC-1,0.0044964296,1.3473663,-0.5338345
CTTCAGTGGTCGCCTA-1,0.4790306,1.2000469,0.06983677
CTTCATAGCTCAAGAA-1,0.88197976,-0.594868,0.85091853
CTTCATTGTCAGTGGA-1,1.3117292,0.18845028,-0.4054621
CTTCCGCTCCGTGAAG-1,0.13392812,1.2585076,-0.5484133
CTTCGATTGCGCAAGC-1,-1.1909748,-0.31363177,-0.005528479
CTTCGGCCAATTGTTT-1,-1.1960213,-0.22639516,-0.24221823
CTTCGTAGATAGGTGA-1,1.0587437,0.8098661,0.12539679
CTTCTATGTTGAAGTA-1,0.95461375,0.89555484,0.44171897
CTTCTATTAATGCTAG-1,0.17670408,1.4068296,-0.4611727
CTTCTGGGCGTACCTA-1,0.08483076,1.3620628,-0.5538722
CTTCTTACGTCGTATA-1,0.604698,-0.17015068,0.7247345
CTTGACCCGAAAGATA-1,0.6493324,0.7596965,0.76079124
CTTGAGTTAGGGTAAT-1,-0.94401115,-0.49435538,-1.1031334
CTTGCAACCGCCTCCT-1,0.74575573,-0.03451168,-0.19096981
CTTGCCCAGGCTCTAC-1,0.37186998,0.574247,0.16858602
CTTGGCCAAGCTGGGA-1,0.6157908,1.4710301,0.5536218
CTTGTACTTGTTGACT-1,1.2566905,-0.73984855,0.15816781
CTTGTCAACATTCGAG-1,0.52846134,0.5305743,0.2749551
CTTGTGAGGACAGCGG-1,0.0,0.0,0.0
CTTGTGCTCACCGATT-1,-0.8646901,-0.7465724,-0.1772812
CTTGTTGCTGAGTCAA-1,0.2033257,-1.3035786,-1.2038056
CTTGTTTATGTAGCCA-1,0.6562527,0.64541024,1.3445978
CTTTAACTTTCAAAGG-1,0.45686862,-0.19297226,-0.8224802
CTTTAATATTGGTCGA-1,0.6240049,-0.33149716,-0.8799748
CTTTACCGAATAGTAG-1,-0.8706542,-0.87862843,-1.1531467
CTTTAGGAACACTGTT-1,-0.59137297,-0.7509206,-0.14388917
CTTTAGTGCTATTATT-1,0.07973972,0.0653138,0.036783952
CTTTCTGTGCGGGCTT-1,0.45686525,0.5131786,0.25390097
CTTTGCATCGCTCTTG-1,-0.7410349,-0.68210703,-0.12145812
CTTTGGCGCTTTATAC-1,0.5246977,-0.7407639,1.3414222
CTTTGGCTTTAGTAAA-1,0.49502876,-0.7633938,-0.35182276
CTTTGGGATTGTTGCA-1,-0.25494546,1.378034,-0.37287
GAAACAGATGACCACC-1,-0.8016889,-0.5295947,-0.986008
GAAACAGCCATGCAGT-1,0.42750007,0.049303483,1.0992234
GAAACATAGGAAACAG-1,-0.010377564,1.2602123,-0.48418924
GAAACCATGGTGCGCT-1,-1.3208822,-0.18442237,0.077887185
GAAACCGAATTACCTT-1,0.6241143,1.0362124,0.10612166
GAAACCTATACAAATG-1,-0.12218951,1.3661104,-0.62191325
GAAACTCGTGCGATGC-1,0.8768772,-0.960433,0.9563795
GAAACTCTAATGAAGG-1,0.46138012,-0.33516693,1.0620154
GAAAGAACAGCGTTAT-1,-1.164644,-0.28787392,-0.17225535
GAAAGCAGTGCACTTT-1,0.00866761,1.0442774,-0.4067085
GAAAGCCCTTTGGACC-1,0.101847105,-0.9251155,0.8029449
GAAAGTGACTAACTGC-1,0.65630156,-0.7396573,1.1951128
GAAATACCTGCTGGCT-1,-1.1293496,-0.5591338,0.54299253
GAAATACTAAACGTTT-1,0.5627183,0.72487897,1.2732322
GAAATATCACCATCAG-1,0.5874153,-1.345384,-0.20086673
GAAATCGCGCGCAACT-1,1.1433464,-0.94046044,0.6640522
GAAATGGCGGTGTTAG-1,0.96538347,-0.83904374,-1.0813669
GAAATTAGCACGGATA-1,-0.8772686,-0.81011,0.40722027
GAAATTCACATCGCTG-1,0.5029582,0.69281095,1.765079
GAAATTGTCTCTATAA-1,0.17858216,0.2543265,0.0604463
GAACAACTGGGATGAA-1,-1.1628085,-0.2466194,-0.52844363
GAACACACATCAACCA-1,0.5030404,-0.821714,0.29476845
GAACAGATTACTAAAT-1,-0.16053455,0.14286408,-0.8748864
GAACCCTCTGTGTTCT-1,-0.6280228,0.04518304,-0.28670266
GAACCTTTAACGATCC-1,-1.245995,-0.3396369,-1.0129294
GAACGACCGAATGATA-1,1.6823432,-1.2224747,0.18184721
GAACGCGGGTCACACG-1,-1.2361369,-0.094561316,-0.2044128
GAACGTCTCATGGTCG-1,-0.35402346,-0.8894416,-1.258332
GAACGTTAGGAAGACG-1,0.9090336,-0.91519433,1.394008
GAACTGTGGAGAGACA-1,-1.053436,-0.07699299,-0.64964354
GAAGAAACGATATTGT-1,-0.11184099,1.4946909,-0.5054578
GAAGAACGGTGCAGGT-1,0.41350073,0.23916766,1.1546882
GAAGCCACTGATTATG-1,-0.18370108,0.24807838,-1.129328
GAAGCCGGGTAAGCTC-1,0.0,0.0,0.0
GAAGCCTGCACATTCC-1,0.5752689,0.80219907,0.355663
GAAGCGTGAGGAATTT-1,1.3687546,-0.46759656,-1.2986023
GAAGCTCGGACCCGTC-1,0.5852657,1.5222216,-0.08518488
GAAGCTCTTTGCTTAG-1,0.054360803,0.059371285,0.072182074
GAAGCTTGCTGACCGC-1,0.87228966,-1.1097827,-0.7529781
GAAGGACTAAATTGAA-1,0.0,0.0,0.0
GAAGGAGTCGAGTGCG-1,0.27304578,0.30992228,0.050111014
GAAGGGCATAACCATG-1,0.0,0.0,0.0
GAAGTCAGTTGCACTA-1,0.6415474,0.95307314,0.32252976
GAAGTCTCCCTAGCGA-1,-1.0543816,-0.32728636,-0.5619814
GAAGTGATTTATCGTG-1,1.0065757,1.3384107,0.37240154
GAAGTGCTGGATAGCT-1,1.0318785,-0.5032512,0.41129687
GAAGTTTCCACTCAAT-1,1.0773013,-1.1866598,-1.5030507
GAATAGACGCGACCCA-1,-1.1259325,-0.3317244,-0.4094834
GAATAGCATTTAGGGT-1,-1.5174639,-0.23418789,0.3425718
GAATAGCCCTGCGGTC-1,-0.9362811,-0.22135411,0.85915434
GAATAGTGCTCGATTA-1,0.0560794,1.4164741,-0.5858632
GAATATTCGGAGTCCC-1,0.6654278,-1.263744,1.374814
GAATCGACATGGTCAC-1,1.2320759,-0.9142812,0.3299741
GAATCTGAACATTCTC-1,0.036892436,0.043911923,0.00884897
GAATGCCGAAATGACC-1,0.74440724,1.033299,1.5553557
GAATGCGAATCGGTTC-1,-0.6063357,-0.22861518,-0.8241383
GAATGTATGGCAGGTC-1,-0.23389632,-1.0473211,0.6806482
GAATGTGGTCCGGATT-1,-0.02292868,-0.97668684,-0.52719975
GAATGTTGGGTAATCT-1,0.7959074,-0.4433995,-0.9587995
GAATTATAGTGAAAGG-1,1.4181939,-0.08037279,-0.749958
GAATTCACCCGGGTGT-1,0.26956388,0.7189245,-0.07646761
GAATTTCTCGCTGCAG-1,0.7679898,-1.1149663,0.5155447
GACAAACATATGCAGG-1,-0.9455233,-0.30680582,-0.22522277
GACAACGACCATTGAA-1,0.9153124,-0.98756343,-1.1782954
GACAACGCAGCTTACG-1,1.9178518,-0.92468923,0.28828996
GACAAGAGATGAGATT-1,-1.5264442,0.010378519,-0.2719384
GACACAAGGGAAGAAA-1,1.2741035,-0.57415545,-0.8925088
GACACGAGTTAGAGGA-1,0.88144445,1.1707271,1.3546864
GACACTGAGTTCAGTG-1,0.19295076,0.3246343,0.059270937
GACACTGGAACCCGAT-1,-1.3841895,-0.14626007,-0.33872506
GACAGCCAGACCTGAC-1,-0.8343139,-0.74973536,-0.050133727
GACAGGCACACACTAT-1,0.4388436,-0.7308973,-0.5060909
GACATACTGTCGCAGA-1,0.0,0.0,0.0
GACATCCGTCGAACTG-1,-0.9873405,-0.08667101,-1.0640745
GACATCGATTTATAAC-1,0.14297783,1.288524,-0.40048838
GACATTTCGCCCAGCC-1,0.03409904,1.4013201,-0.52310884
GACCAAACGTTGACTG-1,-1.0816706,-0.19242215,-0.24841642
GACCACACTTCCCTTT-1,-0.88409656,-0.23110524,-1.03786
GACCAGAGCCCTGTAG-1,0.7485742,-0.60696465,-0.54361945
GACCCAATTATGATAC-1,0.7693703,1.5789373,0.21969311
GACCCGTCGCCGGCTA-1,0.63562626,0.7438788,0.74208724
GACCGACCGCTAATAT-1,0.0,0.0,0.0
GACCGACGTGAAAGCA-1,-1.2476872,-0.13378498,-0.2765587
GACCGACTGAAGCGTC-1,0.10105372,-1.0929856,0.46120933
GACCGATTAAATATGT-1,-0.11074302,1.4602739,-0.48517996
GACCGCGTCTGACGTG-1,-1.2466357,-0.13454123,-0.28658402
GACCGTCAGGTCGTGA-1,0.7147209,-1.1495259,1.087492
GACCGTGCTGACGGTG-1,0.07142544,0.05939376,0.0715702
GACCTGGTCTGGGCGT-1,0.06616587,0.07226442,0.08785722
GACCTTCCACGTCTAC-1,-1.117838,-0.36101705,-1.1091256
GACGACGATCCGCGTT-1,1.172749,0.52159977,-0.3204579
GACGACTTTCCAAGAA-1,0.0,0.0,0.0
GACGAGGCTAATAAAC-1,-0.9039875,-0.2179986,-0.29456455
GACGATATCACTGGGT-1,-0.028153216,1.2466369,-0.46110573
GACGCCGTAAAGGCTA-1,0.23090789,1.1710176,-0.425092
GACGCTTGCTTCTAAA-1,1.2157102,-0.5220118,-0.5961149
GACGGGTTGGCCCGTA-1,0.09031221,1.4917198,-0.40953347
GACGGTCAATAGAAGC-1,-1.0117271,-0.5663196,0.034430306
GACGTGTAGGGATTAT-1,0.76953655,-1.0530018,0.034805566
GACGTTGCTCGGCGGC-1,-0.12880422,1.4462883,-0.48127928
GACTAACACAGCACCT-1,-0.9100395,-0.7277973,0.8529373
GACTAAGATCATGCAC-1,1.3486744,-0.95430017,0.18996209
GACTAAGTAGGCTCAC-1,1.2111684,-0.80666107,0.31021738
GACTACAAAGCGGTGG-1,0.027758796,0.03236193,-0.005078694
GACTACAATTGCTCGT-1,-0.8756375,-0.67780703,0.68011254
GACTAGGCCGTTAGGT-1,-1.0044886,-0.41575477,-0.61770755
GACTCACCCACGTGAG-1,-1.2454641,-0.17383774,-0.32443985
GACTCCCAGAATAAGG-1,-1.4117594,0.002787445,-0.020661745
GACTCCTTCCAATTGA-1,0.10650983,0.8446261,-0.21258542
GACTCGCGGGAATGAC-1,-0.87966144,-0.71805435,-0.15857458
GACTGATTGGTCACAA-1,-0.25453886,0.26510414,1.6692544
GACTGCAAATCGAGCT-1,-0.30199707,-0.915852,-1.2968397
GACTGCACCAGCCCAG-1,-0.5991237,-0.75488126,-0.3911639
GACTGCGGCACGTGTA-1,0.20660414,-0.15513769,0.9360803
GACTGCTGGTGAGAAA-1,-0.15116912,1.2126125,-0.39079392
GACTGGGCGCCGCAAC-1,-1.0301765,-0.28172818,1.036584
GAGAAACTGGATCCCA-1,-0.65315956,0.29778653,-0.17188789
GAGAACGGTTCTGACT-1,-1.3283234,-0.33625102,0.36164016
GAGACTGATGGGTAGA-1,1.4169817,-0.5636456,-0.86301994
GAGACTTCGCGACCGA-1,0.6087457,1.0930927,0.23405156
GAGAGGCCTATGTGTA-1,-0.9595665,0.15506403,-0.18365899
GAGAGGGCGCGAGGTT-1,0.79621404,-0.5468197,-0.49484432
GAGAGGTGCATTCTGG-1,0.7002919,0.22319682,-0.095507614
GAGAGTCTCGGGAGAG-1,-0.023725737,1.7478179,-0.2743505
GAGATCTGCTTGGCAT-1,0.8872676,-0.9484396,-0.2651535
GAGATCTGTCACTCCG-1,1.6850387,0.13269871,-0.5860303
GAGATCTTCCATGACA-1,0.42574468,-0.9723634,-1.0551043
GAGATGGCTTTAATCA-1,-0.95614374,-0.110488966,-0.30790353
GAGATGGGAGTCGACA-1,0.8398386,0.0018684693,-0.64511335
GAGCACCTGTGTCCAG-1,-0.09940716,-1.1194764,-1.165904
GAGCATCAACAACTTG-1,0.0057272622,1.4113212,-0.5614051
GAGCATCATCCCTGGG-1,0.46186367,0.30044547,0.7777213
GAGCCAGCTACCTGTG-1,-1.112955,-0.55866975,-0.7944385
GAGCGAGGGAGTACCG-1,0.38516867,-0.14156283,0.77311856
GAGCGCAAATACTCCG-1,-1.34114,-0.23981702,-0.23101081
GAGCGCGCACGAGTAG-1,-1.242033,-0.3232399,-0.32293573
GAGCGCTGTTAGGTAA-1,0.094466776,1.451473,-0.6014545
GAGCGGAATGCGGTGT-1,-0.33109596,1.6569983,-0.41789603
GAGCTAAGGGCATATC-1,1.0123401,-0.75077647,-1.3678833
GAGCTCAACATGAGCG-1,-0.1134316,0.13381603,-0.13748445
GAGCTCTCGGACCTAA-1,0.471292,0.5527815,0.65660006
GAGCTGTCGTCTCGGA-1,-1.2321558,-0.13266617,0.3983689
GAGGAATATCTCTTTG-1,-0.655015,1.6734682,-0.24547899
GAGGAATGGAGAGGTT-1,0.8774277,-1.0249099,0.78242475
GAGGAGATCCTCATGC-1,0.062126625,0.06785289,0.08249379
GAGGATAAACAGTGCT-1,-1.461259,-0.2720751,-0.021909673
GAGGCCCGACTCCGCA-1,0.60438764,1.6138575,-0.21015011
GAGGCCTGTTGATACA-1,-1.3577557,-0.03083487,-0.34868205
GAGGCTATCAAAGTCG-1,-0.15702304,-0.9377102,-0.84419346
GAGGGAGTCAGATCGC-1,-0.17713103,1.3450838,-0.42281902
GAGGGCGCAGCTCTGC-1,0.05357352,-1.0087807,0.2362911
GAGGGTAGTAACAAAG-1,-0.041556925,1.2219447,-0.45916837
GAGGTACATCCATCTT-1,0.64600927,-0.77603924,1.2187548
GAGGTACGCGTGTCCC-1,-0.992227,-0.1391393,-0.7215152
GAGGTCCCAAAGATCT-1,0.6557063,0.78198,1.0919402
GAGGTCTTAGTGGGTC-1,-0.27074796,-0.1446959,1.5939476
GAGTAAACCGGAAAGT-1,-1.3575517,0.02229526,-0.1579271
GAGTAAGGCCACGGGA-1,0.8902556,-0.15729183,-0.50553006
GAGTACGGGTATACAA-1,-0.024075493,-0.0069042756,1.9514756
GAGTAGATACTAGTTG-1,0.73357135,0.8053545,0.078608066
GAGTATACCCTAATCA-1,-0.037583668,1.4037049,-0.5245318
GAGTATCAAAGTTACA-1,-0.8797515,0.31562427,1.192897
GAGTATGCCCGCCTTG-1,0.3537757,1.1690453,-0.19759052
GAGTATGCGCGTGCAT-1,-0.59998244,-0.36034974,-0.84364855
GAGTCAGACCAGAATC-1,0.08786479,1.1074613,-0.47652373
GAGTCCGCTTACCGGA-1,0.15277277,0.2785137,-0.008232916
GAGTGTCAACCAGAAA-1,-1.4281822,-0.16248284,-0.6840309
GAGTGTGCGGTACCCA-1,-0.84634876,-0.5198903,-0.47917414
GAGTTGATGGCAATTT-1,0.08483065,0.12381546,0.09294088
GAGTTGTCACCAGTCT-1,-0.07601099,1.0297351,-0.35336322
GATAAATCGGTGGATG-1,-0.06741449,0.013451025,1.6217552
GATAACTCGCACTGTG-1,-0.22989376,-0.8771006,-1.3046536
GATACGATGGGAGTCA-1,0.35397744,0.6679326,0.10462303
GATAGAACCCGCTAGG-1,-0.26587552,1.5321386,-0.2692631
GATAGCGTACCACGCG-1,0.11579026,0.12646274,0.15375014
GATAGGTAACGTTGAC-1,0.11606131,0.16165145,0.03833761
GATAGTGCGAGTAAGT-1,-0.29104945,1.3613646,-0.33823013
GATATCAGTATGTATC-1,0.0,0.0,0.0
GATATCTCATGCAATA-1,1.0279543,1.2241598,1.4637153
GATATGAGACACTAAC-1,0.5318985,-1.2412436,-1.0645416
GATATGCGGTAGCCAA-1,-0.16298307,-0.9145,0.32474896
GATATGGATTACGCGG-1,0.26295885,-0.33820102,0.581328
GATATTGAGATTGGCG-1,-1.0828137,-0.50046116,0.21560083
GATATTTCCTACATGG-1,0.07311985,-1.0882628,0.5256556
GATCAACATAAAGGGA-1,0.040157937,1.4808928,-0.5978893
GATCATTCCAAACATT-1,1.3379784,-0.7081661,-1.3638551
GATCCCTTTATACTGC-1,1.4365675,-0.51018846,-0.7046456
GATCCGGGAATTAACA-1,0.68515736,-0.17302819,-0.58702713
GATCCTAAATCGGGAC-1,-0.80359596,-0.7814234,0.027645582
GATCCTCGACACTGGC-1,0.21706474,0.41824085,-0.07784913
GATCCTCTTGCGCTTA-1,-0.9868094,-0.525495,0.5819913
GATCGACACTATCTGA-1,1.339114,-0.61561847,-1.0529848
GATCGCGGGCTCTCCA-1,1.124867,-0.80794066,-1.2056698
GATCGCTACCCGATTT-1,-1.0275768,-0.5070819,-0.0176102
GATCGCTATATCTCAG-1,0.13547252,1.3581727,-0.58709055
GATCGCTGTGGTGCGT-1,0.039465237,1.1062297,-0.44228142
GATCGGATAGAACCAT-1,-0.13856164,-0.038646072,-0.09007996
GATCGGCGATAAGTCG-1,0.29542324,0.40125954,0.49741375
GATCGGTGGCCATAAC-1,1.3189662,-0.27276236,-0.8995616
GATCGTGACTGATATC-1,0.6113399,-0.4368058,-0.82075703
GATCTCGACGCTGTGG-1,-1.4232624,0.029255014,-0.07043213
GATCTGCTATCTAAGG-1,0.6237543,1.4793254,0.53279805
GATCTTCATTGTCCTC-1,0.0,0.0,0.0
GATCTTGGAGGGCATA-1,0.5742857,0.051685013,-0.01753834
GATCTTTGCAGGGTAT-1,0.9594374,-1.0691779,-0.6545845
GATGACAAGTAGGGCA-1,0.24222575,1.5362326,-0.509487
GATGAGGAACCTTCGG-1,-1.0599055,-0.3533974,-0.88948715
GATGCCAGCAGAAGGC-1,0.4424153,0.7846079,1.4230415
GATGCCTTCTGCGGCA-1,-0.010849036,1.4476908,-0.54722595
GATGCGAATGGTATTA-1,0.041558906,-0.0064152326,0.03679501
GATGCGTCCTGCATTC-1,1.0081345,0.37211078,-0.026589451
GATGCTACAAGCGCCT-1,1.1764463,-0.8700012,1.0389183
GATGCTACCTTCGATG-1,-0.49052352,0.52240413,-0.65630937
GATGCTGTATTTCATC-1,1.2018205,-0.22225052,-0.6224449
GATGGCGCACACATTA-1,0.3428457,0.11193759,1.5651777
GATGGTGCCCTAGGCA-1,-0.23154229,-0.7919046,1.6280965
GATGTAACGAACCACC-1,0.14318813,0.24820751,0.08090378
GATGTCGGTCAACTGC-1,0.37224796,-1.0675529,1.2871951
GATGTGTTGTCACAAG-1,-1.0285491,-0.28744787,0.90776706
GATGTTCAATCCACGA-1,0.3892914,-0.005188954,-0.15789576
GATGTTTGTGCGAGAT-1,0.18184438,-0.09288726,1.5014669
GATTAACCGAAAGCCC-1,-1.2304507,-0.2635085,-0.39463797
GATTACTGAATTTGGG-1,1.1410623,0.16664317,-0.1025363
GATTAGAAACAAGCGT-1,0.55684465,1.0637078,0.23166274
GATTCCCTTGTCGCAG-1,2.0708535,0.38690263,-0.8819849
GATTCCGCGTTTCCGT-1,1.235535,-0.24826553,0.98866814
GATTCCTATACGGCGC-1,1.0096437,0.024038276,1.407642
GATTCGACGGTTCACG-1,0.83298916,0.6233389,0.32605204
GATTGCTCCAGTTGCA-1,0.06528581,1.4197928,-0.5886613
GATTGGGAAAGGTTGT-1,-1.1974597,-0.38976693,-0.76805127
GCAAACCCTACATTAT-1,-0.42217872,-1.0894624,-0.9085328
GCAAACCTTGGCCATA-1,-0.20119883,-0.05125201,-0.27843243
GCAAACGTCGCCAGGT-1,-1.4330368,-0.18524578,0.13219811
GCAAAGGGCGTTAGCC-1,0.009104198,1.3685818,-0.5185003
GCAAATATTACGCTTT-1,0.85437375,-0.96595544,-0.065962136
GCAACACACTAGAACT-1,0.80306923,-0.1512298,-0.38409156
GCAACAGCAGTATGCG-1,-1.2643524,-0.34305474,-0.019838689
GCAACCACCAGACCGG-1,-0.6938659,-0.8104874,0.6589761
GCAACCACGGCCGCGT-1,0.7302858,-0.39167577,-0.8093009
GCAACGGCTAGTTATG-1,-0.90832216,-0.37453455,-0.04833303
GCAAGAATTCCTTGGC-1,0.5432458,0.14583358,0.17028193
GCAAGTGCACAGAGAA-1,0.9224405,-0.99043596,0.4263744
GCAAGTGTAAAGCATG-1,-0.40492156,1.6100099,-0.35047686
GCACAAACCCTAGATG-1,-0.08727757,1.3508596,-0.47044346
GCACAAACGAGGCGTG-1,-1.3374119,-0.2632402,-0.15274799
GCACAACCTCGGGCGT-1,0.19230527,1.2515936,-0.45683184
GCACAAGTGGATCATA-1,0.0,0.0,0.0
GCACAAGTGTCGGAAG-1,0.22897708,0.2518454,1.7750156
GCACACACTGGTAGCC-1,-1.0754862,-0.31473988,-0.26686364
GCACACAGCTATTACC-1,-0.49163535,0.13555767,-0.27409333
GCACACGCCCATGGTC-1,0.39065287,-0.6032972,0.7770182
GCACAGCACGGGCCGA-1,-0.22022887,1.7611737,-0.24799928
GCACGCCTACTTAGAT-1,0.3599872,1.4235028,-0.60115296
GCACGTGGTTTACTTA-1,-1.3056229,-0.0025250698,-0.28631076
GCACTAGTCGCGCTAT-1,0.32275903,0.26547536,1.0668515
GCACTGCCTACCTTTA-1,-0.09434622,0.2839856,-0.943921
GCAGAAGGTAATCTCC-1,-1.0630239,0.17410818,0.6003687
GCAGACCCAGCACGTA-1,-0.9310692,-0.33348066,-0.10154479
GCAGATCCATAAGACT-1,-0.79075575,-0.7525008,-1.0404527
GCAGATTAGGGATATC-1,1.0506978,0.43705764,0.015662791
GCAGCACACAGCCCAG-1,1.175256,-0.52823675,-0.5751814
GCAGCCTATATCACAT-1,-1.5957162,-0.033406086,-0.04178744
GCAGGAACTTAGATCT-1,0.1521482,0.30365673,0.020386333
GCAGGACTATAGAATA-1,0.92684364,-1.086093,-1.0499432
GCAGGTAGAGTATGGT-1,-0.654649,-0.8787864,0.43284798
GCAGTGTGGCTATAGG-1,-0.7807726,-0.6586172,-1.0383176
GCAGTTCGATCCGAGC-1,-1.3529532,0.13489535,0.3364525
GCATACGAGGTCTTTA-1,0.6512483,-0.8947884,0.106646486
GCATAGAGCACTCAGG-1,1.0873725,0.5747571,0.004909273
GCATCCCTAACTTTGA-1,-0.0087878015,0.014069684,1.6896946
GCATCCTCTCCTATTA-1,0.0,0.0,0.0
GCATCGGCCGTGTAGG-1,-1.0925714,-0.3459274,-0.25510752
GCATGAGGGACGCGGC-1,-0.1146442,-1.1847025,-0.7651807
GCATGCTAATAACGAT-1,-1.0404454,-0.3193966,-0.102707
GCATTCAAGGCAACGC-1,-1.1243825,-0.35549295,0.18295628
GCATTCGAAATGAACA-1,0.39085838,-0.17811576,0.8013286
GCATTGTAATTCATAT-1,1.4601547,-0.3462033,-1.321683
GCATTTCCAAGGCTCC-1,-1.2857851,-0.2440057,0.057964567
GCCAACCATTTCCGGA-1,-1.1748322,-0.5130818,0.24128227
GCCAAGAATACTTCTG-1,0.5488129,0.67081785,0.05985603
GCCAATAGGGCATCTC-1,-0.9351781,-0.7036101,0.18093249
GCCACAATTTAAGGAC-1,0.281293,0.32329822,0.1074943
GCCACCCATTCCACTT-1,0.0,0.0,0.0
GCCACTCAGAGCGCGA-1,-0.73443365,-0.67111105,0.16213045
GCCACTCCTTACGGTA-1,-0.94903016,0.22596177,1.4456408
GCCAGGAAAGAACACT-1,-0.082283415,1.2324576,-0.42815444
GCCAGGAGTAACCGAT-1,-0.16333978,-1.1429691,-0.031965937
GCCAGGCGTTCGCATG-1,-0.6701174,-0.6983478,0.898697
GCCAGGCTTAGTGGTA-1,0.0,0.0,0.0
GCCATATTGCACACAG-1,0.06286923,-1.1820093,-0.11062241
GCCATCGAGCTGCGTG-1,0.01156218,1.2037455,-0.4576615
GCCATCGATGCTGCAT-1,-1.2611281,-0.25910696,0.07686305
GCCATTAGCCTCAAAC-1,0.11563539,0.7990081,-0.16357729
GCCCAGTTGGTATGCC-1,1.1443394,-0.36516306,0.863623
GCCCGACTTCTTCCCG-1,0.23680374,0.23269568,0.12558153
GCCCGAGAGTCTAAAT-1,0.22839051,1.362679,-0.6084073
GCCCGATCTGTGGTCG-1,0.41346896,0.45468193,0.22613628
GCCCGATGCCCAGTTC-1,0.0017791179,1.2768589,-0.5028658
GCCCGCGCGTAAACGG-1,0.41382015,1.1274166,-0.15466726
GCCCGCGCGTTTGACA-1,1.0178845,-0.6102964,0.57757205
GCCCGTAATACCTTCT-1,1.3500649,-0.9001899,-1.5654085
GCCCTAGCCGTCGCGA-1,0.35294417,1.0531349,-0.06794767
GCCCTGAGGATGGGCT-1,-1.1912721,-0.32414097,-1.06262
GCCGAAATTCCTACGT-1,1.2116146,-1.1214451,-1.1276098
GCCGACCCACGACTGC-1,-0.07782128,1.3882995,-0.4998927
GCCGATTGGCCAAGCT-1,0.039848384,0.0474303,0.00955798
GCCGCATTAGTCCGGC-1,1.0933933,-0.99512386,1.3687128
GCCGCTTGTGAGAAAC-1,0.9241884,-1.086742,-0.3220887
GCCGGGTTAGGGTCGC-1,0.0,0.0,0.0
GCCGGTCGTATCTCTC-1,-0.4746578,1.7885215,-0.36836374
GCCGTCGGTTTCGGGC-1,-0.3580993,1.4376749,-0.25523475
GCCGTGGAAGAAATGT-1,-1.5503789,-0.15318277,-0.20048009
GCCTACGTTCTGTGCA-1,-0.9022865,-0.27925363,-0.87496746
GCCTAGCGATCTGACC-1,1.170589,-0.67008436,0.6796913
GCCTATAGTGTCAGGG-1,-0.2262364,-1.0653017,-0.36035305
GCCTATGCTGGGCCTT-1,-0.58969754,-0.12245192,0.8557642
GCCTATTCCGATATAG-1,0.48548895,-0.49473256,1.2980909
GCCTCAGGTACCGGTC-1,0.38712806,0.7550263,0.12287351
GCCTCATCTGGAAATA-1,-1.1459869,-0.42234525,-0.4340973
GCCTCCGACAATTCAC-1,-1.0536638,-0.43579197,0.011145451
GCCTCTATACATAGCA-1,0.16005933,-0.5575194,-0.65931153
GCCTTCAGCCCTACCG-1,0.9480272,-0.54841954,1.4148475
GCCTTGTATATGCAGT-1,0.09174018,0.11072185,0.12588705
GCCTTTGTCAGTGGAC-1,0.123581484,1.3768688,-0.51675063
GCGAAACGATCGGGAG-1,-1.0900072,-0.30366835,-0.23707442
GCGAAACTTAACTGGA-1,-0.7010144,-0.77612346,-0.420574
GCGAAGAATCTGACGG-1,-1.2421324,-0.18565878,-0.45639846
GCGAAGCCATACCCGT-1,1.0232179,0.1099131,-0.12700038
GCGACATGTAAACATC-1,-1.1764381,-0.1810142,-0.25684637
GCGACCCAACCATCTG-1,0.0379145,1.23061,-0.50220066
GCGACGATAGTTGTAC-1,0.7150197,1.1977106,0.23685788
GCGACGGTAGTCTCCT-1,-0.36903286,0.18595587,-0.12526838
GCGAGAAACGGGAGTT-1,0.50563484,0.5522396,0.67139864
GCGAGAGTTGCGTCCA-1,-1.1840796,-0.42765903,0.07986796
GCGAGCGCATGCTCCC-1,-1.2929559,-0.23153798,-0.2082335
GCGAGGCCCGAGCAGA-1,0.5031818,-0.93236285,-1.1140114
GCGAGGGACTGCTAGA-1,0.0,0.0,0.0
GCGAGTTCTGCAAAGA-1,1.4258287,-0.25288156,-0.8582719
GCGATTCTGGAAGCAG-1,0.8178932,-0.9885869,1.5408821
GCGATTGTTAACGTTA-1,0.3068498,-1.1734669,-0.9934074
GCGCAAATATATTCAA-1,0.040594857,1.4815949,-0.5852772
GCGCAAGAGCGCGCTG-1,-1.1174254,-0.5448242,0.009698038
GCGCATCCAGTCAGCA-1,-0.8412866,-0.71476495,-0.43357378
GCGCCGTTCCACGATA-1,0.11612958,0.13822544,0.027854683
GCGCCTCCCACTCCGA-1,-1.3459338,-0.25948,-0.13985501
GCGCGGTCTAGTAACT-1,0.41991478,0.93883866,0.05599571
GCGCGTCATTGGTACA-1,-0.46004543,-0.9704924,-0.3261328
GCGCGTTTAAATCGTA-1,0.0,0.0,0.0
GCGCTAATTGAATAGA-1,1.2775187,-0.4151692,-0.70050436
GCGCTATGCCGAGGCA-1,0.058629382,0.07657888,0.039351642
GCGCTGATCCAGACTC-1,0.18062037,-1.1482731,0.16055575
GCGCTGCTTTGCATTT-1,-0.5831924,-0.8533504,-0.52868116
GCGCTTAAATAATTGG-1,-1.2322108,-0.45293564,-0.34540638
GCGGACCGCGTTGTGG-1,0.20443311,1.2797847,-0.54763854
GCGGAGAAACTTCGCA-1,0.46990237,1.4585346,-0.24014361
GCGGAGAGGGAGAACG-1,-0.15847075,-0.7485958,-0.62204385
GCGGCAAAGTATTGCC-1,0.022052638,1.3718878,-0.5309496
GCGGCTCTGACGTACC-1,0.8651229,-0.3640187,-0.45624462
GCGGCTTTAGCAAGTT-1,-0.8599537,-0.20956588,-0.7389489
GCGGGAACCAGGCCCT-1,0.9201779,-0.9799049,1.135481
GCGGGCGAGCCTTACC-1,0.13784309,1.219547,-0.551451
GCGGTCCCTAGACGCA-1,0.07532855,0.12477501,1.1936988
GCGGTGAACTGCGCTC-1,-0.8530989,-0.6866281,0.07976886
GCGGTGCGGAGCATCG-1,0.0,0.0,0.0
GCGGTTCCCTATCATG-1,0.82946175,1.5836493,-0.054256897
GCGTAAATGGCCATAA-1,-1.0498286,-0.36249664,0.064447165
GCGTCCCTAAGACATA-1,-0.16566348,1.471595,-0.486441
GCGTCGAAATGTCGGT-1,1.2122809,-0.98778987,0.80315226
GCGTCGCCAGGGTGAT-1,0.001391721,0.04306653,-0.0149353435
GCGTCTCTGCATTGGG-1,1.2266297,-0.40980554,-0.6292343
GCGTGGTACTGGGTTA-1,-1.0671992,-0.30800617,-0.16305374
GCGTTATATTTGGAAC-1,0.70437235,-0.46484703,1.0511354
GCGTTCGGAGACCGGG-1,-1.0734121,-0.42354822,0.0153748235
GCTAAACCTGAGGTGA-1,0.58857954,-0.11098663,1.1878136
GCTAACTGAAGTCTGA-1,-1.0946635,-0.48537892,-0.31099328
GCTAAGTAGTTTCTCT-1,0.2505218,-1.1223819,-1.2643542
GCTAATACCGAATGCC-1,0.9593478,-0.67158395,0.82174695
GCTACAATCGAGGATA-1,-1.2553304,-0.21900812,-0.22077261
GCTACAGTACGGACCG-1,0.19649841,-0.27124283,-0.059931856
GCTACGACTTATTGGG-1,0.47192687,0.23754424,0.19993235
GCTACTATAGTAGAGT-1,-1.049125,-0.35802472,-0.20404856
GCTAGACCGTCTACTG-1,-1.1182606,-0.4290771,0.12353898
GCTAGAGTAGAGATGT-1,-1.2090224,-0.32688308,-0.32368043
GCTAGCAGGGAGTGGG-1,-1.0047389,-0.48884568,0.5028441
GCTAGCGATAGGTCTT-1,0.021000693,1.4482185,-0.5156
GCTAGCTTGAATAGCT-1,0.08684108,1.416329,-0.59539604
GCTAGGCACCACGGAG-1,-0.6457501,-0.8172756,-1.2207843
GCTAGTAGAGCTTGTA-1,0.300441,0.23105048,0.11610114
GCTAGTTTCATTGAGG-1,0.91055113,1.0087854,1.7581521
GCTATACGTCTCGGAC-1,-0.96427375,-0.60230637,-0.78312147
GCTATCATACTCATGG-1,0.5142041,-1.0872701,-0.69588375
GCTATCGCGGCGCAAC-1,0.9344247,1.1069964,1.3160092
GCTCAACCTCTTAGAG-1,0.0,0.0,0.0
GCTCAATCCGTTTATT-1,0.5391381,1.529051,-0.30684674
GCTCAATGTAATACCG-1,1.0418788,1.5185287,0.7604736
GCTCATTACTGCATGT-1,-0.8955151,-0.73592544,0.6651761
GCTCATTGATCATATC-1,0.20784318,1.7185087,-0.015163075
GCTCCATGCAAAGCAA-1,-0.43005267,1.6032629,-0.2677946
GCTCCCAGTCGGTCCA-1,-0.92052484,-0.36119205,-0.07543758
GCTCCGCTCGCTTCAG-1,-1.0187362,-0.4313859,0.02688121
GCTCCTGACATACTGG-1,0.48099166,1.6468304,-0.2958183
GCTCGCTCATGTCCAA-1,-0.85762775,-0.5211293,0.046748426
GCTCGGAATTTAAAGC-1,-0.35138038,-0.91411614,-0.36576664
GCTCTAAACCCTGACG-1,0.64666224,-0.6866367,-0.5635531
GCTCTATGTTACGTGC-1,0.891633,-0.6672208,0.32571617
GCTCTCGGGTACCGAA-1,1.9711994,-0.36398858,-0.6933428
GCTCTTTCCGCTAGTG-1,0.19821948,1.167815,0.060889237
GCTGAATCTTCCAATC-1,0.09524744,1.2744913,-0.5365352
GCTGAGCAACGGTTCT-1,0.0,0.0,0.0
GCTGAGGCGTGAGTAT-1,0.22496922,0.26777393,0.05396082
GCTGCACGGTTTCTTA-1,1.593657,0.9283124,0.265011
GCTGCGAAGAATTATT-1,0.5871253,1.5967627,0.18734673
GCTGCGCCTCCCACGT-1,0.0,0.0,0.0
GCTGCTAAGTAGTCGA-1,0.049761914,0.965081,-0.36832786
GCTGCTACTGCGTAGC-1,0.57221675,-0.66457975,-0.86708343
GCTGCTCTCCGGACAC-1,1.3374898,-0.08020656,-0.54089814
GCTGGACCCAAAGTGG-1,-0.6443625,-0.21723004,1.2181693
GCTGGCAGGTGCCGTG-1,0.0,0.0,0.0
GCTGGCATATTCACCT-1,0.9392442,-1.0174441,0.31417403
GCTGGCGGCGCATGCT-1,0.21695207,0.25315043,0.12113366
GCTGGGAGCGCGTCAA-1,-0.08412903,1.1324157,-0.38190538
GCTGGGTCCGCTGTTA-1,0.0,0.0,0.0
GCTGGTTTAGGCCATA-1,0.071884416,1.2188852,-0.509408
GCTGTATTACTGGCCC-1,0.08791824,0.10561993,0.034039725
GCTGTCTGTGATCGAC-1,-0.15431294,-0.012411643,1.6672809
GCTGTTGCTACCGAAC-1,-1.2363726,-0.38939136,-0.84072834
GCTTAATGTAACTAAC-1,-0.67904484,-0.74738705,-0.43542892
GCTTACGTAGTTAGTA-1,-1.4525144,-0.058868747,-0.06878146
GCTTATGAAGCAGGAA-1,-0.97934,-0.4155172,-0.4772881
GCTTCCGTCCCTAGAC-1,1.2729264,0.11746678,-0.6912696
GCTTCGACGTTCAATC-1,-0.13175772,1.4203806,-0.47013786
GCTTGAGTGACCTCTG-1,-1.1278111,-0.07998628,-0.43066862
GCTTGATGATAATCAG-1,1.170008,-0.1576228,0.7833385
GCTTGGATCGATTAGG-1,-0.88779706,-0.6725957,-0.21124262
GCTTTACACAACTGGG-1,-0.95210075,0.17228761,-0.20189777
GCTTTCAGAGGAGGTG-1,-0.7235373,-0.56703556,-0.7619297
GGAAACCTTGTTGAAT-1,-1.3581892,-0.21308751,0.056246657
GGAAACTAAATGGGCC-1,-1.1679958,-0.39609998,-0.014468369
GGAAAGGGAATTGAGC-1,-0.6587737,0.21988726,-0.18524331
GGAAAGTCTTGATTGT-1,0.2539864,0.8376519,0.017565263
GGAAAGTGCCCATGCC-1,-0.22202185,-1.0019329,0.17116684
GGAACCCGAACAAGAA-1,0.0,0.0,0.0
GGAACCGTGTAAATTG-1,0.45710537,1.3468509,-0.388597
GGAACCTTGACTCTGC-1,0.08838627,1.4136565,-0.59438527
GGAACGGCCTGCAGCC-1,0.1240548,0.16672215,0.8603111
GGAACTCGTGAATACG-1,0.32310623,0.62020916,0.11369184
GGAACTTTGGCGATTA-1,-1.2994164,-0.17520219,-0.33432156
GGAAGCTCGCTTACAG-1,-0.042769313,-1.0393493,1.3588434
GGAATGCGCTAGCGTG-1,0.6344252,-1.31682,-1.454454
GGACACAAGTTTACAC-1,-1.3727615,-0.30417567,-0.04960556
GGACCAACAGGATAAC-1,0.76798296,0.74303514,0.3554247
GGACCTACGGTAACGT-1,-0.9523789,-0.3342591,0.82640684
GGACCTCTAGGCCGCC-1,-0.0020433103,1.4886855,-0.5428534
GGACGGGCGACCAACC-1,-0.9367604,0.3493642,-0.3234517
GGACTCACAAATTAGG-1,-1.3721911,0.103835,0.41711032
GGACTCGACAGCGCAT-1,-0.4268854,1.6659766,-0.35914814
GGACTCGTGAGTGGTC-1,-0.118271686,1.1911973,-0.39712706
GGACTCTTTGACTAAG-1,-0.7229155,-0.089211054,-0.66813105
GGAGAAGTCATTGGCA-1,0.8910157,-1.0096941,0.38038543
GGAGACATTCACGGGC-1,0.0,0.0,0.0
GGAGACGACACCTTTG-1,0.3034835,0.17400064,0.15727448
GGAGCAACATTTCAAG-1,-0.92604935,-0.32827297,-0.22994445
GGAGCACCAAGAACTA-1,0.4550824,-1.0852375,-1.2370609
GGAGCGAGGCCTACTT-1,-1.0166862,-0.07764515,-1.2355639
GGAGGAGTGTGTTTAT-1,0.0,0.0,0.0
GGAGGATTGAAAGGAG-1,-0.5454999,-0.5172098,1.4195114
GGAGGCCGAAGTCGTC-1,-1.3356835,-0.2769935,0.08188386
GGAGGGCTTGGTTGGC-1,1.0668772,-0.69771826,-0.8281643
GGAGGGTCAAGTAAGA-1,-1.4003246,-0.09744762,-0.23467998
GGAGTACACATGAGCT-1,0.26135516,0.28544447,0.34703603
GGAGTGCCGCCCTGGA-1,1.7956223,-1.131204,0.39240792
GGAGTTGATTCTGTGT-1,-0.9930751,0.26959452,-0.15982328
GGATCATCCCGTACGC-1,-0.9422642,-0.40962806,0.18907721
GGATCCCTACCAGCTA-1,0.0,0.0,0.0
GGATCCGGAATATACT-1,-0.13199791,-0.97697735,-1.527117
GGATCTTACTGCCCTT-1,0.12366166,1.4577285,-0.6225369
GGATCTTGACTCAACC-1,0.028276883,0.04127182,0.030980295
GGATGAAGATCGCTGA-1,-1.1017125,-0.36165622,-0.35553458
GGATGACGCGAGTTTA-1,0.685772,-0.7950201,-1.1205592
GGATGCTGGCGTTCCT-1,0.70930505,-0.45249337,-0.4908052
GGATGGCTTGAAGTAT-1,-0.9278022,-0.32785296,0.113128066
GGATGTCCTTACCGCA-1,-1.0377402,-0.21784537,-0.29858005
GGATTAAGCTAAGGTC-1,-1.1005026,-0.61714405,0.5403116
GGATTAATCATGGACC-1,-1.1100779,-0.11718081,-0.3331266
GGATTCAGTACGGTGG-1,0.34223527,-0.38130367,1.1581423
GGATTCCGCTATACCC-1,0.92132753,-0.99995226,-0.19384947
GGATTGCTGTGACTCC-1,-1.1026994,-0.46322334,-1.2213784
GGATTTCACTTCTATA-1,0.19740401,-1.0427445,-1.3921705
GGCAAAGGCGCCAATA-1,0.5438784,1.6807362,-0.30940193
GGCAAATTACTTTACT-1,0.0,0.0,0.0
GGCAAGCCCATAGTGG-1,0.64465356,0.747367,0.14299518
GGCAAGGCGAAATAGC-1,0.77133685,-0.051744875,-0.19962214
GGCAATAGTCAATGAG-1,1.1370625,-0.58276236,-0.83950615
GGCACGCTGCTACAGT-1,-1.1984721,-0.056755096,-0.3966234
GGCACTCCACTGGGCA-1,1.2130942,-1.0674641,-0.7871563
GGCACTGCGGTGGTTT-1,-1.2025653,0.06543814,-0.1802751
GGCAGCAAACCTATGC-1,-1.0758336,-0.35573763,-0.00549044
GGCAGCGGTAATCCTA-1,-0.8935888,-0.04017148,0.58523726
GGCATACAGGTAGCGG-1,-0.17949717,-0.4320483,-0.22276874
GGCATATCGGTTCTGC-1,0.54807496,-1.2503529,0.14249443
GGCCCAGCTGGTTTGC-1,-1.0823388,-0.084938705,-0.28902477
GGCCCTCACCCACTTA-1,0.014027098,-0.6854864,0.31379282
GGCCGAGACTCTGGTG-1,-0.07403421,1.2640643,-0.45200703
GGCCGGCGTCTGCTAT-1,-1.2001762,-0.24664192,-0.50475603
GGCCGTTTGGGTTTCA-1,0.31830508,1.6583794,-0.3237206
GGCCTGCTCTGATGTT-1,-0.3964555,0.43559736,-0.33822477
GGCCTGCTTCTCCCGA-1,-1.271446,-0.12059024,-0.29367945
GGCGAAATCTAACTTG-1,-0.97875506,-0.56066436,-0.0895436
GGCGCAGGACATCTTC-1,0.0067796013,-0.76360756,-0.53036654
GGCGCATGAATTGATG-1,0.07444052,0.102938585,0.03650173
GGCGCGGAGATCTTTC-1,-0.9256797,-0.58801174,-0.4479936
GGCGCGTTCGAGTTTA-1,0.11649798,0.18818925,-0.016726205
GGCGCTCCTCATCAAT-1,0.35620192,0.40667456,0.55434006
GGCGCTTCATTCCCTG-1,-0.8674712,-0.1526681,-1.1125944
GGCGGAGTAATATTAG-1,0.62206465,-0.7835582,-0.2514917
GGCGGTAGGATCATTG-1,0.8927575,-0.555428,-0.88539743
GGCGGTTTGCCGGTGC-1,0.5028822,0.54923326,0.66774356
GGCGTAGGGAAAGCTG-1,-1.3045609,-0.18159282,-0.581149
GGCGTCCTATCCGCTG-1,0.5525768,-0.7564471,0.35521188
GGCTAAAGGGCGGGTC-1,-0.8954632,-0.6555462,0.13905692
GGCTACTATACACTCC-1,-0.20760675,1.3865209,-0.41498232
GGCTATTAAGTTGTAT-1,0.7484763,-0.41870594,0.30424893
GGCTCCTCCACCTGTT-1,0.109973945,1.2189393,-0.5318695
GGCTCGCGTTGAGGTA-1,-0.8101246,-0.64130074,-0.85280627
GGCTCGTGCCACCAGC-1,1.05486,-0.6674444,0.61135143
GGCTCTGCTCCAACGC-1,0.77466464,-0.15227184,-0.4550644
GGCTGAAATAGCAAAG-1,-0.68266165,-0.67654365,-0.4116071
GGCTGAGCATCGTAAG-1,-0.23450077,0.26472342,2.1934373
GGCTGGCAGCTTTATG-1,0.0,0.0,0.0
GGCTTGGCTCTCACCT-1,0.0,0.0,0.0
GGCTTTCAATAAGGGT-1,0.17050786,0.2535466,0.12500909
GGGAACGGGAGGTTAG-1,1.561247,-0.4019756,-0.84700346
GGGAACGGTTTCAGAT-1,0.07192558,1.4564996,-0.6075554
GGGAAGACGGTCTGTC-1,-1.0655208,-0.2807404,-0.6768827
GGGAAGGGCTTTCTCA-1,-1.254714,-0.33855984,-0.9344692
GGGAATGAGCCCTCAC-1,-1.2170026,-0.15816996,0.40190196
GGGAATTCTGTCCAGT-1,0.0,0.0,0.0
GGGACAGAGTTACTCC-1,0.12633418,1.2876023,-0.53307694
GGGACCCGTATATCTT-1,0.013182926,1.077225,-0.3980379
GGGACTGCATAGATAG-1,1.0481532,-0.092467174,-0.6370987
GGGAGAACTCACAGTA-1,1.3335162,-0.22353294,-0.74006236
GGGAGCGACCGTAGTG-1,-1.003578,-0.26054537,-0.2920436
GGGAGGATGCCCGAAA-1,0.6745373,-0.70259595,-0.6854307
GGGAGTTAATGAGGCG-1,0.5160494,-0.8110298,-0.122205496
GGGATACGGTAATAAT-1,0.0,0.0,0.0
GGGATGGTCGTAACCG-1,0.39648676,0.9338577,0.05372744
GGGATTATCTCACAAC-1,0.0,0.0,0.0
GGGATTTACCGCACCT-1,-0.9714369,-0.4726262,-0.17686418
GGGCAACCGCACGTGC-1,0.33119228,1.3637545,-0.20267707
GGGCACGAATTGGCCG-1,0.0,0.0,0.0
GGGCACGTAGTACTGT-1,-0.54934305,1.5340582,-0.29075822
GGGCAGAGCAATCGTT-1,0.2565731,0.42387253,0.21019402
GGGCAGTCAACGCCAA-1,-0.947692,-0.26841587,-0.90530276
GGGCCCGTCTTAAACA-1,0.03638492,0.052734874,0.012132021
GGGCCCTACGAAAGGG-1,0.48064926,-0.84550077,0.2761982
GGGCCGGCCGAAGTAC-1,-0.61968786,-0.9714275,-1.2036785
GGGCGAATTTCTCCAC-1,0.0,0.0,0.0
GGGCGATATGTGTGAA-1,1.4209429,-0.50574476,-0.8259695
GGGCGGCAAATGAATT-1,0.287875,1.2715728,-0.39065334
GGGCGGGTTCCCTACG-1,0.96603614,0.27732638,0.023808876
GGGCGTACATTTATAT-1,1.313241,-0.73062015,-0.2520261
GGGCGTCACCACGTAA-1,0.8468365,1.4104542,0.14146915
GGGCGTCCACTGGCTC-1,0.7760147,-1.2961138,0.28297338
GGGCGTGGTTTCCCAG-1,-1.1432663,-0.39841515,-1.1642356
GGGCGTTTACATTCAT-1,0.106977776,1.4293655,-0.56474936
GGGCTATGATCGATGG-1,0.16536619,1.3846731,-0.46088317
GGGCTCATCGAACCCA-1,0.12902682,-1.0308212,0.26571798
GGGCTGCCTAGGGCGA-1,1.2433227,-0.6063199,-0.97710925
GGGCTGGTTAGTCGCG-1,0.8817934,-0.77874726,-0.8281796
GGGTACACTCTGGAGG-1,0.0,0.0,0.0
GGGTACTTCATGAACT-1,0.8242375,-0.819853,-0.56034535
GGGTATGTATGCACTT-1,0.8494652,-1.241088,0.8868765
GGGTATTCTAGCAAAC-1,0.08622153,1.1146336,-0.33290076
GGGTCACCGTGACGGT-1,1.3906026,-1.1596828,-1.35511
GGGTCAGGAGCTAGAT-1,0.38579974,1.4425749,-0.039176628
GGGTCCTTGGAAGAAG-1,-0.44611508,1.3961141,-0.2607057
GGGTCGTGGCAAGTGT-1,-1.2572398,-0.40708876,0.17776424
GGGTCTATCGCTTTCC-1,-1.4305341,-0.09878731,-0.20326167
GGGTGACACCTTAACT-1,0.24287519,0.5321293,-0.033332955
GGGTGCATATGAAAGC-1,-1.5682323,-0.08320369,-0.058457643
GGGTGGTCCAGCCTGT-1,-0.56365085,-0.39337203,1.9038931
GGGTGTTTCAGCTATG-1,1.3146255,-0.5589843,1.1360515
GGGTTAACATTTGAGT-1,0.17666791,1.3911101,-0.63690364
GGGTTCAGACGAACAA-1,0.44369668,0.5066201,0.7680688
GGGTTTAGGATAGGAT-1,-1.2249784,-0.23484583,-0.14911884
GGGTTTCCGGCTTCCA-1,0.0,0.0,0.0
GGTAAACTCTGCGCTG-1,-1.1904042,0.101810515,-0.21861261
GGTAAATGTGCGTTAC-1,-0.035628203,-0.64548117,1.0205295
GGTAACCGGCAAAGGT-1,0.0,0.0,0.0
GGTAACCGGGAGGATA-1,0.19386595,1.3861986,-0.633306
GGTAACTATGTATCTG-1,0.26515236,0.3166894,0.712659
GGTACAAACATGCTAT-1,0.13584091,0.10168038,0.12044947
GGTACATCTGGGACGA-1,0.2753007,-0.63493997,0.21589564
GGTACCATTAAGACGG-1,-1.0073086,-0.46888423,0.25723666
GGTACGTTGCGGCCGG-1,-1.1892529,-0.008094622,-0.1674579
GGTAGAAGACCGCCTG-1,0.43361303,0.21837322,-0.3787681
GGTAGACCGTTGGGCG-1,0.23704547,1.1827117,-0.34539777
GGTAGTGCTCGCACCA-1,0.8473409,-0.6301676,-0.48738533
GGTATAGTGACACATA-1,-1.471248,-0.03399133,-0.030045012
GGTATCAAGCATAGAA-1,0.0,0.0,0.0
GGTATTGCCGAGTTTA-1,1.3052745,-0.8701854,-0.82780266
GGTCAAGACTACTTCG-1,-1.2789513,-0.3142236,-0.0747365
GGTCAGTGGGTCCCAC-1,0.0,0.0,0.0
GGTCCACGTCTATTTG-1,-0.10108448,1.2031022,-0.41539797
GGTCCTTCATACGACT-1,0.3876968,0.4234311,0.5147967
GGTCGGATAAACGGCG-1,-1.1142873,-0.535437,0.08531352
GGTCGGCCAGGAGCTT-1,-0.24732059,-0.9834035,-1.244629
GGTCGGTCGTCCACAG-1,0.115020566,1.0201468,-0.40133896
GGTCGTAAGCTCGCAC-1,0.04827394,-0.043879505,-0.041796207
GGTCTCCGTCCAGGTT-1,-1.077186,-0.41553944,0.0062310626
GGTCTCTGAATGGACT-1,0.60442966,1.3020157,-0.17047162
GGTCTGAGAATCTGGA-1,1.0697223,-0.3089392,-0.8606021
GGTCTTGAGCGCTCTT-1,0.4567493,0.5464081,-0.21926707
GGTGAAGTACAGGGAT-1,0.15788653,0.20957482,0.04830559
GGTGAGATGCAGATAA-1,0.8423996,1.1453542,1.4829373
GGTGATAAGGAGCAGT-1,-0.020803919,-1.2615422,-1.1927764
GGTGCAGAGCCTATCG-1,-0.4214132,0.13538767,1.7841865
GGTGCATAAATGATTA-1,-0.3133853,1.3928916,-0.32408586
GGTGCGGATAAGTGGC-1,0.20144436,-0.14670958,2.203949
GGTGCTGATCACAAAG-1,0.36512962,-0.48137033,0.549602
GGTGCTGGTACACATT-1,0.3506178,0.38444716,0.15384997
GGTGGACTGCTCTGGC-1,-0.75216573,-0.7933408,-0.9853227
GGTGTAAATCGATTGT-1,-1.2759473,-0.0733527,-0.67091817
GGTGTAGGTAAGTAAA-1,-0.46456382,1.3237394,-0.32058495
GGTGTTCTGTTTCTAC-1,-0.7861618,-0.5338572,1.1515362
GGTTACCACCCTCGGG-1,1.1139226,0.7628809,0.27651176
GGTTACCGCTCCCTAC-1,0.37966055,0.66840625,0.17680405
GGTTAGCTATATGTCT-1,-0.7891634,-0.70068914,-0.8189977
GGTTAGGCTTGGAGAA-1,0.70858216,-0.9196956,-0.65646976
GGTTAGTTACGGCGCC-1,0.5196724,-0.76799834,0.75760454
GGTTCCACCCGCTTCT-1,-0.23144475,-0.03684807,2.190622
GGTTCTACTCGTCTGA-1,-1.2444375,-0.19794281,-0.2940408
GGTTGTGTAGCCTGGC-1,0.63187027,-0.74198353,1.2386119
GGTTTAATTACCATCG-1,-0.01847963,1.5227481,-0.58504415
GGTTTACAATCTCAAT-1,1.1383159,-0.7678802,-1.1457149
GGTTTAGCCTTTCTTG-1,-0.9142967,-0.6296187,-0.09412285
GGTTTCAATCGGTCAG-1,-0.91111964,-0.60544205,-1.0907074
GGTTTGAGTGCTGGAA-1,0.35964033,0.357579,0.9434514
GGTTTGTGACCTGAGG-1,-1.3253981,-0.24430959,-0.230544
GTAACATCTAAGATAA-1,-1.3015809,-0.12651797,-0.36168933
GTAACTACGTAGACCT-1,-0.0153940795,1.136805,-0.43217996
GTAACTGCCCAAGGAG-1,-0.36756653,1.4807445,-0.3354891
GTAAGCGGGCAGTCAG-1,1.0102831,-0.23175092,-0.46636808
GTAAGGATTTGTCGGA-1,0.10259585,-0.44414496,2.1045961
GTAAGTAACAGTCTGG-1,0.4458537,-1.3464029,-0.79378647
GTAAGTAGGGTATACC-1,1.3092316,-0.7452765,0.40814245
GTAAGTCCACACTCTA-1,-1.0237733,-0.39893472,0.61281985
GTAATAAAGGGCTCCC-1,-1.0620388,-0.44191408,0.0073673357
GTAATCTGATTCTTCG-1,0.22079556,1.2148691,-0.46876577
GTACACTTACCTGAAG-1,1.2633663,-0.14634842,-0.7455999
GTACAGAGGCAAGGGT-1,-0.41016185,-0.93087786,-0.9160264
GTACGAGATTGCGACA-1,1.5435038,-0.7052075,0.38191655
GTACGCTTCATTGCAC-1,0.52023566,-0.24177116,-0.41904807
GTACGTTTGCCCGTCA-1,0.46693656,0.1186811,0.050261978
GTACTAAGATTTGGAG-1,1.8461205,-0.27511436,-0.63880897
GTACTCCCTTATCGCT-1,-0.027342526,-0.9923803,-1.1112764
GTACTCCTGGGTATGC-1,-0.8885767,-0.66572165,-0.10045055
GTACTGAGGTCGTAAC-1,0.5402711,0.6677091,1.4693204
GTACTGGAGTTAGACC-1,0.67712605,-1.2466254,-1.3748971
GTACTTGGGCACTTCT-1,0.45916286,0.4137166,0.9555886
GTAGAAACGGGTGGAG-1,-0.047166243,-0.03207992,0.8648976
GTAGACAACCGATGAA-1,0.6047607,0.65928864,0.7157961
GTAGACACGCCTGACT-1,0.0076983483,0.18839161,-0.70318776
GTAGACGTCGTTACAT-1,0.5284386,0.34856683,0.8533454
GTAGAGGGAGACAAGT-1,0.15501012,0.48915622,-0.18307468
GTAGCCAAACATGGGA-1,0.13786414,0.011973096,-0.241647
GTAGCGGCTATACACT-1,0.2265334,-0.07290422,-0.3100657
GTAGCTCCGGGAGGCT-1,0.0013884882,1.347209,-0.5187708
GTAGCTTCCTCTTGTT-1,-0.10635044,-1.122757,-1.1959759
GTAGGTGATCCGTGTA-1,1.1817197,-1.0624851,0.33797666
GTAGTCGCGGGAATCA-1,-0.65248615,-0.9728425,-0.8101937
GTAGTCTACGATATTG-1,-1.3489983,-0.30897906,-1.1565427
GTAGTGAGCAACCTCA-1,-0.9189779,0.28498024,-0.31109723
GTAGTTCGAAGGCGAA-1,-0.13266687,1.4774735,-0.5004038
GTAGTTTAAGCACACG-1,-0.11212804,1.2631679,-0.4324205
GTATAATCTCCCGGAT-1,0.61421645,0.67082924,0.8155768
GTATAGGACTCAGTAG-1,1.5177025,-0.3725264,0.66179425
GTATAGTGGCCCATGT-1,-0.53948325,-0.38790935,1.3015724
GTATCAAACGTTAGCT-1,-1.1559855,-0.29693073,-0.371054
GTATCAAGGTACTTCC-1,-0.43515265,0.31974816,-0.16753948
GTATCAGCTTGGGTTC-1,0.81383324,-0.52215713,1.0797409
GTATCCTTTGGTAACC-1,-1.2373345,-0.21176517,-0.5424842
GTATCGGGACGAGCTG-1,0.0,0.0,0.0
GTATCTCAGTCTTGAC-1,0.10144208,1.193612,-0.5176063
GTATCTCGGGCGCTTT-1,0.049907696,1.4025818,-0.5733074
GTATCTTTCATAACCA-1,0.5140133,0.26150447,0.09528112
GTATGAAATTTCACTC-1,0.3050993,0.58318555,0.11065664
GTATGTGGGTCTAGTT-1,-0.9010788,-0.49329963,-0.8882372
GTATTAAGGCGTCTAA-1,0.8822472,0.984983,1.4610779
GTATTCTGAGAAACGA-1,0.41565028,0.66778445,0.07715219
GTATTTAATGGCATAA-1,-0.9553944,0.25835618,1.5212352
GTCAAAGAAGTGGTGT-1,0.11296189,1.3144532,-0.5041861
GTCAACCAGGCCTATA-1,-1.3488363,-0.17991087,-0.21725275
GTCAAGCGGACTCGGG-1,0.5287911,-0.771549,-0.8492171
GTCACAAAGTTTCCAA-1,0.82054675,1.0604818,1.5278853
GTCACTCTCCAAATCT-1,0.48232222,-0.66295546,1.0516771
GTCAGAATAGTCTATG-1,0.63156617,-0.93417424,0.24492618
GTCAGTTGTGCTCGTT-1,-0.14412045,-0.7302539,1.366017
GTCAGTTTGGTAGTCG-1,0.5141585,-0.2548759,0.84169745
GTCATCCCAAACTCAC-1,0.4748805,0.77756673,0.21293646
GTCATCTCCTACAGCT-1,0.18919069,0.20662853,0.25121364
GTCATGCACCTCCGTT-1,1.0643562,-0.24485081,-0.46683085
GTCATGCGCGAGGGCT-1,-1.1357012,-0.3661445,0.008828971
GTCATGGACATGACTA-1,1.5006117,-0.6598655,-0.68708
GTCATTAGAGCGAACG-1,1.0894874,0.37964618,-0.32024947
GTCATTGCATTGACCC-1,0.43142354,-0.5199034,1.1459284
GTCCAATATTTAGCCT-1,-0.046876427,1.3561184,-0.4515977
GTCCACGTCGCATTCG-1,-0.75826436,0.277604,-0.101179585
GTCCAGGCACGTGTGC-1,-0.49432313,1.4657522,-0.26032817
GTCCATTACTGCTACG-1,-1.2900854,-0.3514905,0.010020029
GTCCCAACGTAAAGTA-1,0.5489336,-0.6125448,0.14571226
GTCCCGCGACGTTATG-1,-0.41932636,-0.99982005,-0.8135494
GTCCGGACCTGAAATT-1,-1.090116,-0.5816652,-1.0007524
GTCCGGCTGAATTGCG-1,1.0146766,-0.6019191,-1.0119659
GTCCGGGTTCACATTA-1,-1.3436997,-0.21875884,-0.74263597
GTCCTACAGGCGGCTC-1,0.19538417,0.22323895,0.263246
GTCCTACGAATAGTCT-1,-1.1291369,-0.37044847,-0.57814485
GTCCTTCTACAACCCA-1,0.0,0.0,0.0
GTCCTTCTAGTGGGTT-1,-0.46124902,-0.8018617,1.1806853
GTCGAATTTGGGCGCT-1,0.023412554,1.4485166,-0.5577804
GTCGATAGGTGACTTT-1,-0.8967484,0.41146573,2.2119956
GTCGCCGTTGTGTGTT-1,0.261486,1.4322062,-0.59473175
GTCGCGTAACCCGTTG-1,0.7093345,-0.248667,-0.46601522
GTCGGATATCTCAGAC-1,0.4788374,-0.4927726,-0.51357853
GTCGGATGTAGCGCGC-1,1.1145947,-0.9099846,0.5067557
GTCGGGAAGCAGAAAC-1,-0.23099434,-0.009601075,-0.06519951
GTCGTACCATCTCGGG-1,0.0,0.0,0.0
GTCGTATTGGCGTACA-1,-0.7639275,-0.6777708,0.18348081
GTCGTCAATTATAAGG-1,0.23512873,0.3006783,0.7049473
GTCGTGTCTGGTCATC-1,-1.1804388,-0.057175443,-0.030667325
GTCGTTATTCGCTTAT-1,0.07121198,-0.44741252,-0.42948645
GTCTACTCAATTACAA-1,0.55888546,-0.8443868,0.4717492
GTCTAGTGAGCCGCTT-1,-1.1559584,-0.14755397,-0.347603
GTCTATCTGAGTTTCT-1,0.67894083,-0.20881967,-0.33082646
GTCTATTGCATGCTCG-1,-1.1348785,-0.14280447,-0.094377205
GTCTATTGGTTCCGGT-1,-1.2682422,-0.36574152,-0.56721056
GTCTCAAGGCCCGGCT-1,-0.28045857,0.050566405,-0.057766683
GTCTCCGCCTCAATAC-1,-0.5358814,-0.097530626,-0.0934706
GTCTCCTGCCAGTATG-1,0.09941229,1.34271,-0.5344398
GTCTCGACTAAGTTTG-1,-1.1741894,-0.15236163,0.44380778
GTCTCGATCTGCTTTC-1,0.9461578,-0.7737458,-0.13205801
GTCTGGGCGGTCGAGA-1,0.5353086,0.93460083,0.24425608
GTCTGTAGGTTGAACA-1,0.13258696,1.5316309,-0.32674676
GTCTTAGTACAGCCGG-1,0.48701793,-0.545566,1.4786142
GTCTTGAGGAGCAGTG-1,-1.3822265,-0.15103707,-0.13873318
GTCTTGTAGCTATTCA-1,-0.57504046,-0.5428722,-0.02877797
GTGAAACGGCGCCACC-1,0.11982633,-1.1513436,-0.14031178
GTGAACTCCCATTCGA-1,-1.00929,-0.45792532,0.1501684
GTGAAGATTTCAAGTG-1,-1.2743398,-0.40232745,-0.010262153
GTGAAGCCGTATAGTC-1,-1.2450111,-0.18423983,0.0812138
GTGACAGCTTCCCACT-1,-1.210275,-0.33584625,-0.97204995
GTGACCGCACACTACG-1,-0.43194705,-0.73654366,-1.338901
GTGACGCAGGTTTCAT-1,-1.014121,-0.46791366,-0.84356457
GTGACTTCAGTAGTGC-1,0.95449245,1.6152972,0.22490251
GTGAGATAACCTTATA-1,-0.25310943,1.4214877,-0.40998977
GTGAGCGTGCTGCACT-1,0.19842774,-1.1778817,0.1708659
GTGAGGACACTTAAGG-1,0.9422134,-0.49724695,-0.52816826
GTGAGGAGCGGTTGAG-1,-0.3663991,-0.70964694,1.2798474
GTGAGTCGACTAATAG-1,-1.1404055,-0.024380494,-0.42902908
GTGAGTCTAAGACGGA-1,0.041558906,-0.0064152326,0.03679501
GTGAGTGGTACAACGC-1,0.65119046,1.1902153,0.28551927
GTGATCAAGCGTGCAC-1,0.06100086,1.4116881,-0.552747
GTGATCACTAACGCCT-1,-0.9662556,-0.6109413,0.1872455
GTGATCATAGATCTGC-1,0.23763493,0.3109125,0.107455954
GTGATCCTTGTCATGA-1,-1.2720513,-0.20697303,-0.8507526
GTGATGCACAACATCT-1,-1.1080532,-0.4436747,0.66314965
GTGATTCGCCGCTCAA-1,0.3620903,0.6686427,0.044598524
GTGCAACAAATGTGGC-1,0.54861933,-0.6843935,0.7072297
GTGCACCAGCTTCAAC-1,0.027068574,1.3890401,-0.44520977
GTGCACGAAAGTGACT-1,1.2695227,-0.77198607,0.8087721
GTGCCATCACACGGTG-1,1.9948558,-0.12663645,-0.50659806
GTGCCCGTTCGGATTC-1,0.16339928,-1.1939915,-1.1083552
GTGCCGCTTCAAAGGT-1,0.25063622,0.45092452,0.13165188
GTGCCTAGCTATGCTT-1,0.48414844,0.5287728,0.6428684
GTGCCTCAGTGTACGG-1,-0.8606256,-0.64703727,0.8282856
GTGCCTGAGACCAAAC-1,-0.7994665,-0.5177855,0.19040199
GTGCGAAATCGAACAC-1,0.2438002,0.41385916,0.122354165
GTGCGACAGGGAGTGT-1,-1.1250234,-0.39640912,0.04184822
GTGCGGGTCTCCAAAT-1,1.718306,-0.37141782,0.5528739
GTGCGTGTATATGAGC-1,-0.08827787,-0.92824405,-0.7334426
GTGCTCAAGTACTGTC-1,1.2346414,-0.96632,-1.0232446
GTGCTTACATCAGCGC-1,-1.2837272,-0.15237749,-0.051068585
GTGGAACCTACATGCG-1,0.92894065,-1.2207382,0.18607779
GTGGACCAACCCGATT-1,0.6689271,0.46018878,0.13204375
GTGGACGCATTTGTCC-1,0.14022006,0.38989916,0.061767027
GTGGACGTGCTGAGAC-1,0.47309688,0.29244357,1.4106008
GTGGAGCGTTTACCGA-1,0.066132605,1.3566183,-0.5524618
GTGGAGTCGGCGGTTG-1,0.56425816,1.5903192,-0.48748243
GTGGCAAACAGCGGCA-1,0.004917321,0.007541451,0.008709532
GTGGCCGGTTTCTCGG-1,-0.07350496,1.2449512,-0.44104567
GTGGCGGTCCCAGCGT-1,1.1592906,-0.4036419,-1.1845417
GTGGCTGTTTCTGTTC-1,-0.5786921,-0.644455,0.33675763
GTGGGAACAAACCGGG-1,-0.72481686,1.8026688,-0.2798672
GTGGGAAGACTGAATC-1,0.934661,0.32538214,-0.2916495
GTGGGCTTAGACACAC-1,0.6137658,-0.7307339,-0.24677193
GTGGTATAGTCTGCCG-1,0.15789756,1.3831728,-0.61656785
GTGGTCAGCGAAGTAT-1,-0.9293811,-0.5645592,0.68961394
GTGGTGGCCAAGTGAA-1,-0.15490833,-0.89040875,-0.65393794
GTGGTTACTTCTTTCG-1,-1.1122723,-0.3625388,-0.065669835
GTGGTTTCCGCCTTTC-1,1.4446954,-0.35253465,-0.91353995
GTGTACCTTGGCTACG-1,1.0808734,-0.8458744,-1.373454
GTGTATATCAGCGGGC-1,-0.0056262286,-0.8542737,-1.2642447
GTGTCAGTGTACGTGG-1,-0.2714179,1.5013008,-0.4252163
GTGTCCGATAAGGCAT-1,-0.34379408,-0.014792154,1.588994
GTGTCGTATAGCGTTC-1,0.67406285,-0.8713136,-0.73816985
GTGTGAATAACTTAGG-1,0.111022756,-1.1220738,-1.2620505
GTGTGTCGACGTCGCT-1,0.05402421,0.05900365,0.07173512
GTGTTACTATGCGTCC-1,1.5635155,0.3925771,-0.120689645
GTTAAAGTAGGACTGG-1,-0.5414956,-1.0755801,-1.1008627
GTTAACATCACTTAAA-1,-0.21180233,-0.17386918,-0.65518117
GTTAACTATGTTGTCA-1,-0.7927505,-0.4606103,0.004253394
GTTAAGGGTGCGATGT-1,-0.3284397,-0.4892495,-0.14428422
GTTACAATTGGTGACG-1,1.0250669,-1.0950804,-1.0523313
GTTACCTACAACTTGC-1,0.33583584,0.1389823,0.047082026
GTTACTTTGGGCCTAG-1,0.08843207,0.13320109,0.010250021
GTTAGAGTGTGCCGCT-1,-0.634747,-0.4115397,1.4612045
GTTAGCCCATGACATC-1,-1.0133283,-0.44195247,-1.0727372
GTTAGCCGTAAATCAA-1,-1.2913879,-0.18603007,0.022244425
GTTAGGCTACCCGTTT-1,0.118736655,0.6126313,-0.13727295
GTTATAATACGGTGAA-1,-1.1402704,-0.23073204,-0.0908018
GTTATATTATCTCCCT-1,0.30029213,0.636183,-0.018964004
GTTATTAAATACGACC-1,-0.88445485,-0.44952515,1.3621452
GTTATTAACGTGGGAG-1,0.780707,1.1558628,1.8761145
GTTCAAATCAGATGTC-1,0.0,0.0,0.0
GTTCAATCTATGTCAA-1,-0.8461386,-0.38579577,0.82842165
GTTCACAGGAGTCTAG-1,0.46524715,-0.7027876,-0.20016968
GTTCAGTCGCCAAATG-1,-0.5991395,0.17597252,-0.41764638
GTTCATCGTTTGGCTG-1,-1.1873858,-0.3857009,-0.02318494
GTTCCAGTCTGACCAT-1,0.9373739,-0.595582,0.7694995
GTTCCCGTAAACATAT-1,-1.1717732,0.30529067,0.6266466
GTTCCGTCCGCCTGCA-1,-0.41017193,1.4010959,-0.29249483
GTTCGACAATTGTATA-1,0.06819553,1.323741,-0.5292709
GTTCGCCATAAGTGCC-1,1.1072083,-0.3291321,-0.60675627
GTTCGCTGAGACGTCT-1,-1.3681645,-0.22845902,-0.18944693
GTTCGGAGCACTCAAC-1,-1.2082807,-0.045554526,-0.16140385
GTTCGGATCGGGAACA-1,-1.0252866,-0.49697596,-0.03523765
GTTCGGGCGTACCATT-1,-1.2187057,-0.40602195,0.07771467
GTTCGGTGTGGATTTA-1,0.0,0.0,0.0
GTTCGTCTAAAGAACT-1,-1.1918589,-0.4869721,-0.7333541
GTTCTTCCCTCGATGT-1,0.68850785,-0.5196316,1.4699761
GTTGAACCGGTTCCAT-1,1.2101357,0.38495865,-0.18059841
GTTGAGTCCCGCCGGT-1,0.39980263,-1.0573982,-0.7763282
GTTGCACGGAGTTTCG-1,1.4480984,-1.2996764,-0.82464606
GTTGCCCTAACGGGTG-1,0.041033186,1.3759155,-0.51534295
GTTGCGCTAACATTAC-1,-1.0458214,-0.37405708,0.42350733
GTTGCGGACGGTCAGG-1,-0.8345488,0.23247986,1.2479632
GTTGGATTCAGTGGCT-1,-0.7433631,-0.86188966,0.75617063
GTTGGATTGAGAACAC-1,-0.54909766,-0.84125215,-1.1952251
GTTGGATTTGCGTTGG-1,0.84066135,-0.86006904,-0.9810325
GTTGGTCATGCTATCC-1,0.13132825,0.20466183,0.07638994
GTTGTAGATTTATGAG-1,-0.76690835,-0.13126573,-0.1248411
GTTGTCGTGTTAGTTG-1,0.36077958,0.18544418,2.1907995
GTTTACGTTCCATCTG-1,0.0,0.0,0.0
GTTTATGGGATTTAGA-1,0.0,0.0,0.0
GTTTCAAACGAGTTGT-1,-1.115078,-0.13456176,-0.2835038
GTTTCATATCGTCGCT-1,0.32139608,-0.91848135,-0.90443206
GTTTCCTGGAGGGTGA-1,1.463611,-1.0791609,-1.1703546
GTTTCTAGAGGCGCGG-1,-0.5614216,-0.5941794,0.24462725
GTTTCTGCAGTCTCCC-1,0.72052664,0.16283846,-0.23591572
GTTTGACCAAATCCTA-1,1.0784031,-0.40554392,-0.91441184
GTTTGGCCCAAGTTAT-1,0.23800457,-1.1605512,-0.6201677
GTTTGGGCTTGTGAGC-1,0.85833097,0.9247302,0.47466642
GTTTGGGTTTCGCCCG-1,-1.2751427,-0.4406787,-0.77830416
GTTTGGTAGGGTCAAC-1,0.4480694,0.74415773,0.17363586
GTTTGGTGATCGGTGC-1,-0.10826899,1.4502866,-0.5012165
TAAACCCAGGAGGGCA-1,0.42883188,1.5220935,-0.479333
TAAACGTCGTCAATGA-1,0.0,0.0,0.0
TAAAGACAACCCTTTA-1,-1.3024557,-0.20848387,0.02222394
TAAAGAGCCCGAAACC-1,0.3974271,0.5129758,1.2426208
TAAAGCGGTATTTCCA-1,-0.19154282,1.396705,-0.3030458
TAAAGCGTTAGGAGAA-1,0.22636119,-1.215313,-0.65792936
TAAAGCTGCAATAGGG-1,-0.8128023,-0.8337804,0.62332314
TAAAGTGCACGTCTCG-1,-0.54624754,1.5764911,-0.2780159
TAAATGAATCCGTTTC-1,0.2789209,-0.52107215,1.3524812
TAAATGCCGTCTCATG-1,-0.20125145,0.26373222,1.6670282
TAAATTTAGTAACACC-1,-0.20297518,1.3910861,-0.39337948
TAACAAAGGGAGAAGC-1,1.2001126,-0.4916856,0.76945484
TAACAATATTTGTTGC-1,0.27966157,-0.23053387,0.94822776
TAACAGCGTTTGTGCT-1,0.08945889,1.2774925,-0.5500358
TAACATACAATGTGGG-1,0.49103886,-0.27454662,-0.76846945
TAACATACACGCGATC-1,0.3535951,1.5000789,-0.5255187
TAACCGCCCGCAGTGC-1,0.63156605,0.6765988,1.2662001
TAACCTACCGTCCGAG-1,-1.0630435,-0.35704258,0.11026483
TAACCTAGGGAGTCCA-1,-1.2959565,-0.19273654,-0.29999328
TAACGCTTTGAGAGCG-1,0.8361869,-1.0183642,0.9421028
TAACTATCGAAGGTCC-1,1.0076607,-0.472255,0.29118034
TAACTATTACGCCAAA-1,-1.2246752,-0.45134807,0.23176096
TAACTCATCCGCGCGG-1,0.050667387,0.0740059,0.006758995
TAACTCCATGGAGGCT-1,0.51455396,0.4764743,1.3517892
TAAGAGGGACAGGGAC-1,-0.029277032,1.2216065,-0.4556343
TAAGCAGGCGACACGC-1,0.28749943,-0.9524318,1.1131829
TAAGCGCGAATCAAAT-1,0.01651887,1.4212532,-0.5178946
TAAGGAACTTGTGGGA-1,0.055830944,0.18100601,1.5651023
TAAGGCAACATAAGAT-1,0.79662853,-0.6142376,-1.0525707
TAAGGCATAACATCAA-1,0.05846262,1.216174,-0.43998134
TAAGGCCCGTCACCCT-1,-0.35716125,-0.43453872,-0.43383858
TAAGGCTGAATCCCTC-1,-1.0496852,-0.40871486,-0.42895848
TAAGGGCCTGTCCGAT-1,-1.1683433,-0.3988903,-0.19754238
TAAGGGCTGGGAGAGG-1,0.6072977,-1.0952833,0.9801817
TAAGTAAATGTGCCGC-1,-0.41861638,-0.034264676,1.7980157
TAAGTAACATCTTGAC-1,0.24703854,0.35846415,0.11818405
TAAGTCGCCGAGTATC-1,0.6706482,1.7211218,-0.15060095
TAAGTGAATAGTCTAC-1,-0.10514802,1.2480534,-0.4319261
TAAGTTGCGACGTAGG-1,-0.77308553,-0.30719706,-0.27199537
TAATAAACAAGGAGAT-1,-0.09230965,-1.1314918,0.5445639
TAATACACAGTAGTAT-1,1.396963,-0.9968889,0.027322892
TAATACTAGAACAGAC-1,-1.0976356,-0.29447272,-0.7264442
TAATAGAACAGAGTTA-1,0.49304178,1.0371494,-0.065132804
TAATAGGTCACCAGAA-1,0.0145281255,1.3486589,-0.51624674
TAATAGTGACGACCAG-1,0.8570832,-0.89192724,-1.0253748
TAATATTGAAATTCGC-1,0.5576723,-0.48334116,1.7261084
TAATCGATCCGTACGT-1,-0.3634299,-0.79103196,1.0782862
TAATGAAAGACCCTTG-1,-0.085310325,-0.05831112,0.63177365
TAATTACGTCAGTAGA-1,-1.3097409,-0.32174104,-0.13132635
TAATTAGGACATCCGT-1,-1.343913,-0.2962878,-0.07941645
TAATTGGAATCGGGAA-1,-1.3381308,-0.31537127,0.4448694
TACAACGCACAACTCA-1,0.9616545,1.0102868,0.3230795
TACAAGGGCTTCTTTA-1,-0.6442791,-0.46318257,0.09503498
TACAAGTCTCGTGCAT-1,0.57772577,-1.0219065,0.59418297
TACACAGCCGTGGTGC-1,-0.7177974,0.18985778,-0.12836395
TACAGAAACGGTGGGC-1,-0.93585664,-0.4503017,-0.63417476
TACATAGGCATACACC-1,0.099436276,0.11983381,0.032622576
TACATCCCTATCCCTG-1,1.3576641,0.9441176,-0.1015429
TACATCTTGTTTCTTG-1,0.0,0.0,0.0
TACATGACCTTATCCG-1,0.0,0.0,0.0
TACATGCCGGAATTGT-1,-0.77630174,0.47169662,2.3080435
TACATTTCTAACGTGC-1,0.48182935,0.3169651,0.17206366
TACCAAATAGCCCAGA-1,0.22905712,0.33093998,0.21361598
TACCAATAAAGTACCA-1,-0.6844993,-0.6218844,-0.6749915
TACCAGAAGTAGGTTC-1,0.9046208,1.6290135,0.08781752
TACCAGCTAGGTTTAA-1,0.62408566,-0.054209128,1.6455418
TACCAGGAATCCCGTC-1,-0.10822098,1.2923495,-0.4200258
TACCGAATAATTGTAA-1,-0.93596107,-0.28487146,-0.17526047
TACCGCGGACTTGCAG-1,-0.957811,-0.59727955,-0.065134026
TACCGGCTCACTGCCC-1,0.12302209,0.07260443,0.031291094
TACCGGTCGTTTCCAT-1,0.95989436,0.23797949,0.10591366
TACCGTAGGTTAACTA-1,0.23187439,0.93547994,0.30116677
TACCGTGCCTCGGACC-1,0.8261143,0.504683,-0.11147523
TACCTACTCCCAGTAT-1,0.06189178,0.088185266,0.05425826
TACCTCACGCTTGTAC-1,0.6909534,-0.5882698,0.634571
TACCTCAGTTGTCTGT-1,-0.018251095,1.4767601,-0.578099
TACCTCCACACCAATG-1,0.092043735,1.4057219,-0.5803781
TACCTGCTGCACTGTG-1,0.59054697,-0.6426334,0.67323977
TACCTTAAGATTTCCC-1,0.180104,0.1682793,0.060679816
TACGAACACGACTTCA-1,1.210857,-0.87446946,-1.0181129
TACGACGCTTGCTGCG-1,0.46811926,0.91061944,0.09223811
TACGACTGCCTCTTAG-1,0.3295071,0.16924264,0.06791988
TACGAGAACTTCACGT-1,1.0835251,-0.97401005,-0.40614393
TACGATGTTGATCATC-1,0.7797318,-1.0831163,-1.3330833
TACGCAGTTCTTTCCT-1,0.41796094,0.39450288,0.116008036
TACGCCATATTCTAAT-1,0.120934196,0.1320325,0.034168117
TACGCCGAGGGTACCC-1,0.2591996,1.3276513,-0.4321623
TACGCCTCCATTCCGA-1,0.25215942,0.66968673,-0.002808271
TACGCTATAGAAACCT-1,-1.2697726,-0.37437975,0.016526401
TACGCTCCTAGAACTG-1,0.08245404,1.4611193,-0.15169896
TACGCTCGGTATTGGA-1,-1.3167111,-0.15032138,-0.28688723
TACGCTGATAGTTGTA-1,0.121512435,1.4595445,-0.5267086
TACGCTGCTGTGTTAA-1,0.07929489,1.4829359,-0.5485175
TACGGAAGCCAAACCA-1,-1.2293881,-0.23873736,-0.48455444
TACGGCATGGACGCTA-1,-1.3098196,0.023428475,-0.09459827
TACGGGATGCTAGCAG-1,-0.067686185,-1.0990223,0.12900873
TACGTAAAGCGGAGTG-1,-1.2081074,-0.2000058,-0.22413227
TACGTACTAGTGCTGA-1,-0.041241214,1.3493485,-0.5070536
TACGTGCACTATGCTG-1,0.7881174,-0.4545518,0.7270858
TACGTGGGCCCAGGGC-1,-0.9262017,-0.23168871,-0.97050345
TACGTTTACCGGCAAT-1,1.1083415,-0.3966291,-0.54665524
TACTATGGTTCCTCAG-1,0.28246206,1.6022729,-0.47647977
TACTCACAACGTAGTA-1,0.0,0.0,0.0
TACTCCTCTAGTTGAC-1,0.122875825,1.2450805,-0.54942536
TACTCGGCACGCCGGG-1,0.6181718,-0.9864569,0.95019525
TACTCTCCGAACAAAT-1,0.28682327,-1.0319711,-0.080021486
TACTCTTACTTTACTG-1,-1.3241106,-0.19500978,-0.26695752
TACTCTTTCGTCTTCA-1,0.29402786,1.4223771,-0.31459174
TACTGAACAGATTTAG-1,0.65111595,1.9039227,-0.3534767
TACTGCAATCAATTAC-1,-1.1636591,-0.4944444,0.14232568
TACTGGACAGCTCGGC-1,-0.0983996,-0.93103987,-0.5916594
TACTGTTTCTCTGGTA-1,-1.347183,-0.1414468,0.19178346
TACTTAAACATGTACA-1,-1.3870814,-0.06932707,0.003197715
TACTTGTTAGTAGTCC-1,-0.40278566,-0.81054103,-0.81786835
TACTTTACTGAGCCGG-1,-0.82383084,-0.6483095,-0.13543075
TACTTTCCGCACGCCA-1,0.2586631,-0.28594884,-0.47102562
TAGAAACACAATAGTG-1,0.061257694,0.06690385,0.08133998
TAGAAACCACTAAGTA-1,-0.8144294,-0.32348207,1.0420656
TAGAAAGGTGGCGCTA-1,0.62555486,-1.0609179,-1.2383657
TAGAACGCCAGTAACG-1,0.0,0.0,0.0
TAGAATAGCCGATGAA-1,-1.2842337,-0.404105,-0.012737238
TAGAATTAAGGGCAAC-1,0.30643663,-0.96187466,1.7126069
TAGACGAAACGCCAAT-1,-0.9410881,-0.32012263,-0.8352118
TAGACGCCCGTACCGG-1,-0.5756157,-0.80811936,-1.2827358
TAGACTACCTAGCGTT-1,-1.2078388,-0.19627889,-0.30968803
TAGACTCAGTTGGCCT-1,-0.23914768,1.4232634,-0.413382
TAGAGATCATGCAACT-1,0.66756755,0.49054566,0.2509697
TAGAGCTACGAAGAAC-1,0.34331608,0.19625248,1.4134341
TAGAGGGAGTTTATCT-1,-0.19899027,0.3910833,-0.2345352
TAGAGGTTCTACTTGT-1,-0.9414839,-0.34168082,-0.3779805
TAGAGTCTAAGCGAAC-1,1.5175279,-0.7836478,-1.2608929
TAGATATGGACTGGAA-1,0.9596332,1.4744813,0.40116796
TAGATCCGAAGTCGCA-1,1.0213385,-0.96020836,1.5373996
TAGATGGTTCCTTACT-1,-0.88294405,-0.52845633,0.2017247
TAGATTCAAAGTGCGG-1,-0.30267015,1.47996,-0.4144852
TAGATTCCTGGTTATT-1,0.6254651,-0.8819805,0.76472414
TAGCAACCTGTCACAA-1,0.26204777,0.02197206,0.74788535
TAGCAGTATGACTAAA-1,-1.3547252,-0.21567598,-0.17841807
TAGCCAGAGGGTCCGG-1,0.0,0.0,0.0
TAGCCATTTCAAAGTC-1,-0.9223444,-0.56637615,-0.1923231
TAGCCGGCGGTCAGCG-1,-0.44868028,-0.9323735,-1.0622876
TAGCGTCCCTCGATTG-1,-1.1869863,-0.45720404,0.04477988
TAGCGTCCGGTGTGGT-1,0.7627856,-0.95554364,-0.6514721
TAGCGTTGGGTCTTAC-1,0.50215423,0.07991664,-0.3128895
TAGCTAAGTCCGGGAG-1,1.3673488,-0.6060613,-1.1944115
TAGCTAGAAGGCATGA-1,0.037427306,1.0526577,-0.33794388
TAGCTAGTGATGATGG-1,-0.01925438,1.443309,-0.52645963
TAGCTCGCCTGATAAC-1,0.95342636,1.4468863,0.5132361
TAGGAACAGCCTCCAG-1,-1.0343511,-0.45430505,0.99087393
TAGGAGGCTCGAGAAC-1,-1.0569274,-0.03296483,-0.30514112
TAGGCATGTTACGCCA-1,-0.011480814,-1.0358626,-0.50906175
TAGGCCTATATAGTCT-1,-1.382175,-0.009992377,-0.13326521
TAGGCGATGAGGTCTC-1,0.076608986,0.74820185,-0.15579322
TAGGCGGCTGCAAAGA-1,-0.035497006,1.4906555,-0.40558112
TAGGCTAAAGTGGCAC-1,-1.3834962,-0.28909105,-0.1780265
TAGGGAGCTTGGGATG-1,-0.9531467,-0.32023957,-0.059772857
TAGGGTGTTTCAAGAG-1,1.3275092,-0.72720027,0.32474822
TAGGTCCAAGTAAGGA-1,1.0637337,-1.0313299,0.7758239
TAGGTCGCCGGAACTG-1,-1.1363261,-0.48300505,0.058783013
TAGGTGACGATAACCT-1,-1.0640224,-0.3912945,-1.1711543
TAGGTGAGCCCTACTC-1,0.6847469,-1.0646182,-0.31912684
TAGGTGCTCGCCTAGC-1,0.14624314,-1.0132943,-1.0496691
TAGGTGTTCCACAGAT-1,0.36736244,0.6342448,0.3295082
TAGGTTCGAGTTCGTC-1,1.2500772,0.3850153,-0.34437257
TAGGTTCTGCTGAGAA-1,-0.4901569,-0.13629283,0.025455488
TAGTACCACAACTTTC-1,0.23834139,1.3898435,-0.56584644
TAGTACCTTAGTGGTC-1,0.34004152,0.2675645,0.9193259
TAGTAGCTTATACCAG-1,-0.10995605,1.3548752,-0.45055234
TAGTCCCGGAGACCAC-1,-0.17326641,1.4475405,-0.41154972
TAGTCCGCAGAGAATG-1,0.33154538,0.16254468,0.11954567
TAGTCCGTATGCATAA-1,0.5192914,0.5671549,0.6895322
TAGTCCTGCACTAAGC-1,0.027647683,1.4271206,-0.55697805
TAGTCGATCACGGGTT-1,-1.0365633,-0.47906622,0.014466912
TAGTCGGGATTCTTCG-1,0.045943264,0.050177895,0.06100499
TAGTCTAACAACGAGA-1,1.35509,-0.35835126,-0.59964997
TAGTCTGCGGCACATT-1,-0.03299815,1.4401824,-0.5260226
TAGTCTGTGACGTTGC-1,-0.9304343,-0.49286518,0.22486117
TAGTCTTTCCGAATTG-1,-1.5429895,0.08018687,-0.19512604
TAGTGCCCTCCAGAGT-1,1.2732462,-1.0093403,-0.93047976
TAGTGCTTGAATCCTT-1,0.0,0.0,0.0
TAGTGTCAGAAACGGC-1,0.4644978,0.68098766,1.4673163
TAGTTAAGATAGGATA-1,0.2913331,-1.0363488,1.2612845
TAGTTTATTCTTGCTT-1,0.53898525,0.29068056,1.0994391
TATAAATCCACAAGCT-1,0.8052989,-0.71776223,0.91391224
TATAAGTGAGGATAGC-1,1.4439704,-0.7126887,0.79178303
TATACACAGACGCCTT-1,0.6612597,0.97989327,0.341587
TATACACGCAAAGTAT-1,0.7705456,0.6090506,1.4926232
TATACCGAGTGCCACA-1,-1.3723148,0.0075950865,-0.0127564585
TATACGCGTCATCACT-1,-0.70540065,-0.04112415,-0.16832681
TATACTCATGCGGCAA-1,0.44017074,0.5617646,0.9366995
TATAGAGTCGCTTGAA-1,-0.3657539,1.4261833,-0.31572106
TATAGATGGTCGCAGT-1,-1.0664384,-0.51185924,0.00970948
TATAGGGTACTCATGA-1,-0.037425004,-0.69002044,1.0529523
TATAGTTAGGTGTACT-1,-0.28749245,1.393414,-0.32665846
TATATAGGGCTTTACG-1,0.03246227,1.2800796,-0.5225712
TATATATCGAGAAATG-1,-0.01610624,1.1648911,-0.42962682
TATATCAAAGTGATCT-1,-0.12729046,1.3360504,-0.43640512
TATATCCCTGGGAGGA-1,-1.0490798,-0.33741584,-0.039550733
TATATGCTGGGTTGCC-1,0.0,0.0,0.0
TATATTACAAATGTCG-1,-0.96247387,-0.34956095,0.6386069
TATATTCGCGTCGATA-1,0.23046851,0.35773835,1.1894085
TATCAAAGGTCTGTAA-1,0.036651507,-0.005657703,0.032450147
TATCACCATGTAAAGT-1,-0.79029286,-0.4544153,1.0091761
TATCACCCAACCGACC-1,-1.1344308,-0.54785186,0.24120106
TATCACTTCGAGTAAC-1,-0.82507557,-0.8432818,0.61219543
TATCCAATTGGTTATC-1,-0.3383288,-0.82380474,-0.7318993
TATCCATATCATGCGA-1,1.5372657,-1.04805,0.74021685
TATCCATCTCGGTTAG-1,0.07843092,1.4385653,-0.59813803
TATCCGCACCGTCGGG-1,-0.0811698,1.3926926,-0.50263226
TATCCTATCAACTGGT-1,0.01363048,0.9843547,-0.26943234
TATCCTGCATGGGAAT-1,0.18006085,-0.38361123,1.1457038
TATCGATCTATGCATA-1,0.016357876,-1.1465145,-0.4305088
TATCGATGATTAAACG-1,0.4769669,-0.93716794,-0.06480625
TATCTACAGAGGTAAT-1,0.99676955,-1.1234826,0.7766858
TATCTACCACAGCGGG-1,0.0,0.0,0.0
TATCTAGCCTAAAGGA-1,0.51143646,-0.6946938,0.9121438
TATCTTGCAATACAAC-1,0.0029126785,1.2998145,-0.4726076
TATGAAGAATTAAGGT-1,-1.1495311,-0.15267105,-0.12488902
TATGAAGACAGGTGCG-1,0.93579274,-0.6892206,0.7558843
TATGATAAATCTAACG-1,-0.96899253,-0.2606014,0.8882832
TATGATCCGGCACGCC-1,-1.2655172,-0.062485747,0.1304871
TATGATCTTCTCTTTA-1,-1.1827995,-0.5014243,-0.10621446
TATGCTCCCTACTTAC-1,1.0987654,-0.6401869,-0.2665764
TATGGATGTGCTACGC-1,1.2576286,-0.43848813,-0.676391
TATGGCCCGGCCTCGC-1,0.8647835,-1.0724663,-0.0022615492
TATGGGACCGAGCAGG-1,1.1212895,-0.14090669,-0.56239843
TATGGGTACGTATCGT-1,0.7843013,-0.14975469,-0.5985702
TATGGTCTGAGTAACA-1,1.2319846,0.16805498,-0.3665743
TATGGTTAGTGGGAGA-1,-1.2553827,-0.38720918,0.006172491
TATGTAAAGTGCTTAA-1,-0.34543836,1.4217081,-0.3331764
TATGTCAAGACCGACT-1,-0.2597765,-0.9571717,0.4889197
TATGTCTCATTGTGCC-1,0.39556095,-0.85297436,-1.2965049
TATTAACACCAAAGCA-1,0.068135075,0.42914122,-0.070087224
TATTAACCTGACCGCG-1,0.3912715,1.5710545,-0.4488045
TATTACCATCCTGCTT-1,-1.2594464,-0.34276554,-0.48697463
TATTATGTTTGCCTGC-1,0.08957668,1.4642437,-0.60639304
TATTCAATTCTAATCC-1,0.39594156,-0.7549404,-0.24517506
TATTCCACTCAGCTCG-1,0.637274,0.96479034,0.33852994
TATTCCGAGCTGTTAT-1,-0.8549175,-0.74385244,-1.237529
TATTCCTCCGCCCACT-1,0.045246895,0.11239701,-0.039689023
TATTCGTGCCAGAATA-1,1.2207675,-0.22636108,-0.78216875
TATTGCCGGGCTTGTA-1,-1.1299636,0.1961468,-0.23756129
TATTTAGTCTAGATCG-1,1.4303349,-0.31609946,0.4443572
TATTTATACCGAGTAG-1,1.0469873,-0.9628769,0.50014573
TATTTGATTTGCACAG-1,-1.100045,0.057631306,0.46829787
TATTTGTTACCCTTTA-1,1.4912797,-1.1871257,-0.7517951
TCAAACAACCGCGTCG-1,0.6432541,-0.8065997,-0.016490273
TCAAACTTAGATTGTT-1,1.3601646,-0.19231106,-0.8422063
TCAAAGTCACGGCGTC-1,-0.0884975,1.2922055,-0.44066596
TCAAATTGTTGTGCCG-1,-0.9743701,-0.39951646,-0.9999016
TCAAATTTGAGACTCA-1,-0.72975296,-0.14136246,-0.25646347
TCAACAAAGATAATTC-1,0.7296038,1.7825712,-0.25110424
TCAACATAGCGCCCTA-1,0.44863614,1.4853632,-0.28497908
TCAACATCGACCGAGA-1,1.1890891,0.41586065,-0.44448715
TCAACCATGTTCGGGC-1,1.4933256,-0.8773749,-0.9941971
TCAACGAGGAGACAAA-1,0.038664788,0.050502084,0.025951548
TCAACGCAGGAAATAA-1,0.06335655,0.11535617,-0.03371327
TCAACGCGACCGGCAG-1,0.74722886,-1.0016049,-1.1575406
TCAACTAACGTATAAC-1,0.4404999,-0.67497003,0.9853668
TCAACTGCAGAGTCAG-1,-1.0818546,-0.1952021,-0.2600274
TCAAGAAATACTAGCT-1,-1.1520578,-0.3814894,0.063136406
TCAAGCGCGGACGGTA-1,-1.4558989,-0.048626836,-0.29430294
TCAAGGTTACTACACC-1,-0.9211216,-0.57410175,-0.041391406
TCAATACGCCGTCATG-1,0.65770465,0.83708245,0.35583606
TCACAAACCGAGGTAC-1,-0.89486504,-0.44856447,-0.22315687
TCACAGATCCTCAAAC-1,0.044376176,0.04846635,0.058924142
TCACAGCAAACTCGAA-1,0.1484774,1.4569407,-0.48791793
TCACAGGAGAATAAGA-1,0.1431682,1.3642266,-0.6091427
TCACAGGGAATCGCAA-1,-0.35240957,-0.5787791,-0.3606631
TCACAGGTTATTGGGC-1,0.6489926,-0.7659768,-0.41025952
TCACATCTTATCTGAT-1,0.48694342,-0.50968885,0.51841664
TCACCCTCTTAAGATT-1,0.09468323,0.115450025,0.041283697
TCACCGCTCGGCACTC-1,-0.08067893,-0.89650273,-0.37265995
TCACGATGTCCGTGGA-1,0.47676507,1.2322435,-0.26055014
TCACGCATTGTAGATC-1,0.67059636,-0.865324,-0.72175026
TCACGGCCCAAGAGAG-1,0.0027038555,1.3732603,-0.5154082
TCACGGTCATCGCACA-1,1.2210692,-0.9654356,0.12574486
TCACGTGCCCGATTCA-1,0.45302755,0.2772552,0.19191958
TCACTACGACCAATGC-1,-1.0895482,-0.62054396,0.37856314
TCACTCGTGCAACGGC-1,-0.5812165,-0.9279176,0.71719116
TCACTCTTCGTCTGTC-1,0.0,0.0,0.0
TCAGAACCTCCACAGG-1,-1.2211683,-0.47027215,0.1653715
TCAGACGCTATAGAAG-1,0.30840558,-0.28445098,-0.42738163
TCAGCAAATGCATCTC-1,1.5112854,-0.21955892,-0.4896787
TCAGCAGTAGGCCCTG-1,0.07904653,1.3260704,-0.56169146
TCAGCCAATCCGTAAA-1,-1.1113454,-0.085289724,-0.29645836
TCAGGGCGACTTCCTT-1,0.0,0.0,0.0
TCAGGGCGCAAACTCG-1,0.91947687,1.3821055,1.9823537
TCAGGGTGCACGAAAC-1,-1.0574577,-0.6661904,0.59324497
TCAGGGTGTAACGTAA-1,1.0601509,-0.14687975,-0.29705393
TCAGGTTCTTTGAGAA-1,0.69807893,-0.8730545,-0.3832818
TCAGTACTGACCCGCG-1,1.2004855,-0.9498164,0.3457733
TCAGTAGGGACTATAA-1,0.7819439,1.548179,-0.031002363
TCAGTGTATACGTCAT-1,0.14831525,1.3708657,-0.6179377
TCATACTTACAGATCC-1,0.6189166,0.15819073,0.96493536
TCATATGAGCTTTGTT-1,0.41554874,0.53251725,0.18870357
TCATCACTCGAGCTCG-1,0.62243545,0.70461994,1.0130677
TCATCCATCTGATCAC-1,0.15072137,1.1221331,-0.35923162
TCATCCCAGAGGGTGG-1,0.6721066,-0.657346,0.9536275
TCATCCTCAGCTGCTT-1,-0.7983232,-0.4506204,0.04845519
TCATCGACGACCGTCG-1,-0.7542186,-0.15445234,-0.64302975
TCATCGATGGTCCCAA-1,0.1223154,1.3792685,-0.5843949
TCATGCAGGTTCTCAT-1,0.31760776,-1.1227,-0.16584997
TCATTTAAGTCTCCGA-1,-1.2019092,-0.45360792,0.08605021
TCATTTAGAAGTGTGA-1,-1.2517977,-0.21109712,-0.17005372
TCCAACTCAGCTATCT-1,-1.0632071,-0.21536389,-0.20601417
TCCAACTTTAAATTCT-1,0.5272323,-0.5149854,-0.6941226
TCCAAGCCTAGACACA-1,-1.0797671,-0.46177036,-1.0386751
TCCAATAAAGGCTACC-1,-0.0034064117,1.4789524,-0.11662598
TCCACAATGGTTTACG-1,0.82768476,-1.0828624,0.05540442
TCCACATCGTATATTG-1,-1.1844083,-0.13811351,-0.7223619
TCCACCTCTAGCCTTT-1,0.03443855,1.5524044,-0.28137338
TCCACTTTATCTAGGT-1,1.3757286,-0.2236242,-0.7395547
TCCAGAGCACCGGTTC-1,0.22772466,-0.0210385,-0.13092946
TCCAGCGCTATAAGCG-1,-1.2405739,-0.02535032,-0.2767673
TCCAGGCAGGACGATC-1,-0.095150925,1.3671583,-0.18305783
TCCAGGCGAGTACGGT-1,0.9658238,-0.5041383,-0.97857344
TCCAGGGTATATACGA-1,0.60852045,0.71686,0.20166086
TCCATCAATACTAATC-1,0.068064265,1.379736,-0.41802996
TCCATTGTGACCTCGT-1,0.23546158,-1.0760922,0.92661697
TCCCAAACAGACAACG-1,-0.9571888,-0.18989831,0.5939563
TCCCAAAGACGAAGGA-1,1.4017758,-0.9651412,-0.5016179
TCCCAAAGCCCTAAAT-1,-1.3323319,-0.15270783,-0.09061494
TCCCACTCTCTTCCGG-1,-1.2579435,-0.3705102,0.019935252
TCCCAGCTTTAGTCTG-1,0.80409545,-0.37216884,-0.73766035
TCCCAGGCTTAGCTAA-1,0.916944,-0.29546204,-0.9156803
TCCCGCGTACTCCTGG-1,1.095524,0.10340789,-0.44501287
TCCCGGGTGTGCTGCT-1,0.21900117,-0.6078428,-1.0965221
TCCCGTCAGTCCCGCA-1,1.1944368,-0.85020685,-0.94346815
TCCCGTGTGCAATTTG-1,0.052703064,-1.2257314,-0.9942094
TCCCTCTTCTCAAGGG-1,-1.0084045,0.10430978,-0.18584985
TCCCTGGCGTATTAAC-1,0.11746613,1.3672024,-0.590103
TCCCTGGCTCGCTGGA-1,0.091121495,-0.8446012,0.34279218
TCCCTTAGATTACTCG-1,0.33979964,-1.3091183,-0.18844719
TCCCTTGTCTGAAACT-1,-1.1239799,0.26390645,-0.24302433
TCCGAACGTTGCCGCT-1,-0.91493344,0.2265189,1.4177387
TCCGAACTTGGCTTAC-1,0.6352908,-1.0706131,0.8662531
TCCGAATGGTCCTGAG-1,-1.3931392,-0.1863333,0.03649443
TCCGACCGCTAATCAA-1,-0.21234293,1.4454231,-0.4428606
TCCGATAATTGCCATA-1,1.4313393,-1.102029,0.19800928
TCCGATGACTGAGCTC-1,0.9622446,-0.59757316,-0.6208858
TCCGATGGTGCGACAT-1,1.2957958,-0.5742977,-0.6616908
TCCGATTACATTGCCG-1,0.5625598,-0.8419847,-0.4420499
TCCGCAGCCACCTAGC-1,0.080205135,0.08759771,0.10649903
TCCGCCTGTCTACAAG-1,-0.34196657,-0.117974125,-0.50857645
TCCGCGGCAGCATCTG-1,-0.31757963,-1.014532,-1.3371648
TCCGCGGCCCAATGAA-1,-1.1118577,-0.27504176,-0.2687008
TCCGCTGTCATCCCGG-1,-0.56922746,-0.9363209,-0.506357
TCCGCTTATCCCATTA-1,0.2750622,0.3056991,0.14956012
TCCGGCCTAGCGTACA-1,-0.809527,-0.5911713,0.12595248
TCCGGGCTTGACGGGA-1,-1.1770867,-0.20228809,-0.16180149
TCCGGTTCGTCCGGTC-1,0.39613974,1.2489876,0.013167003
TCCGTAACCACAATCC-1,0.46315476,0.6278903,0.94394374
TCCGTTAAGCTAATAT-1,-1.1510104,-0.36782196,-0.08918436
TCCGTTTAGCCTTGAA-1,-0.015890582,-1.1834307,-0.5060183
TCCTAAAGATTCAGAC-1,-1.1017147,-0.28763992,-0.71850866
TCCTAAATTGGGAAGC-1,-0.0014955483,0.10640949,-0.57841694
TCCTAACCGTCGGGCA-1,-0.31034693,1.464342,-0.36780703
TCCTACATCCACGGCC-1,-0.7754938,-0.76357424,-0.31228822
TCCTAGCAAAGAAGCT-1,0.66464007,-0.32598427,-0.50062793
TCCTATCATAGGTAAC-1,-1.0475649,-0.18904048,0.3502615
TCCTCCTAAGACATTC-1,0.36362827,-0.013244847,-0.20257731
TCCTCGGGCTGGGCTT-1,1.069531,-0.20593426,-0.5833067
TCCTCTACGAGATGGC-1,0.93061495,-0.9542568,0.9550627
TCCTCTCCAGTTGTCC-1,0.8642843,-0.8335038,0.8188158
TCCTCTGGCCCATTAG-1,-0.6742417,-0.7459917,1.2872324
TCCTGCCAACTGGAGA-1,-0.7179598,-0.6039667,1.3865749
TCCTGCGTTGATACTC-1,0.26697123,-0.93707716,-1.0849881
TCCTTACGACGGTCCG-1,-1.1674052,-0.43895677,-0.110656776
TCCTTCAGTGGTCGAA-1,1.052598,-0.073601745,0.7042452
TCCTTGTCCTTTAATT-1,-1.3538889,-0.21876192,-1.0176581
TCCTTTAAATCCGCTT-1,-1.0136251,-0.27120817,-0.2665922
TCCTTTCTTACGCTTA-1,1.0190405,0.020456359,-0.1888548
TCGAAATTTAGGACCA-1,0.83784884,-0.073275894,-0.29182166
TCGAAGAACCGAGCAC-1,-1.1328529,-0.51095134,-0.28903154
TCGAATATCCCGCAGG-1,0.044557773,1.3709297,-0.5020961
TCGACAACTGAACCCG-1,-0.062742524,1.3668718,-0.49355868
TCGACATAGCGTAGCG-1,-0.13358389,1.4444264,-0.47753224
TCGAGACCAACACCGT-1,1.0330287,0.08872053,-0.22321337
TCGAGCCAGGCAGGCC-1,0.13430539,1.2794884,-0.5780805
TCGAGGGCAACAGACG-1,-1.1609337,0.31894034,1.342245
TCGCAAAGATGCATTT-1,0.066559404,-0.4229349,-0.38885686
TCGCACCAGGAGGCAG-1,-0.5548507,-0.7159601,-0.65217036
TCGCACTAACGTTTGT-1,0.27789664,0.30351058,0.36900035
TCGCATAAAGGGCGCA-1,-1.3269122,-0.11172632,-0.25087956
TCGCATCCCTAAGTGT-1,0.3657905,0.39950562,0.48570865
TCGCCGAAGTTGCGTC-1,0.07417228,0.09035394,0.02828117
TCGCCGACATATTCGC-1,-1.347976,-0.20110388,-0.36524272
TCGCCGGATGGGCAAG-1,0.0,0.0,0.0
TCGCCGGTCGATCCGT-1,1.4744272,-0.91520756,0.13876314
TCGCCTCGACCTGTTG-1,0.0,0.0,0.0
TCGCGTAGCAGTGTCC-1,-0.8600795,-0.19488525,-0.2010597
TCGCGTCCAGAAGGTC-1,0.94606423,-1.0192944,0.24504808
TCGCTAAACCGCTATC-1,-0.15670437,-0.93784964,-0.16033134
TCGCTACTGGCTTTGA-1,-1.1224021,-0.27299115,-0.98564404
TCGCTCGATATATTCC-1,1.176363,-0.06677865,-0.645596
TCGCTCGGCACCAGCG-1,-1.236342,-0.2302058,0.123049445
TCGCTGCCAATGCTGT-1,-0.91557974,-0.41990831,-1.1251817
TCGCTGGGCGGATTGT-1,0.98780614,-0.15239948,-0.44407445
TCGCTGTGCGTAAATC-1,0.115120284,-0.027453378,1.2206292
TCGCTTTAAACGTTTG-1,0.07533322,-1.160159,-0.21093553
TCGGAATGACCATCAA-1,-0.81998324,-0.24897142,1.7436224
TCGGAATGCGCTCTGA-1,0.9074307,-0.9981081,0.3751908
TCGGACGCCCAGCCCA-1,0.7765082,-1.0105151,-0.95441943
TCGGAGAGTATCGGGA-1,0.7766393,0.50522554,0.25498277
TCGGAGTACATGAGTA-1,1.0311626,-0.29533625,-0.024859922
TCGGCGAACCCAAACC-1,-1.0902737,-0.23281656,-0.13080727
TCGGCGTACTGCACAA-1,0.17553498,0.008878279,-0.14801326
TCGGCTTGTATCGACG-1,-1.0452005,-0.55921924,0.042117856
TCGGGAACGTGCCTAG-1,-1.1599411,-0.22540838,-0.007697354
TCGGGAGACAGCGTAC-1,-0.576028,-0.26312467,-0.759246
TCGGGATTCAAACATA-1,0.4567704,-0.57231385,0.02276314
TCGGGCCGTCGTGGTA-1,-0.19315678,-0.8279393,-0.690792
TCGGGTGAAACTGCTA-1,0.62487155,0.8711747,0.9219598
TCGGTCCCGACAATAG-1,0.17835051,1.285051,-0.5395889
TCGGTCCCTGACTCCA-1,-0.66050535,-0.52699494,1.2906275
TCGGTTAGCCATGTAG-1,-0.63726336,-0.12921774,1.8818289
TCGTAAGACGACATTG-1,1.1192052,-0.72015846,-1.4095645
TCGTAAGCTCCGAGGA-1,-1.0326654,-0.4267854,1.036262
TCGTACCGACGTCAAG-1,-0.21404487,1.3859302,-0.06113582
TCGTATAGTGCAATTA-1,0.854127,0.9087377,1.3459097
TCGTATTACCCATTGC-1,0.03272949,-0.9797328,-0.71290845
TCGTATTTCGTCCGGA-1,-0.95565873,-0.28930333,0.90280396
TCGTCAAGTACGCGCA-1,0.20846668,1.409935,-0.60780936
TCGTCACACTGTTAGC-1,0.17005017,-0.23268634,0.23470664
TCGTCCGCTGGCGTCT-1,1.2016934,-0.62086874,0.80197614
TCGTCTTAGGCGTTAA-1,-0.5073911,-0.77664715,-1.4381675
TCGTGTACTATGGATG-1,-0.28015363,-0.383097,-0.2637468
TCGTGTATTGGTCACG-1,-1.0372337,-0.008551544,0.12760328
TCGTGTCACGCTGACA-1,1.0634351,0.15457663,-0.24100497
TCGTGTTCGACCACAA-1,-0.8183853,-0.31757998,-0.1693821
TCGTTAGGAGTCCCTA-1,0.38196334,1.1884547,-0.0060084485
TCGTTCGTTATTATGT-1,0.3303391,0.42249465,1.1793156
TCGTTGACAGGGTCCC-1,0.0,0.0,0.0
TCGTTGCTATCCGGTC-1,0.78046465,2.0987506,-0.10409176
TCGTTTACGCGACCCT-1,-0.5689385,-0.6525789,0.24244218
TCTAAAGAACAGTCTC-1,0.01674281,0.050018884,0.002948965
TCTAATACTGCCTCAG-1,0.1776633,1.4179491,-0.6438788
TCTACACGTTCATGCA-1,-0.91902083,-0.45528176,0.8274656
TCTACCCAATAGAGAG-1,-1.008108,-0.3139739,-0.11012889
TCTACCGTCCACAAGC-1,2.526758,0.45566684,-0.9146495
TCTAGCAATCTCCGCC-1,0.8729385,0.7441537,0.29436496
TCTAGCATCTTCGATG-1,0.8501038,-0.8076331,0.22497946
TCTAGCATGCCCAGAA-1,0.035864405,0.0046622106,0.0046804473
TCTAGGTGGCGACGCT-1,-0.9009197,-0.6072062,0.11327162
TCTAGTGATATCGTGG-1,-1.1031284,-0.42155823,-0.465302
TCTAGTTATCAGAAGA-1,1.417781,-0.71120363,-0.9165091
TCTATAGGTGGGTAAT-1,-1.3896644,0.007537485,-0.1732844
TCTATCATGCAGTTAC-1,0.47692746,-0.17195272,0.88455915
TCTATCGGTCGCAACA-1,0.8937703,-0.3145245,-0.4630001
TCTATGCTATAACGAC-1,-1.3335601,-0.23160322,-0.428874
TCTATTACGCTGGCGA-1,0.4192121,0.49590135,0.58744663
TCTATTACTAGAGGAT-1,0.33522636,-0.08536314,-0.50947577
TCTCATGAGATAGGGT-1,-0.82468957,-0.581577,-0.59212184
TCTCCAACGTAGGTTA-1,1.1323196,-0.49687642,-0.19121908
TCTCCACAAGTTGAAT-1,-0.6337377,-0.58508694,-0.26027775
TCTCCCTGGGCAGCGT-1,-0.1653938,-1.0656639,-0.8175953
TCTCGAACGAGGTCAC-1,-0.9948569,-0.6485527,0.5195583
TCTCGACGTATCGCCG-1,-1.2469248,-0.3193115,-0.1604807
TCTCGAGGAGGTTCGC-1,-1.3397812,-0.099611245,-0.37725025
TCTCTAATAGCTGGTA-1,1.7962427,-1.1644849,0.07089427
TCTCTCGCCGCACATA-1,-1.4204246,0.010279797,-0.3306067
TCTCTTACCGCGAACC-1,-0.23744714,1.4760633,-0.4308716
TCTGAACCGGTCGGCT-1,1.2737455,-0.20031129,0.7857273
TCTGAACTCGTACCCG-1,-1.1956005,-0.3971213,-0.026721163
TCTGAAGCACGTGGTC-1,-0.63164955,-0.87291354,-0.5198605
TCTGAATTCCGTACAA-1,-1.1433852,-0.37862498,-0.31237313
TCTGACTGTAATGGTT-1,0.0,0.0,0.0
TCTGAGCAATTGACTG-1,-1.326792,-0.13353719,-0.28955793
TCTGATGTATTCTGTC-1,-0.8873544,-0.66491985,-1.0577755
TCTGCATACCTTGCTT-1,-1.2371434,-0.40228614,0.021636175
TCTGCCAGAAACTGCA-1,0.40233207,-0.9540049,-0.66856074
TCTGGGAACCTTTGAA-1,-0.9826936,-0.3862214,-0.15425123
TCTGGGTAGCGCTCAT-1,1.4216301,0.014432862,-0.17641768
TCTGTCATACAAGAGC-1,0.33105284,0.3928734,0.8294303
TCTGTGCCATCATAGT-1,1.20234,-1.0554532,-1.2310202
TCTGTTACCCAGCATA-1,0.6726373,1.4105287,-0.1731887
TCTTAACTCGGATGTA-1,0.0,0.0,0.0
TCTTACAGAGGTACCG-1,0.092647895,0.04058286,2.1318657
TCTTACCGGAACTCGT-1,-0.02779699,-1.1010114,0.26552907
TCTTACGGCATCCGAC-1,0.5213394,-0.2565402,1.1166378
TCTTACTTATGCCTCT-1,-1.0266688,-0.18998712,-0.39807028
TCTTAGAGCTCCAATT-1,-1.1760322,-0.17564785,-0.23912448
TCTTAGAGTGAACTCT-1,-1.024385,-0.4521103,-0.1427416
TCTTCCCATGGGCACA-1,-0.81540185,-0.70550483,-0.41145197
TCTTCGAATAGACGTT-1,0.43432653,-0.22449708,-0.5640906
TCTTCGATACCAATAA-1,1.1184641,-0.488153,-0.9332734
TCTTCGCGGTGAGAGG-1,-1.3818833,0.026735958,-0.2699143
TCTTCTATAACCCGCC-1,-1.1959893,-0.29138142,-0.087433256
TCTTGATGCGTAGCGA-1,0.9528278,-0.54193205,-0.89562535
TCTTGCTCCCGATACT-1,0.6000525,0.59487545,-0.5453927
TCTTGGTAACACCAAA-1,0.78735214,-0.6366832,-0.6068531
TCTTGGTCAATGATAC-1,0.0066921734,1.1889313,-0.4707738
TCTTTAAGACTATGAA-1,-1.0635786,-0.54299915,0.18810344
TCTTTAGAGTCTAACA-1,-1.3594757,0.034728214,-0.2089561
TCTTTCCTTCGAGATA-1,-1.072698,0.3433938,1.056546
TCTTTCGGCGGGACAC-1,0.0,0.0,0.0
TCTTTCTCTTAAGGAG-1,-0.7789136,-0.42399132,0.68769705
TGAAACTTATGCAAGC-1,0.9201559,-0.7879527,1.751083
TGAAAGGACCTGACTC-1,-0.33714035,-0.996932,-1.5705903
TGAACAAGCAGGGACT-1,0.04443822,1.3417207,-0.53190774
TGAACACCCGAAGCAG-1,0.0,0.0,0.0
TGAAGAGCGGTCCTAG-1,0.0,0.0,0.0
TGAAGTAGCTTACGGA-1,0.0,0.0,0.0
TGAATACCGACGCGTA-1,-1.255698,-0.28033105,-0.74961394
TGAATGAGTGTTTCCC-1,-0.12645079,1.5294033,-0.48578545
TGAATGTCAGCCGGCC-1,-1.3255723,-0.3542048,0.04450992
TGACACTTCTCTTTGC-1,-1.0688173,-0.34420174,0.20226781
TGACATCGAGCGGACC-1,-1.1137139,-0.47003448,0.16944969
TGACATGTAACGTGAC-1,-0.94233346,-0.033949696,-0.38257596
TGACCAAATCTTAAAC-1,0.51722085,0.5898282,0.061000936
TGACCAGCTTCAAAGT-1,-0.48611557,-0.069063894,1.7350069
TGACCCACGTTAGACA-1,0.88742167,-0.90076137,-0.35935375
TGACGAATATTTCCCT-1,0.97210824,0.5333916,0.31631628
TGACGATGCACTAGAA-1,-1.2326397,-0.3999134,-0.2683548
TGACTATAATCCTTTC-1,0.7512414,0.20525967,-0.0047308006
TGACTCCGAATCATAC-1,0.13153537,1.2196641,-0.52978283
TGAGAATGCTTTACCG-1,1.3452871,-0.81781113,0.48608932
TGAGAGATTTACCACG-1,-0.89340824,-0.49340463,-0.6128264
TGAGATCAAATACTCA-1,0.19729029,0.28844398,1.6409346
TGAGATTAGGCCCTAA-1,-0.66121036,-0.92728657,0.7884243
TGAGCCATACAGTCTC-1,1.8759362,0.44152164,-0.18455851
TGAGCGGAAAGTGTTC-1,0.048918195,0.1483556,0.020124039
TGAGCTTTAATGACGC-1,0.38347152,-1.2342286,-0.113330506
TGAGGAGTGCCAGCTT-1,0.27573243,0.62239796,0.22048828
TGAGGTGTGTGGCGGA-1,-0.6231185,1.8151371,-0.42030045
TGAGTAAATTAGCGTA-1,0.17932627,0.42636073,-0.10127731
TGAGTGCCTCTTAAAT-1,0.56212604,0.75381017,0.26284298
TGAGTGGTCCGTGACG-1,0.22358394,-0.9360175,-1.4841772
TGAGTTAAAGACATTC-1,-1.3840532,-0.17663394,-0.24635787
TGATACATTTAGCCGT-1,0.7447136,1.8015944,-0.14963661
TGATCACCACACTGAC-1,-0.45736092,1.5636882,-0.39637008
TGATCAGGGAACTGCT-1,0.9896175,-0.22428451,-0.5486465
TGATCCCAGCATTAGT-1,-1.2522447,-0.3809508,0.2005434
TGATCGGTTTGACCCT-1,1.2863016,-0.5118105,-0.8335658
TGATCTACGCTGATCT-1,-0.9886183,-0.6874057,0.46643323
TGATCTCCGGCGCCAG-1,1.2182182,-0.40432703,-1.282811
TGATGGGACTAAGTCA-1,0.0,0.0,0.0
TGATGTCAATTAAGTG-1,-1.1434101,-0.32801932,-0.1361673
TGATTCCCGGTTACCT-1,-0.23353124,1.4877453,-0.3691823
TGATTCGTCTATCACT-1,0.55807364,-1.0163525,-0.55073714
TGATTCTGTCGCCGGT-1,0.29118377,1.0772331,-0.17131612
TGATTTATTAGCTGTG-1,1.4508551,-0.77751577,-0.8456221
TGATTTCCTCCTGACG-1,0.68343383,0.8249057,1.0994395
TGCAAAGTTCGTCTGT-1,-0.34134477,0.62545663,-0.45637187
TGCAACCCATCTGCGG-1,-0.81568956,-0.583247,-0.6451364
TGCAACTACTGGTTGA-1,-0.67533475,-0.6183561,0.29305243
TGCAAGAATGACGTAA-1,0.6959653,-0.21105205,-0.33238664
TGCAATCTAACACGGT-1,-1.1444349,-0.570299,-0.9204467
TGCAATTTGGGCACGG-1,-0.7410753,-0.18211876,1.5132897
TGCACAGTGAAGTTAT-1,-0.8289354,0.020768892,1.3275211
TGCACGAGTCGGCAGC-1,-0.20612845,-0.06936043,2.2452738
TGCACTATGTGAGTGC-1,0.18868123,0.20607215,0.25053716
TGCAGAACTATATCGT-1,1.4509819,0.0730931,-0.6022445
TGCAGAGTACCGAGCA-1,0.42562076,-0.43680733,-0.79715186
TGCAGATCGTCCTAGG-1,0.8412051,-0.24310999,-0.5340226
TGCAGCTACGTACTTC-1,0.7355668,0.060006697,-0.5937079
TGCAGGATCGGCAAAG-1,1.3653911,-0.9873706,-1.2417566
TGCAGTGGTAGGGAAC-1,0.14609985,1.4350781,-0.51283413
TGCAGTTTCCTCCCAT-1,-0.48255336,-0.76815134,-0.98844725
TGCATATGTCTGTCAC-1,-0.5158123,-0.92975676,-1.1763401
TGCATGAGTAGATTCG-1,0.0,0.0,0.0
TGCATGGATCGGATCT-1,1.1341054,-1.0257739,0.0990692
TGCATGTGACCCATAG-1,-0.19084336,1.1330643,-0.3484649
TGCATGTGGTAATCTA-1,1.2008022,-0.7832003,-1.4892172
TGCCAAAGTCAGACTT-1,0.92800635,-0.115637556,-0.34353536
TGCCAATGGGTACTCT-1,0.21294063,1.2627512,-0.5114416
TGCCACCTGGCGAAAC-1,1.312369,-0.66216755,-0.23360491
TGCCAGTACGTGGAGA-1,0.7555069,0.045585595,-0.5864255
TGCCATGGCTTATAAG-1,-0.33385712,-0.029071005,1.9572443
TGCCATTACTAAAGAA-1,-0.5132488,-0.7615904,-0.21828046
TGCCCGTACCGTTAAA-1,0.67451066,-0.51314956,-0.7362124
TGCCGATGTCATCAAT-1,0.0,0.0,0.0
TGCCGGATGTACGAGC-1,0.019894537,1.2779778,-0.5021796
TGCCGTGGATCGTCCT-1,0.06786509,0.2081633,0.027647365
TGCCGTGGGACCCAAT-1,-0.91884863,-0.14086324,-0.62629557
TGCCTAATTGAAGATT-1,-1.0114676,-0.39110443,-0.019892454
TGCCTGATCAAACGAT-1,1.213278,-1.0223434,-0.06017633
TGCCTTGCCCTTACGG-1,0.0,0.0,0.0
TGCCTTGGCCAGGCAA-1,-0.5596459,-0.91906655,-1.1748487
TGCGAATATGGGATTT-1,1.0547731,0.80459774,0.106572285
TGCGACACCCTAGTGC-1,0.5743614,1.2342831,-0.028667571
TGCGACGGCCGAACGT-1,-0.033234417,1.3442999,-0.50486416
TGCGAGAAACGTTACG-1,0.0,0.0,0.0
TGCGAGAATATTACCC-1,0.37647724,1.0267318,-0.22211803
TGCGAGCCCTTCCGCG-1,-0.4499303,0.30711475,2.0596116
TGCGATGCTAATGGCT-1,0.0,0.0,0.0
TGCGCAAAGCATTTGG-1,0.9012965,-0.4992639,-1.0121081
TGCGCGATTAACGGAG-1,1.4119669,-1.0273187,0.14577748
TGCGGACTTGACTCCG-1,-1.1601171,-0.3431067,-0.99253505
TGCGGAGTAAAGGTGC-1,1.2142613,-0.78569764,-0.76060766
TGCGGCATAGTTCAAC-1,0.6881196,0.77209795,1.5232326
TGCGGTCTACGAGTAA-1,-0.085419305,-0.04973253,1.0922852
TGCGGTGAAATTTCAT-1,0.814652,-0.43810716,1.1295167
TGCGTAAGAACCTGAT-1,0.34783852,0.50678235,0.13215543
TGCGTACGGCTAATTG-1,-1.3528286,-0.29002443,-0.066576384
TGCGTCATGACTGAGC-1,0.74344313,1.32071,0.38107088
TGCGTTTGTTGACACT-1,1.2249863,-0.20465598,-0.4798387
TGCTAAGTGTCTATTT-1,-1.1735667,-0.47072488,-0.72526103
TGCTATGGCAAAGGGA-1,-0.07819209,1.3862183,-0.48966342
TGCTCAAAGGATGCAC-1,0.25745592,0.38724145,0.13642232
TGCTCCACAGTTCTTA-1,-1.2905679,-0.34759292,-0.48300165
TGCTCGGCGAAACCCA-1,0.1972756,0.35261226,0.116220206
TGCTCGGTGGGTCACC-1,-0.92756,0.028354375,-0.9114401
TGCTCTTGAGAGTTTG-1,-0.6040535,-0.19077004,-1.1575207
TGCTGGTTGGACAATT-1,1.3829165,-0.8756916,0.7407257
TGCTGTTGAAGAACTC-1,0.7032778,0.39048454,0.01604016
TGCTTAGAGAGAATGC-1,0.13676651,1.4423853,-0.6275585
TGCTTCCCAAGCAGTA-1,0.32028267,0.5414155,-0.20312749
TGGAAACGGAGTGAAC-1,0.0,0.0,0.0
TGGAACCACTGACACA-1,-0.9969281,-0.5978327,0.28357244
TGGAAGAAGGGAACGT-1,1.3535429,-0.18204625,-0.3146497
TGGAAGACGAACACCA-1,-0.036574986,0.0031059221,1.8790396
TGGAAGGATAAAGATG-1,0.9448703,-1.0428386,-0.40082923
TGGAATATCCTTGACC-1,-1.2415683,-0.3103929,-0.11708412
TGGAATTAGACGCTTT-1,0.030944949,-0.14761129,0.21712549
TGGACACCGTTGCTTG-1,0.0,0.0,0.0
TGGACCAATCTAAGAT-1,-1.4238344,-0.27736446,-1.0512536
TGGACGCAATCCAGCC-1,0.13337564,1.3014159,-0.56804425
TGGACGTAGGCGAATC-1,0.0,0.0,0.0
TGGACTGTTCGCTCAA-1,0.5732239,-0.58635336,-0.88210964
TGGAGAATAATCGTCC-1,-0.40903592,1.6576085,-0.26119038
TGGAGCTAAAGTTCCC-1,-0.2721739,-0.0820279,2.2921572
TGGAGTGATGCGATGA-1,0.8790028,-0.8007539,0.038164485
TGGATAGAGTAACAGA-1,0.044376176,0.04846635,0.058924142
TGGCAAACTAAATTAC-1,-0.5822893,-0.56420046,-0.7484561
TGGCAACTCGCGCGCC-1,-0.22019014,-0.9571021,-0.37264654
TGGCAAGCACAAGTCG-1,0.3988799,1.4325049,0.057843387
TGGCAATGGGACGGCG-1,-1.2991797,-0.33240342,-0.013305441
TGGCACGAGCTCGAGT-1,-0.36448252,0.019825611,1.908749
TGGCAGATTACGATCA-1,0.14719549,0.19627821,0.08683566
TGGCAGCAGTAATAGT-1,0.12301194,0.14301515,0.097010374
TGGCATGAAGTTTGGG-1,-0.001241654,1.0076867,-0.26735193
TGGCCAAACTGAAGTA-1,0.83346343,-0.42462128,-0.90589255
TGGCCAATTTGGTACT-1,0.21660845,0.12323853,-0.1289469
TGGCCGTATATTGACC-1,0.9652862,-0.6099843,0.27280107
TGGCGACTGCTCCAAA-1,0.8807748,1.8452569,0.13496828
TGGCGATCAAGTTATG-1,0.741509,1.3610747,0.38081238
TGGCTACACTCTACCT-1,-1.1183349,-0.40643156,-0.029461583
TGGCTATGTGACATAC-1,-0.9791238,-0.6074839,-1.4289804
TGGCTCTTGTCGCGTA-1,0.16012524,0.1754193,-0.04710459
TGGCTTTGGGTAGACA-1,1.5765712,-1.3161403,0.31577528
TGGGAAATGCCTTTCC-1,0.3585413,-0.19123551,1.250068
TGGGATGCACTCATTC-1,-0.939874,-0.092958875,1.0691448
TGGGCAATAGTTGGGT-1,-1.1910745,-0.37850183,0.098688535
TGGGCACGTTCTATGG-1,1.4215727,0.30199713,1.2534239
TGGGCAGGCCACCGCA-1,-1.2902039,-0.04919975,-0.28368872
TGGGCCACAAGAGCGC-1,1.3225222,-0.8316789,0.8362004
TGGGCCCATACTAATT-1,-1.0317212,-0.43622422,-0.85845083
TGGGCCTTGCCTGCAT-1,0.0,0.0,0.0
TGGGCGATACAATAAG-1,0.114805564,0.35751235,-0.1091263
TGGGTAAGGTTCCCGC-1,0.8573219,-0.77700555,0.96122473
TGGGTGCACAAGCCAT-1,-0.8648823,-0.20971999,-0.16916277
TGGGTGTAATAGATTT-1,-1.1432246,-0.26186118,0.29708007
TGGGTGTTAAGTAGAA-1,-0.3913341,0.08380809,-0.3746131
TGGGTTTCGGGCGTAC-1,-0.14230768,1.4636121,-0.4852228
TGGTAAGCAGGATTGA-1,0.030758144,0.06698586,-0.060640723
TGGTACCGGCACAGCC-1,0.0,0.0,0.0
TGGTAGAATATATGGG-1,-0.8849375,-0.6154397,-0.08392644
TGGTATCGCATCCCAA-1,-0.5467804,-0.23067947,2.4586198
TGGTATCGGTCTGTAT-1,0.5428699,0.6130078,1.0532651
TGGTCCCACGCTACGG-1,0.46969905,-0.35921377,-0.7056473
TGGTCGATATACCTCT-1,-0.05529061,1.345974,-0.47859412
TGGTCTAGCTTACATG-1,0.0,0.0,0.0
TGGTCTGTTGGGCGTA-1,0.21164805,-1.062598,-1.1118315
TGGTGATCGTATTTGT-1,0.053091623,-0.108117536,0.70708495
TGGTGTGACAGACGAT-1,0.0,0.0,0.0
TGGTTATGCTTGCGGT-1,0.0,0.0,0.0
TGGTTCAACGGGTAAT-1,0.15324137,-0.3712808,-0.57659364
TGGTTCGTAGCAAAGG-1,1.1782659,-0.7520428,-0.05265579
TGGTTGGAGGATCCTG-1,-0.7166991,-0.40306914,0.9444525
TGGTTTAAACGTGGGT-1,-0.9949965,-0.22633019,0.59726113
TGTAATGACCACAATA-1,0.6853099,-1.082338,0.5913525
TGTACCTACACGAGGG-1,-0.77292305,-0.5908022,-0.04409087
TGTACGAACAAATCCG-1,0.7535406,0.67030704,0.18930702
TGTACTTCCGGGCATG-1,-1.0297693,0.26381215,-0.28160757
TGTAGCCAATTCCGTT-1,-0.7384075,-0.11387588,-0.8596924
TGTAGCCATCCCATTC-1,-1.3742551,-0.17657235,-0.20924565
TGTAGGAGAAATTTCC-1,-0.57644093,-0.66375506,-0.6211367
TGTAGTGATCTATAAT-1,0.56663007,-1.046668,-1.0647885
TGTATAACAGATCCTG-1,1.2127619,-0.02517988,-0.81199497
TGTATCCTTATTCCAT-1,0.88654566,0.938114,1.5309917
TGTATGGCGCAGACAG-1,-1.1047397,-0.31060028,-0.5712794
TGTATTTACCTAATGC-1,-0.1327209,0.38195384,1.7573239
TGTCATTTGTTGGGAA-1,-1.2499719,-0.22982498,0.6098148
TGTCCACGGCTCAACT-1,-1.3468457,-0.16904771,-0.26430583
TGTCCCGACATAGCAC-1,0.9814579,1.2067364,1.3007182
TGTCCGCAAACAATTC-1,-0.42165536,1.6010336,-0.2617044
TGTCCGTGGCGCCTTT-1,0.38802922,-0.48636758,1.1769583
TGTCCTAAGTCACCGC-1,-0.22047302,-0.7329156,-0.2896714
TGTCGTTATCACATAT-1,0.14699401,1.4233133,-0.6153438
TGTCTACAGTTTCTGT-1,0.6845783,0.9396456,1.3698424
TGTGACTACGCCAGTC-1,1.2904657,-0.70488507,-0.5413815
TGTGACTAGAGTTTGC-1,-1.159122,0.06011151,-0.12904438
TGTGAGACTAGCCCAA-1,0.0146356765,0.09985949,0.028018491
TGTGCCGGTGCCGGAA-1,-1.0351988,-0.26401013,-0.37883535
TGTGCTTTACGTAAGA-1,0.280586,-0.7442663,1.1322534
TGTGGCAAAGCGTATG-1,0.301696,-1.1823549,-1.0533034
TGTGGCGGGCTTCTGG-1,0.7851464,1.0023533,0.4759492
TGTGGCTCCCACCAAC-1,-1.4348776,-0.23567648,0.3383868
TGTGGTTGCTAAAGCT-1,-0.20633359,1.532416,-0.3844111
TGTGTAGTAGCACGTG-1,-1.390711,0.026570074,-0.173519
TGTGTCGCGAGTTGCA-1,0.9210241,-0.40807527,0.31805834
TGTGTTCGTATCCAAG-1,0.92515486,-1.0990318,0.85445005
TGTTATTGTATGTGGC-1,-0.79918337,-0.47404677,-0.34039828
TGTTCCGCTTCCATGA-1,1.0576724,-0.9361124,-0.93247277
TGTTCCGGCCTGAGCT-1,-1.312802,-0.10469133,-0.7700437
TGTTCGTATTGCGGTG-1,0.08524929,0.12962978,0.04625884
TGTTCTTCCATTGACT-1,0.44035396,-0.7093178,0.046477325
TGTTGTCAAGAAGTCT-1,0.2136486,-0.99603873,-1.2212834
TGTTTAATACTTCATC-1,0.08772216,-1.0701627,1.4635671
TGTTTCGGTACTTCTC-1,1.3528495,-0.3522344,0.7643232
TGTTTGAGATCGTCAG-1,-1.4031321,0.057085305,-0.12601598
TTAAACCGGTAGCGAC-1,0.49542964,0.5263256,0.60997605
TTAAACTCGAATTCAT-1,-0.8948307,-0.59885985,-0.566556
TTAAAGGCGATGCTCG-1,-0.3321128,1.4716271,-0.27153373
TTAACACCTCGAACAT-1,0.87997806,0.25171795,1.3646134
TTAACCAACCCTCCCT-1,1.6487322,-0.5546292,0.6027791
TTAACGTCGCAAGACC-1,0.69126695,0.8932117,1.0237248
TTAACTCACGCGTGGA-1,0.28233525,0.46549323,0.91473234
TTAACTTCAGGTAGGA-1,1.2267187,1.1964858,0.7501458
TTAAGACGAACGAACC-1,-0.5861016,-0.1022277,1.8603891
TTAAGATACCCAGAGA-1,-0.06413589,1.3021686,-0.37814936
TTAAGATAGGATTGAC-1,-1.0757002,-0.49985778,0.06341311
TTAAGCCGACAACTTC-1,1.1430477,-0.48722786,1.2462202
TTAAGCGCCTGACCCA-1,0.68674034,-0.47906774,-0.4254519
TTAAGGCCCGTACTTT-1,0.12587231,1.4857033,-0.62453216
TTAAGTATTGTTATCC-1,-1.1950527,-0.30707854,-0.66936547
TTAATCAGTACGTCAG-1,1.2532432,-0.8439642,0.5102728
TTAATGTAGACCAGGT-1,0.8393228,-0.4710874,-0.8854567
TTAATGTGTTTGCAGG-1,0.0,0.0,0.0
TTAATTGCTTTGGGTG-1,-0.9207187,-0.41159666,-1.1150488
TTAATTTCAGACGCGG-1,1.1038169,-0.6350733,0.75946593
TTACAACTACGCATCC-1,1.2098498,-0.8300056,-0.005253558
TTACACGATCTGCGAC-1,-1.3440989,-0.13981773,-0.32280746
TTACAGACCTAAATGA-1,-0.9838682,-0.6901551,0.43714538
TTACATCGTGGCCTGG-1,0.98715144,-0.65346867,0.90041333
TTACATGCCACAACTA-1,-1.0859404,-0.46744365,0.10012567
TTACCATTGATTACCC-1,-0.14635415,-0.9390228,-0.23252814
TTACCCATTGCCGGGT-1,0.3292647,-1.2276709,0.13250722
TTACCCTAACAGTCCT-1,0.68544906,-0.06849057,1.0640669
TTACCCTAGGGATTGG-1,0.4044615,0.98222244,0.40677372
TTACGGATGGTTCGAG-1,-1.0790771,-0.6095056,-0.8696678
TTACGTATCTATGACA-1,-0.7779912,0.028215656,-0.0034425817
TTACTAAAGGACTTTA-1,-0.7279548,-0.52625364,-0.22241093
TTACTATCGGCTTCTC-1,1.2865949,-1.0513799,1.4954399
TTACTCCGGCCGGGAA-1,0.22608186,-1.1289655,-1.0008608
TTACTCTGGTACGTAC-1,1.0176617,-0.3198532,-0.8007751
TTACTGGGATATTTCA-1,0.40538293,0.58666724,0.16935588
TTACTGTCTAGAGCTC-1,-0.5368371,-0.13665336,0.81959575
TTAGAAGAACATGACT-1,0.85986793,0.936353,0.4727982
TTAGAATAAGGGTCGG-1,-0.20243146,1.3499446,-0.38203993
TTAGACACGATCGTTG-1,0.45979026,-1.1422518,0.40448785
TTAGACGAGTCACCTC-1,-0.5922364,-0.8541654,-0.54646677
TTAGAGTATTGTCGAG-1,0.43044648,0.8613383,0.14672337
TTAGAGTTTAGAAGGA-1,-0.88842314,-0.6147444,-0.5112157
TTAGCAACATGGATGT-1,0.2937689,0.16709006,1.4241477
TTAGCTAATACGATCT-1,-1.1737748,-0.4860463,0.06816467
TTAGCTCTGTAATCCG-1,0.84146833,-0.5513682,1.126798
TTAGCTGATTTGCCGT-1,-1.1243236,-0.44959,-0.74457455
TTAGGTCATAACCGAC-1,0.100062296,1.3935647,-0.6045379
TTAGGTGTGACTGGTC-1,0.0,0.0,0.0
TTAGTAAACCTGCTCT-1,-0.8138747,-0.5223642,-0.26392525
TTAGTAGGGCGGCGGG-1,-0.086997904,-0.8231766,-0.02269269
TTAGTTATTCGTGGCA-1,-1.1823846,-0.3487272,-0.75601137
TTAGTTCAAGTGTTCG-1,-1.0290796,-0.1819583,0.9224228
TTATAGGTAATTGTCT-1,0.013352233,-0.56829524,-0.46139938
TTATATACGCTGTCAC-1,0.5246567,-0.38712835,-0.5469665
TTATATTTGGCAATCC-1,2.322511,0.08236355,-1.075594
TTATCCGGGATCTATA-1,-0.9009993,-0.58102083,-0.88212156
TTATCCTCAAGGAATA-1,0.25545147,0.3909233,0.20191126
TTATCGCCTGCGAAGC-1,0.09946234,-0.15637307,0.16797487
TTATCTGTATCATAAC-1,0.9703062,-0.6827731,-0.08597709
TTATGAATGAAAGGGA-1,0.079933606,0.0951425,0.019172769
TTATGACAAACTGGAT-1,0.9356707,-0.9043192,-0.03188165
TTATGATCTTAACGAA-1,-0.11705558,-1.1612587,-0.7308265
TTATGTTTGCGATAGA-1,0.5568366,0.31354016,0.6844046
TTATTAGAGCGTGTTC-1,0.6184817,-0.10029651,-0.22562008
TTATTAGGGAAGCATC-1,1.0979195,-0.35455287,0.2693539
TTATTATCTGGAAGGC-1,-0.6824584,0.43078485,2.1613266
TTATTTCATCCCAAAC-1,0.0,0.0,0.0
TTCAAAGTCTCTAGCC-1,0.37147284,-0.9958278,-0.73586637
TTCAACGACCCGACCG-1,1.312157,-0.8867163,0.7258346
TTCAAGCCGAGCTGAG-1,0.88103175,-0.24853534,1.3375821
TTCAATACTCTGAATC-1,-0.098882854,-1.0800786,-1.1892414
TTCAATTAGCCATAAT-1,-0.7594689,-0.44713706,1.2237716
TTCACGAAAGGATCAC-1,0.932193,0.30825827,0.18955518
TTCACGGTCGTCACGT-1,-0.15012811,1.3837934,-0.45244905
TTCACTCGAGCACCTA-1,0.09270714,0.15756309,-0.09811632
TTCACTTCCTAGAACG-1,-0.17555183,1.5826856,-0.52252203
TTCAGCCCTGGTCCAC-1,-0.6389281,-0.7405758,-0.5341225
TTCAGCTGGCGTGCCC-1,-1.1784126,-0.31610984,-0.35473147
TTCAGGCGTCAAAGCC-1,0.2602709,-0.17172788,-0.29373842
TTCAGTTCAAGAGGAG-1,-0.10746009,1.4684428,-0.47918442
TTCATAGCCTTGTAAC-1,0.0,0.0,0.0
TTCATAGGGTGTCCAT-1,0.0,0.0,0.0
TTCATGGCGCAACAGG-1,1.3871661,-0.83635724,0.3460442
TTCCAATCAGAGCTAG-1,-0.9553005,-0.688141,0.14511764
TTCCAATCTGGCTATC-1,0.35988176,1.1809363,-0.33873942
TTCCACACAGATTTGA-1,0.2676323,1.3834132,-0.48780033
TTCCAGACGAGATTTA-1,-1.3399326,-0.15793557,-0.2726042
TTCCAGTGGGTTTCGT-1,0.52761835,1.2214383,0.18070073
TTCCATCATGCGGTGA-1,-0.9437945,-0.21922763,0.7035047
TTCCATCGACAGCGTG-1,-1.1329468,-0.1597776,-0.27001715
TTCCCGACGCTTCACT-1,-0.24768496,-0.035893224,2.1767175
TTCCCGGCGCCAATAG-1,0.90707797,0.72409034,0.052412316
TTCCGCAGAGAAATAT-1,-1.2209166,-0.45525047,0.04760673
TTCCGCGTGAGGCGAT-1,0.114256114,0.076000854,0.031367876
TTCCGGCCTTGAGGCT-1,0.5885863,1.8915824,-0.32682768
TTCCGGTATCTGTGTC-1,-1.3423487,-0.28515044,0.03769237
TTCCGGTTACCCACTT-1,-0.9696979,-0.51466197,-0.61553353
TTCCTCGAGGGTGTCT-1,0.9675093,-0.6129959,0.65082943
TTCCTCGGACTAACCA-1,-0.89682996,-0.7097301,-0.8720082
TTCCTCTGCCCGAATA-1,1.2320333,-0.67030424,1.2806321
TTCGAACGAAACATGC-1,0.29723755,1.5906117,-0.07018511
TTCGACAGAGCCCGTG-1,1.145353,0.8475457,0.21754138
TTCGACGGGAAGGGCG-1,1.2014427,-0.9275656,-0.23389392
TTCGCACTCGCGTGCT-1,1.6564416,-1.1010349,-0.53673285
TTCGCACTGTACGACA-1,0.5159044,0.8579544,0.39230582
TTCGCGCGCCATACGA-1,0.09368543,1.5202368,-0.41526893
TTCGCTAGGAAGTTGT-1,-1.3759714,-0.25918707,0.06678093
TTCGCTATCTGACGTG-1,-1.0461082,-0.4756577,0.06204912
TTCGGACTGATGCCTT-1,-0.22094272,0.053814504,1.6540874
TTCGGCAACCCGCTGA-1,0.07281229,-0.944794,0.3823015
TTCGGCTAGAGATGGT-1,0.7480046,0.91745347,1.3320405
TTCGGGACTAATCGCG-1,0.6473487,-0.5644034,-0.9162612
TTCGGGCGCTAGTCTT-1,0.37676492,1.5005039,-0.54038906
TTCGGGTTGCCACGGG-1,-1.1713538,0.13596193,-0.17477195
TTCGGTACTGTAGAGG-1,0.20707175,0.40764788,-0.08777879
TTCGTAATCCCAGCGG-1,-0.059177503,-1.0697509,1.3642639
TTCGTACTCCAGAACG-1,0.70799947,-1.0910947,0.20740329
TTCGTTCAACGAAGTT-1,-1.080237,-0.40232208,0.0050896234
TTCTAACCGAAGCTTA-1,-1.0828793,-0.43518773,-0.5466638
TTCTACCTCAATCGGT-1,0.078111574,1.4624878,-0.54408
TTCTACCTTTATGTTG-1,-1.1239018,-0.4022548,0.5855349
TTCTACTTGCGAGGGC-1,0.54187065,-0.48740655,0.7682758
TTCTAGAAAGTCTTAT-1,-0.053344253,1.4620477,-0.451009
TTCTAGGCCAATTGTG-1,1.173076,-1.0161153,0.450641
TTCTATTAAACGCAGC-1,-0.109278716,1.4828483,-0.028757669
TTCTCAATTGCTACAA-1,-0.0846198,1.4006013,-0.48863012
TTCTGACCGGGCTCAA-1,-0.7602626,-0.7390017,-1.5275131
TTCTGCCGCGCCTAGA-1,0.18931289,0.012803376,-0.13891459
TTCTGCGAGCGCCCTT-1,0.8718608,-0.9888403,1.2413454
TTCTGCGGGTTAGCGG-1,0.62754637,-1.2685682,-0.9579016
TTCTGCTAGACTCCAA-1,-1.248646,-0.48734266,0.28884944
TTCTGTTTCCTGTCGC-1,0.045319445,0.06143182,0.06479319
TTCTTAGTGAACGGTG-1,0.64839584,0.30483055,1.4519919
TTCTTAGTGGCTCAGA-1,1.5655276,-0.6760697,-0.05192117
TTCTTATCCGCTGGGT-1,-1.1596718,-0.47246775,-0.34528568
TTCTTGAGCCGCGCTA-1,0.22226748,0.47294748,0.025830522
TTCTTGCTAGCATCTC-1,-1.2681367,-0.26791748,-0.071772076
TTCTTGGACGATCTGC-1,0.29257712,0.81403905,-0.16146654
TTCTTGGAGTAATGAG-1,1.0508553,-0.8905062,-0.2747869
TTCTTGTAACCTAATG-1,0.83541757,-0.02232679,0.4610486
TTCTTTGGTCGCGACG-1,-1.1514394,-0.67418104,0.23558344
TTGAAAGGTGTAAAGG-1,-0.554615,-0.019237245,1.3577634
TTGAACGAATCCTTTG-1,0.5403797,0.65117884,1.0517876
TTGAACGACGTGCTGA-1,-1.0900322,-0.5138965,-0.7392837
TTGAAGAATTCCCAGG-1,0.74874425,-0.8293377,-0.7277419
TTGAAGGATGGGCGCC-1,0.24359262,1.3750523,-0.6071342
TTGAATATGGACTTTC-1,0.31082207,-0.96327215,-0.49591133
TTGAATCGTTGTATAA-1,0.2763547,0.34434623,-0.056114748
TTGAATTCACGTGAGG-1,-1.1724262,-0.28845203,-0.50725186
TTGACAGGAGCTCCCG-1,-0.8217044,-0.6215771,0.10812253
TTGACATGAACGTGGA-1,1.34274,0.59989846,0.07728862
TTGACCAGGAACAACT-1,-1.345872,-0.24782328,-0.8527216
TTGACCATGTTCTCCG-1,0.5536057,-0.7091134,-0.78746486
TTGACCGTGTTAATGA-1,0.484141,0.9220028,-0.0917818
TTGACGATTCAGCACG-1,0.5502764,0.5898082,0.9066383
TTGACGCTCCATGAGC-1,-1.087619,-0.5974819,0.13626792
TTGACTACCATATGGT-1,0.93989825,0.82007146,0.15375404
TTGACTATTGTCCGGC-1,-1.113468,-0.44304872,-0.056753885
TTGAGAAGTTTAGCAT-1,-1.0804693,-0.4891389,-1.1308837
TTGAGAGTACTGCTAA-1,0.29140735,0.1485739,0.055580523
TTGAGCAGCCCACGGT-1,-1.1757202,-0.19167605,0.024374818
TTGAGGCATTTAACTC-1,-1.0973027,-0.5948817,0.5572851
TTGATCTAACTTTGTC-1,1.15076,-0.016307123,-0.8479567
TTGATGCCGCTCGTCG-1,-0.10936736,1.462118,-0.5010698
TTGATGTGTAGTCCCG-1,0.07599541,-0.95636195,0.559537
TTGATTAGCTGTTTCT-1,0.09222172,0.18002799,-0.014478062
TTGATTATGCAGATGA-1,1.0682024,-0.95776373,0.5431844
TTGCAAGAAGACTCCT-1,-1.2119042,-0.15513358,-0.8527851
TTGCACAATTCAGAAA-1,0.17416403,0.2322395,0.102745324
TTGCACGGAGCAGCAC-1,1.3522792,-0.8914774,0.038613446
TTGCATGCTGATCACG-1,2.0162137,0.16752389,-0.18596382
TTGCCAAGCAGAACCC-1,-1.1755782,-0.29555848,-0.16897458
TTGCCATAGCCCGCTC-1,0.64123315,1.5227039,-0.1026885
TTGCCCTGATCACGGG-1,0.8229343,-1.1934137,-1.0934318
TTGCCGCAGACCTACA-1,0.03333879,1.3436348,-0.52917373
TTGCCGCTTTCTAGTA-1,-1.3407419,-0.32700756,-1.1750277
TTGCCGGTGATCCCTC-1,-0.8148432,-0.13390377,1.045352
TTGCCTAATCCAAAGT-1,0.14844495,1.5088575,-0.5642763
TTGCCTTCTCGCCGGG-1,-1.0914482,-0.34730974,0.4824312
TTGCGCTCTCTCGCTT-1,0.0,0.0,0.0
TTGCGCTTGATCAATA-1,-0.96575016,-0.2963729,0.052370906
TTGCGGAAAGCTGCCC-1,0.27565798,0.6125011,0.08326009
TTGCGGCATCAGAAAG-1,0.14430547,1.4824455,-0.45171523
TTGCGTAGTTTGAGGA-1,0.40708107,0.2938659,1.0993233
TTGCGTCGGCCAACCG-1,0.26060095,0.9717316,-0.42757362
TTGCGTGAACGCTTAG-1,-0.94105625,-0.5772874,0.24562797
TTGCGTGTGTAGGCAT-1,-0.857824,-0.27046436,-0.77356815
TTGCTCATAGTACGTG-1,-1.0143086,-0.21820149,0.15297055
TTGCTCCCATACCGGA-1,1.2531766,-0.6381769,-0.99736524
TTGCTGAAGGAACCAC-1,1.5947913,-0.3172085,0.8091767
TTGCTGATCATGTTCG-1,0.91816753,-0.39930284,-0.8705014
TTGCTGCACCTATCCA-1,0.38579392,0.39695865,1.4802381
TTGCTGGCCGGGCTTC-1,-0.24469447,-0.8924197,1.0102425
TTGGAAGAATACAGTC-1,0.13685277,0.22354259,0.04955935
TTGGACATGTGGCTTA-1,0.9009457,-0.70600843,-0.98377013
TTGGACCATCTGGCAA-1,-1.2864413,-0.28939888,-0.1382505
TTGGACCTATAACAGT-1,-0.9064789,-0.7275697,-0.8515188
TTGGATATCGTCTACG-1,0.942173,1.5159901,0.33783567
TTGGATCGACTTCTGG-1,0.92642665,1.1618619,1.1281345
TTGGATTGGGTACCAC-1,0.69077426,-0.39740083,0.84128344
TTGGCCATCTTGCGCT-1,0.7389163,0.8869738,1.3517932
TTGGCCTAGAATTTCG-1,0.8040954,-1.2595726,0.13542125
TTGGCTCAATATGTGT-1,-1.2725387,-0.03552367,-0.19179206
TTGGCTCGCATGAGAC-1,0.8463304,-0.22933008,0.61958456
TTGGGAAGACGAGCCG-1,-0.47426364,0.14240421,-0.40261722
TTGGGACACTGCCCGC-1,1.0335014,0.16641244,-0.21208228
TTGGGACGTAAGAGTT-1,-1.2697878,-0.18040119,-0.27869102
TTGGGCGGCGGTTGCC-1,1.916822,0.6406993,-0.3562301
TTGGTCACACTCGTAA-1,0.47222048,1.1953872,-0.31486985
TTGGTTGCGGTGCGCG-1,0.4766971,0.9888814,0.047033116
TTGTAAGGACCTAAGT-1,0.80314714,0.60821193,0.22623745
TTGTAAGGCCAGTTGG-1,1.1726326,-1.0520637,-1.5325695
TTGTAATCCGTACTCG-1,1.3526351,-0.40417242,-0.88693696
TTGTATCACACAGAAT-1,0.61162746,-0.43400782,1.7270823
TTGTCGTTCAGTTACC-1,0.9433842,-0.77148825,-0.15514871
TTGTGAACCTAATCCG-1,-1.173258,-0.30095693,-0.396715
TTGTGAGGCATGACGC-1,0.8395694,0.6239747,-0.16100198
TTGTGATCTGTTCAGT-1,-0.8812672,0.1431341,-0.107922725
TTGTGCAGCCACGTCA-1,-0.2332387,-0.81691587,-1.0163715
TTGTGGCCCTGACAGT-1,1.5155396,-0.75245637,-0.016557388
TTGTGGTAGGAGGGAT-1,0.20174296,0.33035508,0.04870269
TTGTGGTGGTACTAAG-1,-1.2960814,-0.3396269,-0.34658244
TTGTGTATGCCACCAA-1,0.25107455,0.56021214,0.063894965
TTGTGTTTCCCGAAAG-1,0.8980079,1.3230596,0.45682812
TTGTTAGCAAATTCGA-1,1.3887118,-1.1028792,0.7222845
TTGTTCAGTGTGCTAC-1,1.4101943,0.07169135,-0.58499414
TTGTTGTGTGTCAAGA-1,1.9905639,0.75829023,-0.17515482
TTGTTTCACATCCAGG-1,0.2297348,1.4544843,-0.5393489
TTGTTTCATTAGTCTA-1,-0.030416865,1.3923211,-0.51817846
TTGTTTCCATACAACT-1,0.90838957,0.8594866,0.46666515
TTGTTTGTATTACACG-1,0.13736041,1.5870657,-0.23610456
