,embedding0,embedding1,embedding2
GATAAGGGACGATTAG-1,-0.0036898914,-0.051806886,-0.066115275
TGTTGGCTGGCGGAAG-1,-0.044270966,-0.025163542,0.051836062
GCGAGGGACTGCTAGA-1,-0.054270886,0.0028843107,0.08770329
GCGCGTTTAAATCGTA-1,-0.019446516,0.0010335154,0.031426113
GACGACTTTCCAAGAA-1,0.0,0.0,0.0
ATACCCTGGCTCAAAT-1,0.0,0.0,0.0
TAACCGTCCAGTTCAT-1,0.0,0.0,0.0
CAAGGGAGTGTATTTG-1,0.0,0.0,0.0
TTATTTCATCCCAAAC-1,0.0,0.0,0.0
TATGGCAGACTTTCGA-1,0.0,0.0,0.0
AAACGGGTTGGTATCC-1,0.0,0.0,0.0
GACGGGATGTCTTATG-1,0.0,0.0,0.0
CGCGTGCTATCAACGA-1,0.0,0.0,0.0
CACATAAGGCGACCGT-1,0.0,0.0,0.0
ATACGCCGATCTACCG-1,0.0,0.0,0.0
GTGTGAGCCGAGGTGC-1,0.0,0.0,0.0
GGGAACCACCTGTTTC-1,0.0,0.0,0.0
TGAGGTTGATCCCAAG-1,0.0,0.0,0.0
AGGCAAAGAGGAATCA-1,0.0,0.0,0.0
AACGTAGTCTACCCAT-1,0.0,0.0,0.0
GAAGCAAGGCAATGTT-1,0.0,0.0,0.0
TACAATGAAACCAGCA-1,0.0,0.0,0.0
GCACTCCCACAGTCCC-1,0.0,0.0,0.0
CAGGATCCGCCCGACC-1,0.0,0.0,0.0
GGTTGTATCGTGAAAT-1,0.0,0.0,0.0
TACAAGCTGTTCACTG-1,0.0,0.0,0.0
ATACCAGGTGAGCGAT-1,0.0,0.0,0.0
ATGGTGCTCAAAGCCA-1,0.0,0.0,0.0
CGTGCCCGACATTTGT-1,0.0,0.0,0.0
ATTTGCCTAGTTACGA-1,0.0,0.0,0.0
CTGGGATCGCCCAGAT-1,0.0,0.0,0.0
CATTATAACAGGGTCC-1,0.0,0.0,0.0
ACCTTTCCTTTAGAAG-1,0.0,0.0,0.0
ATAGATTTGCAGTCGG-1,0.0,0.0,0.0
CTCGGGCATCGTCGGG-1,0.0,0.0,0.0
GTGGCGGGCCGTAGCT-1,0.0,0.0,0.0
CAACAGTGCCAAACGG-1,0.0,0.0,0.0
TGCGGGTATTGGGATC-1,0.0,0.0,0.0
GTCTCGCCAACACGCC-1,0.0,0.0,0.0
CTGGGCGGCCAAATGT-1,0.0,0.0,0.0
TAAAGGAGAAACTAGT-1,0.0,0.0,0.0
TCCCACGGAGGGAGCT-1,0.0,0.0,0.0
AGCTTCAATACTTTGA-1,0.0,0.0,0.0
TTCCACATTTCTCGTC-1,0.0,0.0,0.0
ACAAACCGACAAGGCG-1,0.0,0.0,0.0
AGACGGGATTGGTATA-1,0.0,0.0,0.0
AACCTAAAGCCGTCCG-1,0.0,0.0,0.0
CCCGCTAGAGGGTTAA-1,0.0,0.0,0.0
TGTACGCTATCAGCTT-1,0.0,0.0,0.0
TGTGATTCCAGCGCTT-1,0.0,0.0,0.0
GCCCATGGGTGCAATG-1,0.0,0.0,0.0
TTCCCGACGCTTCACT-1,0.0,0.0,0.0
AGCGGTTGAGATGTAC-1,0.0,0.0,0.0
AAAGACATGAAGTTTA-1,0.0,0.0,0.0
CAACAGAATAACGCTA-1,0.0,0.0,0.0
TGCGGTCTACGAGTAA-1,0.0,0.0,0.0
AAGACTCACGCCCACT-1,0.0,0.0,0.0
CTTTGAAACATATTCC-1,0.0,0.0,0.0
CTGGGCACTAGTCGGA-1,0.0,0.0,0.0
CGCCCTTACATCCACC-1,0.0,0.0,0.0
CACGACCACAGACTTT-1,0.0,0.0,0.0
CAATCCATTATCCGTT-1,0.0,0.0,0.0
GTGGCGTGCACCAGAG-1,0.0,0.0,0.0
CGGAGTCCTAACCTGG-1,0.0,0.0,0.0
GGTCCCATAACATAGA-1,0.0,0.0,0.0
ATCTCATAAACCTACC-1,0.0,0.0,0.0
TGCATGGCAGTCTTGC-1,0.0,0.0,0.0
TTGCAGGTCATGAAGT-1,0.0,0.0,0.0
AGCTGCATTTGAGGTG-1,0.0,0.0,0.0
TAATCAGGAATGCTGC-1,0.0,0.0,0.0
CCATCATAAGAACAGG-1,0.0,0.0,0.0
ATTCAGATGAATCCCT-1,0.0,0.0,0.0
AGCTGCTGTGCCGAAT-1,0.0,0.0,0.0
ACAGGAGGCGCAGCCG-1,0.07277871,-0.06258776,-0.29001114
AGGCAATACGGAGGAC-1,0.06806729,-0.012009419,-0.2567964
TGGTGTGACAGACGAT-1,0.03034936,-0.07160217,-0.16448504
ATCTATCGATGATCAA-1,0.0374494,-0.03308778,-0.20471665
CGGTAACAAGATACAT-1,-0.047449697,-0.06753508,0.026505753
TCGCCGGAGAGTCTTA-1,-0.026142286,-0.019247914,0.027466377
GGAGGAGTGTGTTTAT-1,-0.040344685,-0.021685706,0.04813132
TTAGGTGTGACTGGTC-1,-0.016205434,0.00086126523,0.026188437
CAGGGCTAACGAAACC-1,-0.015003316,0.0007973767,0.024245782
CCCGTGGGTTAATTGA-1,0.0,0.0,0.0
GACCGACCGCTAATAT-1,0.0,0.0,0.0
GGTATCAAGCATAGAA-1,0.0,0.0,0.0
TGCATGAGTAGATTCG-1,0.0,0.0,0.0
AATTCCAACTTGGTGA-1,0.0,0.0,0.0
TGCCGATGTCATCAAT-1,0.0,0.0,0.0
GCTGGGTCCGCTGTTA-1,0.0,0.0,0.0
TGAACACCCGAAGCAG-1,0.0,0.0,0.0
AACATTGGTCAGCCGT-1,0.0,0.0,0.0
GTGGGTCTTCTTTGCG-1,0.0,0.0,0.0
CATCGAATGGATCTCT-1,0.0,0.0,0.0
GCTACACTGTCCGAAC-1,0.0,0.0,0.0
CGGGTTGTAGCTTTGG-1,0.0,0.0,0.0
CCTAAGTGTCTAACCG-1,0.0,0.0,0.0
TCTGTGACTGACCGTT-1,0.0,0.0,0.0
TTATCATACTCGCAAA-1,0.0,0.0,0.0
AGCGTAGCGCTAGACC-1,0.0,0.0,0.0
TCCCTCCGAAATCGTT-1,0.0,0.0,0.0
AGGTCGCCACTTCGGT-1,0.0,0.0,0.0
CTAGCAACTAATTTAC-1,0.0,0.0,0.0
TTGCTAGCTACCAATC-1,0.0,0.0,0.0
GCCGGTTTGGGCGGAT-1,0.0,0.0,0.0
TGTAACTTGTCAACCT-1,0.0,0.0,0.0
CGAGATGTTGCCTATA-1,0.0,0.0,0.0
GTTACGAAATCCACGC-1,0.0,0.0,0.0
CTTGTCGTACGTGTCA-1,0.0,0.0,0.0
GCGTCCAGCTCGTGGC-1,0.0,0.0,0.0
CCCTTCTCGTACGCGA-1,0.0,0.0,0.0
CCAAAGTCCCGCTAAC-1,0.0,0.0,0.0
CCGCTTCGCGGTTAAC-1,0.0,0.0,0.0
GTTACGGCCCGACTGC-1,0.0,0.0,0.0
CCCGCTTGCCCTCGTC-1,0.0,0.0,0.0
TAGTGAGAAGTGGTTG-1,0.0,0.0,0.0
CGCTACCGCCCTATGA-1,0.0,0.0,0.0
AAACAATCTACTAGCA-1,0.0,0.0,0.0
GCGCGATGGGTCAAGT-1,0.0,0.0,0.0
ATAAACCATTGGACGG-1,0.0,0.0,0.0
TCGGGCACTTCTGGAT-1,0.0,0.0,0.0
TCTGTGGCTACATTTC-1,0.0,0.0,0.0
CTCTGTGCCTGCTATG-1,0.0,0.0,0.0
CACGACTAAAGTTCTG-1,0.0,0.0,0.0
GAGGAGTAATTCCTAC-1,0.0,0.0,0.0
AGAGGTATCTCGGTCC-1,0.0,0.0,0.0
GGCGTACCCTATATAA-1,0.0,0.0,0.0
GCCGGAAACACATCTT-1,0.0,0.0,0.0
AAATGTGGGTGCTCCT-1,0.0,0.0,0.0
ACCAGGAGTGTGATCT-1,0.0,0.0,0.0
TGTGGAGGAAGCTTAA-1,0.0,0.0,0.0
AAGGAGAACTTATAAG-1,0.0,0.0,0.0
CCCTCGGGAGCCTTGT-1,0.0,0.0,0.0
ACTGTTTAGTGTAGGC-1,0.0,0.0,0.0
CGTCAGTTTATCGTCT-1,0.0,0.0,0.0
GCGTGTATGTCGTATT-1,0.0,0.0,0.0
ACAATCGATCTTTATA-1,0.0,0.0,0.0
CAGCCCTCACAGGCAG-1,0.0,0.0,0.0
CGCGTCATATTAAACC-1,0.0,0.0,0.0
GAAGACTTCAATGCCG-1,0.0,0.0,0.0
TTGCGGCGACTCATGC-1,0.0,0.0,0.0
ACCAAACTAGAAATCC-1,0.0,0.0,0.0
TTACTGTTTCTCTACG-1,0.0,0.0,0.0
GACCAGGTCATTCATA-1,0.0,0.0,0.0
TTCTTCCCTTTGATAT-1,0.0,0.0,0.0
ACGCCCAGCTGTCGAT-1,0.0,0.0,0.0
AGTAGCGTGAACGAAC-1,0.0,0.0,0.0
CCTCGACCCACTGCCT-1,0.0,0.0,0.0
AGTTATTGAAAGGTAA-1,0.0,0.0,0.0
TCAGTTACGGAATGAT-1,0.0,0.0,0.0
GAATCTATACTCGGAC-1,0.0,0.0,0.0
TCGGCTAACTTCCCTT-1,0.0,0.0,0.0
ACGTGGTCGAATGTGC-1,0.0,0.0,0.0
ATATCGTGCCAGACCC-1,-0.006766836,0.008552511,-0.024353914
GTAGCTAGTAAGCGCG-1,-0.0063297953,0.008000141,-0.022781
ACGCTTAGTGTCTCTC-1,-0.030056028,0.037987404,-0.10817196
TAGTGGAACTCATACA-1,-0.035562772,0.0449473,-0.12799078
ATCATCTGCCCAGTGT-1,-0.006766836,0.008552511,-0.024353914
GTTATTAAATACGACC-1,-0.016240405,0.020526025,-0.058449388
GCGCTAAGTATGCATG-1,0.0,0.0,0.0
CCTGACGCAACCTTTA-1,0.0,0.0,0.0
CCCAAGAATGCACGGT-1,0.0,0.0,0.0
AACTGGGTTCGAGCCG-1,0.0,0.0,0.0
GGTTCCACCCGCTTCT-1,0.0,0.0,0.0
CATGCACGTGTTACTG-1,0.0,0.0,0.0
AGCGTTCCGATTTAAA-1,0.0,0.0,0.0
CCTACGCGACCTTACA-1,0.0,0.0,0.0
CGAATTACATGGTGTT-1,0.0,0.0,0.0
GAGGTCTTAGTGGGTC-1,0.0,0.0,0.0
GCCGCTAGATACGCAG-1,0.0,0.0,0.0
GTCACCTGTCTATGTC-1,0.0,0.0,0.0
CCGATTGGTCAATGAA-1,0.0,0.0,0.0
CCTGTGCGGATTGTAA-1,0.0,0.0,0.0
TTACGTAGCGCGTGCT-1,0.0,0.0,0.0
GGAGGCGAAGAACCGC-1,0.0,0.0,0.0
GGGTCACGTGCTTATG-1,0.0,0.0,0.0
GCTCCGGACGTTGATA-1,0.0,0.0,0.0
ATGTTTGTAAGATCAT-1,0.0,0.0,0.0
TGACCCAGCATTCCCG-1,0.0,0.0,0.0
TGGTCGTTTGATAGAT-1,0.0,0.0,0.0
TGTAATGCCTTCGGAC-1,0.0,0.0,0.0
TGCTCACACAACAACC-1,0.0,0.0,0.0
TACGATCCAAGCCACT-1,0.0,0.0,0.0
TTGTAACTTCATAGCG-1,0.0,0.0,0.0
AGATTCAAGCGGGTCG-1,0.0,0.0,0.0
CTCAGCAGACTGCCGA-1,0.0,0.0,0.0
GTAACATCAGCTCATC-1,0.0,0.0,0.0
ATGGAACAGAATAAAC-1,0.0,0.0,0.0
GGGCCTATACAACCGG-1,0.0,0.0,0.0
CTAATGCGCCCAACAA-1,0.06301807,-0.011118561,-0.23774727
GCCACCCATTCCACTT-1,0.14610597,-0.008138072,-0.24508023
TACTCACAACGTAGTA-1,0.09496549,-0.03863873,-0.26487795
GTTCGGTGTGGATTTA-1,0.16021091,-0.02829746,-0.13359216
TCTTTCGGCGGGACAC-1,0.037237395,-0.002229839,-0.050013892
GGAGACATTCACGGGC-1,0.24527839,-0.057455804,-0.14504035
GGGATTATCTCACAAC-1,0.055698223,-0.007377032,-0.031949393
TAGAACGCCAGTAACG-1,0.13737641,-0.02959201,-0.0807844
ACGAGTCGCCGGCGTT-1,0.0,0.0,0.0
TGATGGGACTAAGTCA-1,0.0,0.0,0.0
TGCGAGAAACGTTACG-1,0.0,0.0,0.0
TCGCCTCGACCTGTTG-1,0.0,0.0,0.0
AACTCGATAAACACGT-1,0.0,0.0,0.0
AGGAAAGCCTCTGATG-1,0.0,0.0,0.0
GAAGGACTAAATTGAA-1,0.0,0.0,0.0
GTATCGGGACGAGCTG-1,0.0,0.0,0.0
CCTGTGCATAGGAGAC-1,0.0,0.0,0.0
CATACGGGTGCATGAT-1,0.0,0.0,0.0
CCACTAAACTGAATCG-1,0.0,0.0,0.0
AAATTGCGGCGGTTCT-1,0.0,0.0,0.0
AGTCCAGCGGGTACGT-1,0.0,0.0,0.0
CATTCAGGTCAGTGCG-1,0.0,0.0,0.0
CTAAAGTCCGAAGCTA-1,0.0,0.0,0.0
AATCAGACTGCAGGAC-1,0.0,0.0,0.0
AGTATCCATAATAACG-1,0.0,0.0,0.0
CTGGCTGCTAACGTAA-1,0.0,0.0,0.0
GTTCCAAGACAGCGAC-1,0.0,0.0,0.0
AAGACTAACCCGTTGT-1,0.0,0.0,0.0
GATTAATCCTGGCTCA-1,0.0,0.0,0.0
CGCGCAAGGAACTACA-1,0.0,0.0,0.0
CAGTAGCGAGGTAGTA-1,0.0,0.0,0.0
ACGGCGGGTTGCCCTG-1,0.0,0.0,0.0
CTAGGCGGCAGAGAAT-1,0.0,0.0,0.0
GTGCGCAGCTTGCTCC-1,0.0,0.0,0.0
TCACTATCGTGCAATC-1,0.0,0.0,0.0
TATGATTCTGCTTGGT-1,0.0,0.0,0.0
TAAGATTTAGCGGGAG-1,0.0,0.0,0.0
TTACGGTGTCACCGAG-1,0.0,0.0,0.0
CTACACTAGCTTGTTC-1,0.0,0.0,0.0
TGAGCAGTCGTGAAGT-1,0.0,0.0,0.0
CGCTGAGGACGTCCAA-1,0.0,0.0,0.0
GTGTATGACTTTAAAG-1,0.0,0.0,0.0
CTAAACGGGTGTAATC-1,0.0,0.0,0.0
TGTACTGTGCCAAAGT-1,0.0,0.0,0.0
GGCCACAAGCGATGGC-1,0.0,0.0,0.0
GTCAATTGTACTGAAG-1,0.0,0.0,0.0
AGGGACAGCACGGCGG-1,0.0,0.0,0.0
AGCTTATAGAGACCTG-1,0.0,0.0,0.0
AACTAGCGTATCGCAC-1,0.0,0.0,0.0
AACTTTAGCTGCTGAG-1,0.0,0.0,0.0
CCCAAGACAGAGTATG-1,0.0,0.0,0.0
GGCATCAACGAGCACG-1,0.0,0.0,0.0
ATGCATTCCGTGATGG-1,0.0,0.0,0.0
TTATAGATGCACATTA-1,0.0,0.0,0.0
GAACCATCTGGGAGAC-1,0.0,0.0,0.0
TGCTATACAAACGGAC-1,0.0,0.0,0.0
ACTTGCCATATTGTAC-1,0.0,0.0,0.0
TATTCCGGCAGTCCTA-1,0.0,0.0,0.0
GACGGACCGCGTTCCT-1,0.0,0.0,0.0
ATGTGTAGTTTAGTCA-1,0.0,0.0,0.0
ATACCAGCAAATTGCT-1,0.0,0.0,0.0
AAGTTTACTAATGGCA-1,0.0,0.0,0.0
CTCTCGATGTGCGCCT-1,0.0,0.0,0.0
GATTGACACTCTGCTC-1,0.0,0.0,0.0
TATCACAGCACGGGCA-1,0.0,0.0,0.0
ACCGTTCCCGCTCTGA-1,0.0,0.0,0.0
CCGCCACCACAATCCA-1,0.0,0.0,0.0
CATTCACTGACAGCTA-1,0.0,0.0,0.0
CGGCTGCAAGATTAAG-1,0.0,0.0,0.0
CATGAACCTCTTATCA-1,0.0,0.0,0.0
TTAATGCGAGGTAACT-1,0.0,0.0,0.0
AATAAGTCCTCGAGAC-1,0.0,0.0,0.0
ACCAGCCCGGTCTTTG-1,0.0,0.0,0.0
CTACGAACTAGGTCGA-1,0.0,0.0,0.0
ACATCTCAACGCGTAA-1,0.0,0.0,0.0
CACTACTCAGTTCTGT-1,0.0,0.0,0.0
CCGACTCGCATAGTCT-1,0.0,0.0,0.0
CATTTATCGTTCAAGA-1,0.0,0.0,0.0
CAAACGTGGTCTTGCG-1,0.0,0.0,0.0
TAGAAACCACTAAGTA-1,-0.007832722,0.009899669,-0.028190048
ACTGATTTAGTGATTC-1,-0.013704409,0.017320814,-0.04932231
TCGTATTTCGTCCGGA-1,-0.024791699,0.031333886,-0.089225575
CGGAAATTTCACATCC-1,-0.046168633,0.058351897,-0.16616137
ATCCACGCTAAATGTT-1,-0.033653412,0.042534087,-0.12111897
GTTCAATCTATGTCAA-1,-0.02058246,0.026013887,-0.07407649
ATAAAGGTCAAGTACG-1,-0.012687817,0.016035957,-0.045663588
CAACTCCAACGTTTAG-1,-0.0063297953,0.008000141,-0.022781
TAGGAACAGCCTCCAG-1,0.0,0.0,0.0
ATGGGAACGGAAGCGG-1,0.0,0.0,0.0
CACACGTTTCAATGGG-1,0.0,0.0,0.0
GGTGTTCTGTTTCTAC-1,0.0,0.0,0.0
AGTAACGTTCATCCTG-1,0.0,0.0,0.0
GTATAGTGGCCCATGT-1,0.0,0.0,0.0
TCTACACGTTCATGCA-1,0.0,0.0,0.0
AATCTGGGTAGACCCT-1,0.0,0.0,0.0
TCGGTTAGCCATGTAG-1,0.0,0.0,0.0
TGCCATGGCTTATAAG-1,0.0,0.0,0.0
TAAGTAAATGTGCCGC-1,0.0,0.0,0.0
GTGTCCGATAAGGCAT-1,0.0,0.0,0.0
TGGCACGAGCTCGAGT-1,0.0,0.0,0.0
ACCGGTCTGAGTACGG-1,0.0,0.0,0.0
GAACTTAGCGCCCGGT-1,0.0,0.0,0.0
AGTAGCTAGACGCCGA-1,0.0,0.0,0.0
ATAGGAATCTAAGCTT-1,0.0,0.0,0.0
CTTCCTGCATATTTAC-1,0.0,0.0,0.0
CAATATGTAGATTTAC-1,0.0,0.0,0.0
ACAAGGCCTACCAGCC-1,0.0,0.0,0.0
TTATAGTCCAAGGTGC-1,0.0,0.0,0.0
AAACGCCCGAGATCGG-1,0.0,0.0,0.0
CCTCGTTACGCCTGTT-1,0.0,0.0,0.0
GAACGGTGTAAAGCAG-1,0.0,0.0,0.0
ACGCATAAATGACATG-1,0.0,0.0,0.0
GGTTCGATGCTGAGTT-1,0.0,0.0,0.0
CTTTGGCAGACAGAGT-1,0.0,0.0,0.0
TTCGTGGGCTGGAAGC-1,0.0,0.0,0.0
CAAAGGTTAAATTCAG-1,0.0,0.0,0.0
GTTTGGCGTCAGGCAC-1,0.0,0.0,0.0
GCTTTCTATCTCAACT-1,0.0,0.0,0.0
CTGAAACGGCCCTCAG-1,0.0,0.0,0.0
AGTGGGAGTATACACG-1,0.17272735,-0.04458867,-0.24153589
GGTCTTGGTGTTAACT-1,0.35122848,-0.07385896,-0.45879805
GGCTGGCAGCTTTATG-1,0.36140484,-0.07907686,-0.35820147
CGCCAATTATTGCGTT-1,0.6646186,-0.2220294,-0.7053845
GGTAACCGGCAAAGGT-1,0.5593913,-0.1695579,-0.4139899
TGGGACCATTGGGAGT-1,0.7131036,-0.31431365,-0.56479967
CTGCAGGTGCTCGGCC-1,0.36383837,-0.15188144,-0.18291943
CCGGTGCGAGTGATAG-1,0.3329853,-0.19562635,-0.15799075
GGGTACACTCTGGAGG-1,0.11881461,-0.057782657,-0.03757076
TAGCCAGAGGGTCCGG-1,0.0,0.0,0.0
CTTGTGAGGACAGCGG-1,0.0,0.0,0.0
GAAGGGCATAACCATG-1,0.0,0.0,0.0
CAACATGGCCTGATAA-1,0.0,0.0,0.0
CAATTTGACCGGGAAG-1,0.0,0.0,0.0
TCTGACTGTAATGGTT-1,0.0,0.0,0.0
TTCATAGCCTTGTAAC-1,0.0,0.0,0.0
TGGAAACGGAGTGAAC-1,0.0,0.0,0.0
ATCGCACGATTGTTCA-1,0.0,0.0,0.0
CGCCACCCGCATTAAC-1,0.0,0.0,0.0
TGGACCACGGCGTTGA-1,0.0,0.0,0.0
GTATATGTTACGGCGG-1,0.0,0.0,0.0
GTATTCTTACCGTGCT-1,0.0,0.0,0.0
TTCAGAGTAACCTGAC-1,0.0,0.0,0.0
GCGGTAACCCAAATGA-1,0.0,0.0,0.0
CTACGTGTTGCCACCA-1,0.0,0.0,0.0
CTAGATAAACTCCTCG-1,0.0,0.0,0.0
TCCATTAGTTGGATAG-1,0.0,0.0,0.0
CTGGCTCCTGCGGGAT-1,0.0,0.0,0.0
CAGTCTCTCGGCTAAT-1,0.0,0.0,0.0
GTATGACGTGGGAAAC-1,0.0,0.0,0.0
AGTCACTCCGCCTCAT-1,0.0,0.0,0.0
GCAGCGGTGGGCATTA-1,0.0,0.0,0.0
TATGGAGTTTCTCGTT-1,0.0,0.0,0.0
ACTCAACGAATGTATT-1,0.0,0.0,0.0
AACACGCGGCCGCGAA-1,0.0,0.0,0.0
CGATATTAGCCGCAGG-1,0.0,0.0,0.0
AGCGTCTGAACCCGCA-1,0.0,0.0,0.0
GATGTCCGGATCACAT-1,0.0,0.0,0.0
GGTCACGTTAGATTCA-1,0.0,0.0,0.0
TTAAGGATACGGAGGT-1,0.0,0.0,0.0
GTGCGGGACCATCGGC-1,0.0,0.0,0.0
CCATCTTGTTCACAAT-1,0.0,0.0,0.0
TCCGAGAAGGCTAAGC-1,0.0,0.0,0.0
TGGCGGTGTGCGATTG-1,0.0,0.0,0.0
ATCCTGCTGCAGATAG-1,0.0,0.0,0.0
TTATGCGTCCCGGTCC-1,0.0,0.0,0.0
CATAATGAGCGGGCGA-1,0.0,0.0,0.0
AGACATAGATCCTTCC-1,0.0,0.0,0.0
GGTGAAACCGGGAATG-1,0.0,0.0,0.0
AACTGGTGTGGGCCTT-1,0.0,0.0,0.0
GTAGCGCTGTTGTAGT-1,0.0,0.0,0.0
TTGTTTGTGTAAATTC-1,0.0,0.0,0.0
GGATCAAAGGACGAGG-1,0.0,0.0,0.0
CGTAGCGCCGACGTTG-1,0.0,0.0,0.0
CAAGTGAACTTTGGTT-1,0.0,0.0,0.0
GTAGACAACCGATGAA-1,0.0,0.0,0.0
CAATGGTCGGCCTGGG-1,0.0,0.0,0.0
ACAGATTAGGTTAGTG-1,0.0,0.0,0.0
GTTATCACCTTCTGAA-1,0.0,0.0,0.0
TGGTATCGGTCTGTAT-1,0.0,0.0,0.0
GGAATAACCTCAAGAA-1,0.0,0.0,0.0
ATTATCTCGACAGATC-1,0.0,0.0,0.0
CCGAGGGATGTTAGGC-1,0.0,0.0,0.0
TGAGATCAAATACTCA-1,0.0,0.0,0.0
AAACGAAGAACATACC-1,0.0,0.0,0.0
CTGGTCCTAACTTGGC-1,0.0,0.0,0.0
TGCACGAGTCGGCAGC-1,0.0,0.0,0.0
ATAGTCTTTGACGTGC-1,0.0,0.0,0.0
TGGAGCTAAAGTTCCC-1,0.0,0.0,0.0
GGGTGGTCCAGCCTGT-1,0.0,0.0,0.0
CATGCATGGAGACCCT-1,0.0,0.0,0.0
ACACGGCACTATGCAT-1,0.0,0.0,0.0
CCCTGGTATGGGCGGC-1,0.0,0.0,0.0
GGAGGATTGAAAGGAG-1,0.0,0.0,0.0
CCGCTGGTGCCATTCA-1,0.0,0.0,0.0
GTTAGAGTGTGCCGCT-1,0.0,0.0,0.0
TCGGAATGACCATCAA-1,0.0,0.0,0.0
TTCAATTAGCCATAAT-1,0.0,0.0,0.0
GATGTGTTGTCACAAG-1,0.0,0.0,0.0
TCTTTCTCTTAAGGAG-1,0.0,0.0,0.0
ACCCTTTAGTTCTCCA-1,-0.0063953903,0.008083046,-0.023017079
ACCACAACTCAGAACA-1,0.0,0.0,0.0
TATGATAAATCTAACG-1,-0.011841962,0.014966894,-0.042619348
GATCCTCTTGCGCTTA-1,0.0,0.0,0.0
TTCTACCTTTATGTTG-1,-0.0063953903,0.008083046,-0.023017079
GAAATACCTGCTGGCT-1,0.0,0.0,0.0
ATTCTGAGTATGAACT-1,0.0,0.0,0.0
GGATTAAGCTAAGGTC-1,0.0,0.0,0.0
AGTACGTGGCCTGTCT-1,0.0,0.0,0.0
TCAGGGTGCACGAAAC-1,0.0,0.0,0.0
AAATTTACCGAAATCC-1,0.0,0.0,0.0
TTGAGGCATTTAACTC-1,0.0,0.0,0.0
AACCAGTATCACTCTT-1,0.0,0.0,0.0
CACCGGAGATATCTCC-1,0.0,0.0,0.0
GACTGGGCGCCGCAAC-1,0.0,0.0,0.0
CACGTCTATGATGTGG-1,0.0,0.0,0.0
TTAAGACGAACGAACC-1,0.0,0.0,0.0
TGACCAGCTTCAAAGT-1,0.0,0.0,0.0
AGAGTTAGAGACCGAT-1,0.0,0.0,0.0
TTCGGACTGATGCCTT-1,0.0,0.0,0.0
CTCGAATGGAACGTAT-1,0.0,0.0,0.0
GGACGGCTTGCGCAAC-1,0.0,0.0,0.0
CTAAGTACAGGGCTAC-1,0.0,0.0,0.0
ACAAATTCAGATCTGA-1,0.0,0.0,0.0
CATGGAAATGGGACCA-1,0.0,0.0,0.0
GGTGGACCACGTGTTA-1,0.0,0.0,0.0
CACGACGTAATAGTAA-1,0.0,0.0,0.0
CGGGTTCGGCACGTAT-1,0.0,0.0,0.0
CTGGGCTATCCTTTGG-1,0.0,0.0,0.0
GTATTAGGGTTCGCGT-1,0.0,0.0,0.0
TCATTCGTATAATTTG-1,0.0,0.0,0.0
AATAGCAAGCCTCCTG-1,0.0,0.0,0.0
CATCTACCCGAGAACG-1,0.0,0.0,0.0
GCTTCAGTGGGATTAC-1,0.0,0.0,0.0
TCTGTGATGGAGGTTG-1,0.0,0.0,0.0
ATCCACTTTCAGACTA-1,0.0,0.0,0.0
ATGGTTACGAAACATG-1,0.0,0.0,0.0
GGCCCAATCTAGAGGG-1,0.0,0.0,0.0
GATGGTGAAATAACCC-1,0.0,0.0,0.0
AGAGGGACAATTGTCC-1,0.0,0.0,0.0
CGCGTACATTCTGGAA-1,0.0,0.0,0.0
CAAGAAACCCTAAACT-1,0.0,0.0,0.0
TTGGTGCGGTGTTGAA-1,0.0,0.0,0.0
GGTTCCCTAGTGTCTC-1,0.0,0.0,0.0
CGATAACCAATTTGAG-1,0.0,0.0,0.0
GCCCACTGGTCCACAA-1,0.0,0.0,0.0
CTGTCTGTGGCTGGCT-1,0.12537882,-0.10599068,-0.13887918
ATATTATCCCGTATTT-1,0.09472911,-0.18136051,0.060090907
GCGCTGGCGGAAAGTC-1,0.49483564,-0.19652238,-0.6450391
ATCTAACGTCCCTATG-1,0.22883418,-0.14467016,-0.26065725
GTCAGACAGCGTTGGA-1,0.7425455,-0.30902103,-0.78397924
GCCAGGCTTAGTGGTA-1,0.6937801,-0.312365,-0.73609036
ATTCAAAGTACCTGTT-1,0.44080886,-0.29521132,-0.31489328
TGGACGTAGGCGAATC-1,0.5054667,-0.2574797,-0.5184206
ACACATTGACGCAACA-1,0.16450933,-0.1570414,-0.098009616
GATATCAGTATGTATC-1,0.23877077,-0.14820766,-0.26939434
TGGGCCTTGCCTGCAT-1,-0.013692819,-0.004002286,-0.0063151596
CAAAGTCAGGTTAGCT-1,0.06121922,-0.028790265,-0.08153528
GGATCCCTACCAGCTA-1,0.0,0.0,0.0
ATCGTCCAATCGAGTC-1,0.0,0.0,0.0
ACATGGCTCAATTTAG-1,0.0,0.0,0.0
AGGCCCAGTGACTGGT-1,0.0,0.0,0.0
GCTTCCAGCTTAGATT-1,0.0,0.0,0.0
TGCTTGAAACCATGCA-1,0.0,0.0,0.0
CAATATTGGACTAGTG-1,0.0,0.0,0.0
CGTGCTGGCCTAGTCG-1,0.0,0.0,0.0
CCTGCGATAGAACTGT-1,0.0,0.0,0.0
GGGTAATGCTGTGTTT-1,0.0,0.0,0.0
AACGCGAACGGCAACA-1,0.0,0.0,0.0
TGTCGGCATGGTGGAA-1,0.0,0.0,0.0
AGCGTACGAGAGCTAG-1,0.0,0.0,0.0
ATACTCTCGCCACTCT-1,0.0,0.0,0.0
AATCCATGCAAGGGTG-1,0.0,0.0,0.0
TTAAACAGAGTCCCGC-1,0.0,0.0,0.0
CCACAGCTGAAATCAT-1,0.0,0.0,0.0
CGGTTCCGGCTTCTTG-1,0.0,0.0,0.0
GACGTGAGACTCCATG-1,0.0,0.0,0.0
TCGTTGGCTCGTCAAT-1,0.0,0.0,0.0
GGTGAACGGGCTAGCC-1,0.0,0.0,0.0
GCACTGTGCAAATGTA-1,0.0,0.0,0.0
ACGAGAACCCATCACG-1,0.0,0.0,0.0
CCAGCTACGCCTCATA-1,0.0,0.0,0.0
TCCCGGTCAGGAATTT-1,0.0,0.0,0.0
TCGCATTCAATGACTT-1,0.0,0.0,0.0
CTGGTTCAACGCATCA-1,0.0,0.0,0.0
GGTGATTTCATCTTGT-1,0.0,0.0,0.0
CACCCTTTCCTCGCTC-1,0.0,0.0,0.0
CAACTTGTAGTGGGCA-1,0.0,0.0,0.0
AATATCAAGGTCGGAT-1,0.0,0.0,0.0
ACTCAGACCTGCTTCT-1,0.0,0.0,0.0
TTGGAGTCTCCCTTCT-1,0.0,0.0,0.0
GGATACTCATGAATTG-1,0.0,0.0,0.0
TGGGCACAAACAGAAC-1,0.0,0.0,0.0
GAGCCACGGTAGTAGG-1,0.0,0.0,0.0
TCGATAGGCTAGTCGC-1,0.0,0.0,0.0
TAACCGCCCGCAGTGC-1,0.0,0.0,0.0
GCCTATTTGCTACACA-1,0.0,0.0,0.0
TTGACGATTCAGCACG-1,0.0,0.0,0.0
TTAAACCGGTAGCGAC-1,0.0,0.0,0.0
ACCGAAAGGGCCCTGC-1,0.0,0.0,0.0
ACGTTCCGCGCTCCGT-1,0.0,0.0,0.0
ATACCAGGCTAATAGA-1,0.0,0.0,0.0
CGGCTTTGTATGATAA-1,0.0,0.0,0.0
CTTGACCCGAAAGATA-1,0.0,0.0,0.0
CGCAGAAACATTTGCG-1,0.0,0.0,0.0
GACCCGTCGCCGGCTA-1,0.0,0.0,0.0
AATCGGGACACTACGA-1,0.0,0.0,0.0
GTCACAAAGTTTCCAA-1,0.0,0.0,0.0
TATATTCGCGTCGATA-1,0.0,0.0,0.0
CCTCCCGACAATCCCT-1,0.0,0.0,0.0
CGACATGCGATCTTCT-1,0.0,0.0,0.0
AACACGACTGTACTGA-1,0.0,0.0,0.0
CCCAACCACACTAACA-1,0.0,0.0,0.0
CACCGCCGACCAGCGA-1,0.0,0.0,0.0
TGGTATCGCATCCCAA-1,0.0,0.0,0.0
CAGAGTGATTTAACGT-1,0.0,0.0,0.0
AACCCTGGTGGAACCA-1,0.0,0.0,0.0
GTCAGTTGTGCTCGTT-1,0.0,0.0,0.0
ATTGACGTAACTCGGT-1,0.0,0.0,0.0
GATGTCGGTCAACTGC-1,0.0,0.0,0.0
AGGGCAGCGGCGTGGT-1,0.0,0.0,0.0
ACATCGTTAACCTAGT-1,0.0,0.0,0.0
TCCATTGTGACCTCGT-1,0.0,0.0,0.0
TGTTTAATACTTCATC-1,0.0,0.0,0.0
TTGCTGGCCGGGCTTC-1,0.0,0.0,0.0
CATATTATTTGCCCTA-1,0.0,0.0,0.0
CTGCCTAGCCACCAAG-1,0.0,0.0,0.0
ACGAGATATTTGCTTA-1,0.0,0.0,0.0
GACTACAATTGCTCGT-1,0.0,0.0,0.0
AACGTGATGAAGGACA-1,0.0,0.0,0.0
ACTCTCTTATACACGA-1,0.0,0.0,0.0
CGCATCATGGCTTCAG-1,0.0,0.0,0.0
CGGCTCTTCGTCGAAC-1,0.0,0.0,0.0
ATTCTTCGTACTTATG-1,0.0,0.0,0.0
AGTGAGGGTTTCTGAC-1,0.0,0.0,0.0
GCCAGGCGTTCGCATG-1,0.0,0.0,0.0
GACTAACACAGCACCT-1,0.0,0.0,0.0
CAATGGAATCTACATA-1,0.0,0.0,0.0
GTGGTCAGCGAAGTAT-1,0.0,0.0,0.0
ATGGCTGGAAATGGCC-1,0.0,0.0,0.0
ATCAGGTCGCCATTGC-1,0.0,0.0,0.0
TATCACCATGTAAAGT-1,0.0,0.0,0.0
AGCGCTTATGGGCAAG-1,0.0,0.0,0.0
AAGCGGCGTCATGGGT-1,0.0,0.0,0.0
ACTAATACGTCAGGCG-1,0.0,0.0,0.0
GGCTGAGCATCGTAAG-1,0.0,0.0,0.0
CGGTTGGGTTCAAGTT-1,0.0,0.0,0.0
GACTGATTGGTCACAA-1,0.0,0.0,0.0
AGACGGGCCGATTTAA-1,0.0,0.0,0.0
ACCAGTGCCCGGTCAA-1,0.0,0.0,0.0
GTCCTTTAATGACTTC-1,0.0,0.0,0.0
CCTACAAGTCCGGAAT-1,0.0,0.0,0.0
GCCTGCTACACTGAGA-1,0.0,0.0,0.0
GACTCGGTCGGCGGAT-1,0.0,0.0,0.0
CTAGACATATATGTAG-1,0.0,0.0,0.0
TCGCCCAACTGACTCC-1,0.0,0.0,0.0
AAACTAACGTGGCGAC-1,0.0,0.0,0.0
AACTGAGGTCAGCGTC-1,0.0,0.0,0.0
ACAATGATTCTTCTAC-1,0.0,0.0,0.0
ATAAGTACCCGATTGT-1,0.0,0.0,0.0
ATTGGGAGTTCTGTAA-1,0.0,0.0,0.0
CGAACATAGTCAGAAA-1,0.0,0.0,0.0
TAGCTCAGATCCTAGT-1,0.0,0.0,0.0
GTGTCGTATTCACCTT-1,0.0,0.0,0.0
CTCACCGATCCAAACT-1,0.0,0.0,0.0
ATATGTGCACAAACCA-1,0.0,0.0,0.0
CAGTCCAACGCCTTCT-1,0.0,0.0,0.0
TCGTCCGGGTACACTC-1,0.0,0.0,0.0
TTCGAGCCGGCGCTAC-1,0.0,0.0,0.0
GGAAGATAAGACTGTA-1,0.0,0.0,0.0
GACCTGGTCTGGGCGT-1,0.06332019,-0.28973082,0.28832096
AGCCGCTTGATTAGCG-1,0.10910501,-0.41322577,0.48082262
CCCGGCTAGGTGAGAA-1,0.18726268,-0.24613078,0.18188125
CGAGCCGAGCACTCGA-1,0.5888614,-0.5665653,-0.030091114
TAGTGCTTGAATCCTT-1,0.70548993,-0.3218219,-0.5317867
CAACCGCACCTAGACA-1,0.96358925,-0.49991328,-0.7360638
ACCACTGTTCAAGAAG-1,0.985262,-0.41101432,-0.9441939
AGATGCTATAACGAGC-1,0.94834524,-0.51213384,-0.74787766
AATTACTCGTACGCTC-1,0.6863283,-0.36067802,-0.6918976
CGTCAATCTTTAACAT-1,0.6803707,-0.4301065,-0.5037921
CCAAAGCAGTTGGTTG-1,0.30235267,-0.16734552,-0.33100215
CCATATTGGATCATGA-1,0.1111466,-0.06859193,-0.1570837
CGTACCGAAAGTCTAG-1,0.055885248,-0.026281798,-0.074431196
CTCGAGATCCAAAGCA-1,0.0042583444,0.012083606,-0.072030604
TGGATAGAGTAACAGA-1,0.0,0.0,0.0
TCACAGATCCTCAAAC-1,-0.011605896,0.013913045,-0.051613517
AGAGCTACGAAAGCAT-1,0.0,0.0,0.0
TGCGTGATTGGGTGTC-1,-0.015003316,0.0007973767,0.024245782
CACATGTTTGGACATG-1,0.0,0.0,0.0
TTCGCATCCGGAAGCA-1,-0.013890372,0.0007382274,0.022447232
CCCTAGTGTCAGGTGT-1,0.0,0.0,0.0
TTACCGCCTTAGGGAA-1,0.0,0.0,0.0
CCAGTCCATTATTCGA-1,0.0,0.0,0.0
CGTAAACGCTTGAGTG-1,0.0,0.0,0.0
ATTCCTTCCAGGCGGT-1,0.0,0.0,0.0
TTCCTTTCTGTGTTGC-1,0.0,0.0,0.0
AGTTGACATCGGCTGG-1,0.0,0.0,0.0
AACTCGATGGCGCAGT-1,0.0,0.0,0.0
GATAAGGCAGATGCAA-1,0.0,0.0,0.0
GGCTGGCTAGCTTAAA-1,0.0,0.0,0.0
CCTCATGCAGCTACGA-1,0.0,0.0,0.0
GACGCCTGTTGCAGGG-1,0.0,0.0,0.0
TAATTAGATGGATATG-1,0.0,0.0,0.0
GAGGGCATCGCGTATC-1,0.0,0.0,0.0
CTTGTGAGTCTTTGAC-1,0.0,0.0,0.0
TCAACACATTGGGTAA-1,0.0,0.0,0.0
ACTGTATACGCGAGCA-1,0.0,0.0,0.0
GTGAAACGTGCTCCAC-1,0.0,0.0,0.0
CGAGTGCTATAGTTCG-1,0.0,0.0,0.0
GTACTGCATGAAGCGT-1,0.0,0.0,0.0
GTAACTTGCGGCAGTC-1,0.0,0.0,0.0
GAATCGCCGGACACGG-1,0.0,0.0,0.0
GGGAGTAATGGCTGGC-1,0.0,0.0,0.0
CATGAACCGACATTTG-1,0.0,0.0,0.0
TCTGTCATACAAGAGC-1,0.0,0.0,0.0
GTCGTCAATTATAAGG-1,0.0,0.0,0.0
TAAAGAGCCCGAAACC-1,0.0,0.0,0.0
GTACTGAGGTCGTAAC-1,0.0,0.0,0.0
AAAGACCCAAGTCGCG-1,0.0,0.0,0.0
CGTCAGTGCGCACAAG-1,0.0,0.0,0.0
TGTATCCTTATTCCAT-1,0.0,0.0,0.0
ATTCTCGTCTCTTTAG-1,0.0,0.0,0.0
AAAGTCACTGATGTAA-1,0.0,0.0,0.0
TGTCTACAGTTTCTGT-1,0.0,0.0,0.0
TTAACGTCGCAAGACC-1,0.0,0.0,0.0
CTATGTCTATTGAAAC-1,0.0,0.0,0.0
TCGGGTGAAACTGCTA-1,0.0,0.0,0.0
TGTCCCGACATAGCAC-1,0.0,0.0,0.0
ACAGCATAGAGCCAGT-1,0.0,0.0,0.0
ATATTCCCACAGGTCA-1,0.0,0.0,0.0
TTGGATCGACTTCTGG-1,0.0,0.0,0.0
CACCATCGGAGGAGAC-1,0.0,0.0,0.0
TCGTTCGTTATTATGT-1,0.0,0.0,0.0
CTTAACTTCGAAGTAC-1,0.0,0.0,0.0
GCACAAGTGTCGGAAG-1,0.0,0.0,0.0
TACCAGCTAGGTTTAA-1,0.0,0.0,0.0
ACGTACAGATTTCTCT-1,0.0,0.0,0.0
AATTTGGTTCCAAAGA-1,0.0,0.0,0.0
GTAAGGATTTGTCGGA-1,0.0,0.0,0.0
CATCATCTACCCGGAC-1,0.0,0.0,0.0
ACGATGGATCCGATGC-1,0.0,0.0,0.0
CACTCAGCTCTTGAGG-1,0.0,0.0,0.0
TAGATCCGAAGTCGCA-1,0.0,0.0,0.0
TGAAACTTATGCAAGC-1,0.0,0.0,0.0
GCGATTCTGGAAGCAG-1,0.0,0.0,0.0
CAAACTATTGAGCTTC-1,0.0,0.0,0.0
TAGAATTAAGGGCAAC-1,0.0,0.0,0.0
CGAAACATAGATGGCA-1,0.0,0.0,0.0
GATGGTGCCCTAGGCA-1,0.0,0.0,0.0
CCCGCAGGGCCCAAAG-1,0.0,0.0,0.0
ACAGCGCACCCGCAGC-1,0.0,0.0,0.0
GGTAAATGTGCGTTAC-1,0.0,0.0,0.0
GTCCTTCTAGTGGGTT-1,0.0,0.0,0.0
GGAAGCTCGCTTACAG-1,0.0,0.0,0.0
CACCGATACACCGAGC-1,0.0,0.0,0.0
CAGCCGGGCCCTCTAT-1,0.0,0.0,0.0
CGGAGCTTATAACACC-1,0.0,0.0,0.0
ATTACAACTACCGGCC-1,0.0,0.0,0.0
TCCTCTGGCCCATTAG-1,0.0,0.0,0.0
CGGCACCGTTAGCGCC-1,0.0,0.0,0.0
TCGGTCCCTGACTCCA-1,0.0,0.0,0.0
TGGTTGGAGGATCCTG-1,0.0,0.0,0.0
CTGCGGTAGTCACGTG-1,0.0,0.0,0.0
GTGCCTCAGTGTACGG-1,0.0,0.0,0.0
ATCGTTCACTTTCGCC-1,0.0,0.0,0.0
ACTTACCGGGCGCGCA-1,0.0,0.0,0.0
CTAGACTGCATTTCGT-1,0.0,0.0,0.0
TTGCCGGTGATCCCTC-1,0.0,0.0,0.0
CTGTCACGCCAGGCGC-1,0.0,0.0,0.0
CGGTATAGGTATTAGC-1,0.0,0.0,0.0
CCAACGCTTGCCAGGG-1,0.0,0.0,0.0
CGTTGAGTAATTGCGT-1,0.0,0.0,0.0
TGTATTTACCTAATGC-1,0.0,0.0,0.0
TAAATGCCGTCTCATG-1,0.0,0.0,0.0
CGGTTTATGAAGGAAC-1,0.0,0.0,0.0
GCAAGATGTGTTCGCG-1,0.0,0.0,0.0
AAAGGTAAGCTGTACC-1,0.0,0.0,0.0
GTACGTCACGTATTAA-1,0.0,0.0,0.0
AGTACCTTCGAGTGCT-1,0.0,0.0,0.0
ATTGTGACTTCGCTGC-1,0.0,0.0,0.0
TGTATCAGACTGAAGC-1,0.0,0.0,0.0
GAGACCCTGCAACGCC-1,0.0,0.0,0.0
TGGGTGGGATGTCATT-1,0.0,0.0,0.0
GGCTAATGATTGAAAT-1,0.0,0.0,0.0
ATAACGTTACCTCCAC-1,0.0,0.0,0.0
TGCGAGATGGCGGCCA-1,0.0,0.0,0.0
CACACTTGTATTGCGA-1,0.0,0.0,0.0
GCTGGTGACTCGTAGT-1,0.0,0.0,0.0
CGACACCGCTTAAGGA-1,0.0,0.0,0.0
GTAACAACTGACCTTG-1,0.0,0.0,0.0
CAACTGAGGGTATGAC-1,0.0,0.0,0.0
CTAATTATGAAGCGTA-1,0.0,0.0,0.0
CCGATCTTAAGAGGCT-1,0.0,0.0,0.0
CGACTCGGTACACGGT-1,0.0,0.0,0.0
TGCTGCGTCAGAGTTA-1,0.0,0.0,0.0
AGAGTTGCAGGCCTCC-1,0.0,0.0,0.0
CGTCCAGATGGCTCCA-1,0.38582072,-0.6824678,0.37516442
ACTATCGCCGGCTAAA-1,0.57694876,-0.7964288,0.18397556
GATAGCGTACCACGCG-1,0.46129808,-0.6970207,0.21859457
AGGACTTATAGGAGAA-1,0.63776326,-0.7274042,0.0044140276
TAGTCGGGATTCTTCG-1,0.6377361,-0.56327015,-0.16079511
ACCATTAAGGGTGTCA-1,0.34236017,-0.3541052,-0.012611274
TTAATGTGTTTGCAGG-1,0.8133838,-0.51564395,-0.4629747
TCCGCAGCCACCTAGC-1,0.4129233,-0.3553811,0.21626906
GAGGAGATCCTCATGC-1,0.5095817,-0.37194085,-0.22051202
GGTCCTTCATACGACT-1,0.29001018,-0.29706582,-0.002747213
CCCTGTTGGCAAAGAC-1,0.3035481,-0.28796273,-0.10003976
GTGCCTAGCTATGCTT-1,0.14003013,-0.03846559,-0.4288682
GTCATCTCCTACAGCT-1,0.12218883,-0.0064017572,-0.47026244
GCGAGAAACGGGAGTT-1,0.27262613,-0.05355321,-0.9381575
CGTCGCGGCGGGATTT-1,0.028977394,0.033770118,-0.37056944
CATTGTGTGCTAGATC-1,-0.13206775,0.029581072,-0.1735824
CGCGGCAGTATTACGG-1,-0.07208562,0.023262566,-0.030806536
GAAATGGGATGTAAAC-1,-0.14068204,0.017682793,0.085121416
CATTCCCTAAGTACAA-1,-0.062506676,0.0033220022,0.10101253
AGTTCTGCGTTGTATC-1,0.012479565,0.0043034926,0.0063690445
ACCCTATAGGACTGAG-1,0.016319383,-0.0045480425,0.02201117
TTAGATAGGTCGATAC-1,0.25056666,-0.01453255,-0.2259855
ATTGATAGCAACGAGA-1,0.04641519,-0.006147528,-0.026624495
TCTCGGCTCCAGGACT-1,0.033401836,0.16463296,-0.18498835
CTTGAGGTTATCCCGA-1,-0.026505653,0.10987954,-0.09897565
AAGAAGGATCAGTTAG-1,-0.09007976,0.38000643,-0.31199595
GTACGACGGCGCTGCG-1,-0.02488756,0.103171706,-0.092933476
CTTATGTTGACTACCA-1,-0.1406362,0.40110135,-0.29936188
CGGCACTCAAGAAAGT-1,-0.02103383,0.087196015,-0.07854313
GTCAAAGTTTACATAG-1,-0.074770465,0.20880854,-0.15344305
CTCCTAAGTTATGTCT-1,0.0,0.0,0.0
ACTGTGCTAGTAGATC-1,0.0,0.0,0.0
GTTTGGCCGCTCAGCG-1,0.0,0.0,0.0
TTATCCAATCGAACTC-1,0.0,0.0,0.0
CCGTACCCAAGCGCCA-1,0.0,0.0,0.0
CATACAAAGCCGAACC-1,0.0,0.0,0.0
GGTCGGTAATTAGACA-1,0.0,0.0,0.0
AGCGGGAAGGGTCCAT-1,0.0,0.0,0.0
GCCCACCAAGGCTGTC-1,0.0,0.0,0.0
GTAGACGTCGTTACAT-1,0.0,0.0,0.0
GAGCATCATCCCTGGG-1,0.0,0.0,0.0
AGGTAACCTCCTATTC-1,0.0,0.0,0.0
GGTTTGAGTGCTGGAA-1,0.0,0.0,0.0
GCACTAGTCGCGCTAT-1,0.0,0.0,0.0
GGTAACTATGTATCTG-1,0.0,0.0,0.0
GCGGTCCCTAGACGCA-1,0.0,0.0,0.0
CGAGCGTTGATCAGCC-1,0.0,0.0,0.0
AATCCAAGGGCCTGAG-1,0.0,0.0,0.0
CCGTGCCCATGACGGC-1,0.0,0.0,0.0
GAAATTCACATCGCTG-1,0.0,0.0,0.0
CTCTGCGAAGCAAGCA-1,0.0,0.0,0.0
AGTAGGTAACATACAT-1,0.0,0.0,0.0
ATTGGGAATATCTTGG-1,0.0,0.0,0.0
TAGAGCTACGAAGAAC-1,0.0,0.0,0.0
TGCGGCATAGTTCAAC-1,0.0,0.0,0.0
CCGCCGGTCAACACAC-1,0.0,0.0,0.0
TCGTATAGTGCAATTA-1,0.0,0.0,0.0
TAGTTTATTCTTGCTT-1,0.0,0.0,0.0
GATATCTCATGCAATA-1,0.0,0.0,0.0
CGTTTAAGCGGAGCAC-1,0.0,0.0,0.0
CATGCTGGCTCCAATT-1,0.0,0.0,0.0
GAAACAGCCATGCAGT-1,0.0,0.0,0.0
AGTTTCGCAGGTCGGA-1,0.0,0.0,0.0
CTCATGGCTCACAATC-1,0.0,0.0,0.0
AACCGTTGTGTTTGCT-1,0.0,0.0,0.0
ACCCTTCATCTGCGAA-1,0.0,0.0,0.0
TGCGGTGAAATTTCAT-1,0.0,0.0,0.0
CAAATTGTCAGCAAGC-1,0.0,0.0,0.0
GAGGTACATCCATCTT-1,0.0,0.0,0.0
AAATGGCATGTCTTGT-1,0.0,0.0,0.0
TCATCCCAGAGGGTGG-1,0.0,0.0,0.0
CGTAGCGAATTGTCAG-1,0.0,0.0,0.0
CCTAGTTAGTCGCATG-1,0.0,0.0,0.0
GAAACTCTAATGAAGG-1,0.0,0.0,0.0
TTGTATCACACAGAAT-1,0.0,0.0,0.0
TTCAAGCCGAGCTGAG-1,0.0,0.0,0.0
AGGTACGATATTGCCA-1,0.0,0.0,0.0
TTAAGCCGACAACTTC-1,0.0,0.0,0.0
GTCTTAGTACAGCCGG-1,0.0,0.0,0.0
TGGGTAAGGTTCCCGC-1,0.0,0.0,0.0
CTACGCCATTTCCGAT-1,0.0,0.0,0.0
GACCGTCAGGTCGTGA-1,0.0,0.0,0.0
TAGTTAAGATAGGATA-1,0.0,0.0,0.0
GAATATTCGGAGTCCC-1,0.0,0.0,0.0
CAAACTACGATAGAGA-1,0.0,0.0,0.0
CAGGAAGACTTTATAT-1,0.0,0.0,0.0
TTCGTAATCCCAGCGG-1,0.0,0.0,0.0
GTGAGGAGCGGTTGAG-1,0.0,0.0,0.0
CAATCCCTATACCAGC-1,0.0,0.0,0.0
AGGGAAACGAGGTACT-1,0.0,0.0,0.0
TCCTGCCAACTGGAGA-1,0.0,0.0,0.0
AATTTGGGACATAGTA-1,0.0,0.0,0.0
AACTCCTAATCCCATG-1,0.0,0.0,0.0
GCTCATTACTGCATGT-1,0.0,0.0,0.0
TCTCGAACGAGGTCAC-1,0.0,0.0,0.0
TCACTACGACCAATGC-1,0.0,0.0,0.0
GTGATGCACAACATCT-1,0.0,0.0,0.0
CCGACGTAAACACAAC-1,0.0,0.0,0.0
TGGGATGCACTCATTC-1,0.0,0.0,0.0
TTCCATCATGCGGTGA-1,0.0,0.0,0.0
TGCACAGTGAAGTTAT-1,0.0,0.0,0.0
CTATTGTGTTTGGTCA-1,0.0,0.0,0.0
TGCGAGCCCTTCCGCG-1,0.0,0.0,0.0
TTGAAAGGTGTAAAGG-1,0.0,0.0,0.0
GGTGCAGAGCCTATCG-1,0.0,0.0,0.0
ACTATATGCTGTGTTC-1,0.0,0.0,0.0
TCCTGGCGCTGCCTGG-1,0.0,0.0,0.0
GAGCCGAGCGTTTATT-1,0.0,0.0,0.0
AGAATGCGGGTTCGGA-1,0.0,0.0,0.0
ATGCGACAATTGGTCC-1,0.0,0.0,0.0
TTCCGGCTCGACTTCT-1,0.0,0.0,0.0
TGATTATGGCACGCAG-1,0.0,0.0,0.0
GGTTTGACAAGAAGCT-1,0.0,0.0,0.0
GCAGCTATGGACAGGT-1,0.0,0.0,0.0
CACCATGATCGCAAAG-1,0.0,0.0,0.0
GTCGGAAGGATACCAG-1,0.0,0.0,0.0
GGCCCAGTTATCAGCA-1,0.0,0.0,0.0
GGGCCTATTTAAGTAT-1,0.0,0.0,0.0
GTTGTTACATTGCGCT-1,0.0,0.0,0.0
CAACTCCGTAACTTGC-1,0.0,0.0,0.0
GATCTTTGCTCAAAGA-1,0.0,0.0,0.0
TCGCTTAATTACGAAG-1,0.0,0.0,0.0
CGATCATTAGAGGCAC-1,0.0,0.0,0.0
TGTTCTCTACTCCCTA-1,0.0,0.0,0.0
GCTTAGGGAAGCGGTA-1,0.0,0.0,0.0
CAGGTTTAGTACTACA-1,0.0,0.0,0.0
TCGCACTAACGTTTGT-1,0.98668694,-0.903014,-0.10931384
CACGTCGGGTTCTAGA-1,1.114205,-0.80429274,-0.32122752
GGAGTACACATGAGCT-1,0.79475677,-0.84002215,-0.009342184
GTGTGTCGACGTCGCT-1,0.9335394,-0.8961434,-0.023538806
GAAGCTCTTTGCTTAG-1,0.77128136,-0.6303454,-0.04047388
ACACCGAGCGCTCTTT-1,0.8977882,-0.70581716,0.022029694
CGTAATAATTACGAGT-1,0.31364775,-0.30938244,0.19760375
CATCAACACCTACTAA-1,0.36604503,-0.65990573,0.53881323
CCAAGTTTCTACAGAT-1,0.22369064,-0.39080483,0.40686426
ACGGGTCATGTGACTT-1,0.275255,-0.64168894,0.76684654
AGTGTGCTAAGATCGC-1,0.4053322,-0.5722851,0.18656507
GGCGGTTTGCCGGTGC-1,0.20795494,-0.61354166,0.663725
GTATAATCTCCCGGAT-1,0.6070733,-0.43641528,-0.70727724
TAGTCCGTATGCATAA-1,0.47884947,-0.6498598,0.11173956
CACTTCGTCTTATCTC-1,0.046025865,-0.14155652,-0.36627704
CATCCGCAGGCCCGAA-1,0.5365336,-0.5115352,-0.10994451
CCCTGATGTAACTCGT-1,0.013244036,-0.1026474,-0.16207251
CCATAGTCAGTAACCC-1,0.22911252,-0.04007884,-0.32160634
CGGGCCATAGCCGCAC-1,0.13107683,-0.0026405726,-0.18360569
CTCCGGCTTGTAGACA-1,0.6316236,-0.15998341,-0.6454739
AACTTGCGTTCTCGCG-1,0.29241267,-0.069119416,-0.2992621
AATGAGTTCGCATATG-1,0.78453344,-0.32522157,-0.5963422
CGAGGCCAGGCATTGG-1,0.42678335,-0.10616304,-0.29149544
TCTGCGTCCGGTTTCT-1,0.379104,-0.1861568,-0.18119471
CAATCCTGCCGTGGAG-1,0.058721695,0.27233,-0.28837234
CTGAGCAAGTAACAAG-1,-0.056319956,-0.009954341,0.023779133
GGGTACCCACGGTCCT-1,-0.21841212,0.5945563,-0.38773182
ACGGAATTTAGCAAAT-1,-0.17809072,0.060065415,-0.13347352
GGGCGGTCCTATTGTC-1,-0.15473643,0.28878018,-0.30327377
ATGTTACGAGCAATAC-1,-0.10918149,0.0485372,-0.22007397
AACCATGGGATCGCTA-1,-0.0070527853,-0.012675185,-0.062209517
TCGCATCCCTAAGTGT-1,0.040872812,-0.014562698,-0.076705255
ACTTAGTACGACAAGA-1,0.0,0.0,0.0
GAGCTCTCGGACCTAA-1,0.0,0.0,0.0
TCTATTACGCTGGCGA-1,0.0,0.0,0.0
AGATACGACTTCATAT-1,0.042371076,-0.0056118974,-0.024304729
CGCTATACCGCCCACT-1,0.0,0.0,0.0
CAGTGTCCGCAGAATG-1,0.0,0.0,0.0
CCATCCATACCAAGTC-1,0.0,0.0,0.0
AACCCAGAGACGGAGA-1,0.0,0.0,0.0
GAAGAACGGTGCAGGT-1,0.0,0.0,0.0
GATAAATCGGTGGATG-1,0.0,0.0,0.0
CAGCTCGTGCTTGTGT-1,0.0,0.0,0.0
GAGTACGGGTATACAA-1,-0.024539467,0.101728685,-0.09163365
CATCGCCCGCGGCCAA-1,0.0,0.0,0.0
TCTTACAGAGGTACCG-1,-0.026505653,0.10987954,-0.09897565
TGGAAGACGAACACCA-1,0.0,0.0,0.0
GTTGTCGTGTTAGTTG-1,-0.029447356,0.122074395,-0.10996038
CCAAGGAACAGAGAGG-1,0.0,0.0,0.0
CTGCACCTGGAACCGC-1,0.0,0.0,0.0
CGCTTTCATACCGGTG-1,0.0,0.0,0.0
GTTCTTCCCTCGATGT-1,0.0,0.0,0.0
ATTTAACTCGTATTAC-1,0.0,0.0,0.0
AACGATAGAAGGGCCG-1,0.0,0.0,0.0
TATCCTGCATGGGAAT-1,0.0,0.0,0.0
AGGCCCATTGTACAGG-1,0.0,0.0,0.0
CCGGCGCATATTGGAT-1,0.0,0.0,0.0
ATCTGTAATTGTACCC-1,0.0,0.0,0.0
GAGCGAGGGAGTACCG-1,0.0,0.0,0.0
TTATTAGGGAAGCATC-1,0.0,0.0,0.0
CTTCTTACGTCGTATA-1,0.0,0.0,0.0
GAAGTGCTGGATAGCT-1,0.0,0.0,0.0
GTGCAACAAATGTGGC-1,0.0,0.0,0.0
CATGCGTTAGACAGAA-1,0.0,0.0,0.0
ACACACTTTCTACACG-1,0.0,0.0,0.0
AGCCCTAAGCGAAGTT-1,0.0,0.0,0.0
ATTAATTCGGTCACTC-1,0.0,0.0,0.0
AACAGGAAATCGAATA-1,0.0,0.0,0.0
ACGTTTAGTTGTGATC-1,0.0,0.0,0.0
TCCTTCAGTGGTCGAA-1,0.0,0.0,0.0
CGAACGCCCAGTGCCG-1,0.0,0.0,0.0
CCTCGAAGTGGACGGG-1,0.0,0.0,0.0
CTCTGTTTGAGGATTC-1,0.0,0.0,0.0
TGGGCACGTTCTATGG-1,0.0,0.0,0.0
ACTATTCGTCCGTGGT-1,0.0,0.0,0.0
CCTCTGGCCTAGACGG-1,0.0,0.0,0.0
CCATAAACAACCCGAC-1,0.0,0.0,0.0
CATAGTACATTGAGAG-1,0.0,0.0,0.0
ATTTCATTATTTCGCG-1,0.0,0.0,0.0
CAACTATATCGAATGC-1,0.0,0.0,0.0
CTAGTATTCGGAATTA-1,0.0,0.0,0.0
GTGGAACCTACATGCG-1,0.0,0.0,0.0
CCTAAAGGCTGACGCT-1,0.0,0.0,0.0
CGTGACATTGGGTCGT-1,0.0,0.0,0.0
CCAATCGGTAGATCGA-1,0.0,0.0,0.0
ATTGTCGCAATACCTT-1,0.0,0.0,0.0
AAATTACACGACTCTG-1,0.0,0.0,0.0
CACTCCTCTCGGTCGG-1,0.0,0.0,0.0
AAATAACCATACGGGA-1,0.0,0.0,0.0
AGTTACTCTATCGTGG-1,0.0,0.0,0.0
CGTTAGCTCACAACTG-1,0.0,0.0,0.0
GAATGTATGGCAGGTC-1,0.0,0.0,0.0
GCAACCACCAGACCGG-1,0.0,0.0,0.0
TCACTCGTGCAACGGC-1,0.0,0.0,0.0
AAACAGAGCGACTCCT-1,0.0,0.0,0.0
CAGCCTCTCCTCAAGA-1,0.0,0.0,0.0
TTGCGTGAACGCTTAG-1,0.0,0.0,0.0
CCGCCTGCGAATTGGT-1,0.0,0.0,0.0
AGATGAGGGTTGCGAT-1,0.0,0.0,0.0
CGGTGGGCTCCAGCCT-1,0.0,0.0,0.0
GGCAGCGGTAATCCTA-1,0.0,0.0,0.0
GCTAGCAGGGAGTGGG-1,0.0,0.0,0.0
CTCAAGACATTAGCGC-1,0.0,0.0,0.0
CACGGCGCGCCAAAGG-1,0.0,0.0,0.0
TGCAATTTGGGCACGG-1,0.0,0.0,0.0
ATGCCAATCGCTCTGC-1,0.0,0.0,0.0
GCTGGACCCAAAGTGG-1,0.0,0.0,0.0
ATTCCTAAGACGTGGA-1,0.0,0.0,0.0
TCCGGAGGAAGGGCTG-1,0.0,0.0,0.0
TCGGTGACCGCTCCGG-1,0.0,0.0,0.0
TCCGAAGTAGTCACCA-1,0.0,0.0,0.0
CATGTAGGAGCGCCAA-1,0.0,0.0,0.0
CACAAGAAAGATATTA-1,0.0,0.0,0.0
AGGGTCAGTAACCCTA-1,0.0,0.0,0.0
TAAGCCCTTACGACCA-1,0.0,0.0,0.0
ATACCGTCATCCATAA-1,0.0,0.0,0.0
GGACGTCCATAGTTGG-1,0.0,0.0,0.0
CATCAAACTGGCGCCC-1,0.0,0.0,0.0
AAACGTGTTCGCCCTA-1,0.0,0.0,0.0
AAATTGGTGAGAAGCA-1,0.0,0.0,0.0
GGTCATTGTAGTCATA-1,0.0,0.0,0.0
TGCAGTGAGGCTCGGG-1,0.0,0.0,0.0
GAACATTAGTATGTTA-1,0.0,0.0,0.0
GGTTTGCGAACACGTA-1,0.0,0.0,0.0
ACACAAATATTCCTAG-1,0.0,0.0,0.0
TTGGGTTTATTCAGCG-1,0.0,0.0,0.0
ATTCGCAGAGGACACT-1,0.0,0.0,0.0
GATTTAGTGCGTACTG-1,0.0,0.0,0.0
TAGAAACACAATAGTG-1,1.1448169,-0.8257801,-0.39344427
CAGTAGATGATGTCCG-1,1.294217,-0.7755123,-0.6559101
TCTTAACTCGGATGTA-1,1.1982721,-0.74278796,-0.46357068
TACATCTTGTTTCTTG-1,1.3082496,-0.7619774,-0.7016544
TTCATAGGGTGTCCAT-1,1.0452169,-0.78262013,-0.32452774
TGAAGTAGCTTACGGA-1,1.1247729,-0.787147,-0.5489311
GCACAAGTGGATCATA-1,0.65733075,-0.758892,0.18995006
GGGCGAATTTCTCCAC-1,1.0045379,-0.86099726,-0.3712605
ATGTTCCTGCCCACCT-1,0.5381136,-0.72479,0.46852764
GCTCAACCTCTTAGAG-1,0.5419517,-0.6856905,0.31010798
ATAGCTGCTCTTGTTA-1,0.2173142,-0.5696412,0.85802317
CGTCAGCTATTTACTC-1,0.38152552,-0.46685112,0.43308708
ATCTGATAGTGTCTTA-1,0.2750828,-0.6520206,1.0042717
TGCACTATGTGAGTGC-1,0.35277793,-0.40428758,0.6408244
CCGACAAACACATGAG-1,0.69992733,-0.746015,0.25269613
GCCTTGTATATGCAGT-1,0.8242362,-0.52585226,-0.13536455
ATAATACCGTTAGCCG-1,1.1071641,-0.5179174,-0.79151386
ACACTCCAATGTCACT-1,0.95168084,-0.33525687,-0.96457183
AGTTGCTGACTGATAT-1,1.0058067,-0.29124966,-1.0008364
GGCGCTCCTCATCAAT-1,1.5321641,-0.53613317,-1.2045512
TGCCTGACATCGGTCA-1,1.2372139,-0.3938899,-1.1548328
TTGGCCATCTTGCGCT-1,1.7128335,-0.71255803,-1.1903126
CAGTGGTTGCACATGA-1,0.5997938,-0.5329562,-0.15099831
AGAATTGTTTGACATA-1,1.1609284,-0.70937663,-0.69268465
AAATGCTCGTTACGTT-1,0.27797252,-0.40773037,0.07590208
CACCTAATAGAGTCGT-1,0.78116316,-0.7330605,-0.24483491
CATTTCTAGCAGACTA-1,0.10761956,-0.32673964,0.019732293
CCGAAAGTGGTGAGCA-1,0.3377427,-0.5558096,0.13861926
AGTCAGCCACCGCCTG-1,-0.08112475,-0.19217098,-0.059276577
TCATCACTCGAGCTCG-1,0.05482729,-0.27418768,0.2650985
CTCAGGACTCACCTGT-1,0.028686892,-0.10793447,-0.032157935
CGGTGTACTTGATCCC-1,0.08030014,-0.087421335,0.101747796
CCTACGGCTCAGTCGA-1,0.1783282,-0.06494103,-0.057251327
GTACTTGGGCACTTCT-1,0.27315757,-0.16042976,0.023449961
TGATTTCCTCCTGACG-1,0.19221716,-0.025458477,-0.11025885
CCTCACCAATCTTGAC-1,0.16689745,0.056286275,-0.1614192
GGTGAGATGCAGATAA-1,0.098683015,0.053182486,-0.11211941
GCTAGTTTCATTGAGG-1,0.033075705,0.19121622,-0.2652226
AGGACATCGCACGTCG-1,0.005904655,0.07077905,-0.06334817
GTGGACGTGCTGAGAC-1,0.18168947,0.23354517,-0.2894241
TAAGGAACTTGTGGGA-1,0.092132054,-0.0063288165,-0.038277887
TCGCTGTGCGTAAATC-1,0.19723515,0.05825126,-0.1847706
GCATCCCTAACTTTGA-1,0.10471385,0.006987629,-0.054845434
CACCCACACGTCACCC-1,0.131468,0.18333198,-0.2631076
CCCTCATTCTGGAATT-1,-0.06420892,0.36437953,-0.33662474
AGGGCGTGATCGGCTA-1,-0.07204193,0.5325161,-0.43665516
GGTGCGGATAAGTGGC-1,-0.09291355,0.38517436,-0.34695166
TAATATTGAAATTCGC-1,-0.044930793,0.184037,-0.08838581
CTTACACTGGGAAATA-1,-0.031806782,0.13185541,-0.118770786
ACCAAGAACGCGTGTC-1,0.0,0.0,0.0
GCCTTCAGCCCTACCG-1,0.0,0.0,0.0
GATGCTACAAGCGCCT-1,0.0,0.0,0.0
CCGGGACCCGCAGAGA-1,0.0,0.0,0.0
GTTCCAGTCTGACCAT-1,0.0,0.0,0.0
ATGATCGGGAATAGAC-1,0.0,0.0,0.0
TTGGATTGGGTACCAC-1,0.0,0.0,0.0
TACCTCACGCTTGTAC-1,0.0,0.0,0.0
CATGGCAGGAAGATCG-1,0.0,0.0,0.0
ATGACGCCGGCTCTAA-1,0.0,0.0,0.0
AGCGACATCCCATTCA-1,0.0,0.0,0.0
AGTAATGTCTTGCCGC-1,0.0,0.0,0.0
TTCTTAGTGGCTCAGA-1,0.0,0.0,0.0
CGTCTGGAAGGGCCCG-1,0.0,0.0,0.0
ACGTGCGCCTCGTGCA-1,0.0,0.0,0.0
AGAGCGGGCTAATCAT-1,0.0,0.0,0.0
GCGTCGAAATGTCGGT-1,0.0,0.0,0.0
AACTGATATTAGGCCT-1,0.0,0.0,0.0
CGAGCTGGGCTTTAGG-1,0.0,0.0,0.0
GGGTGTTTCAGCTATG-1,0.0,0.0,0.0
TTAATTTCAGACGCGG-1,0.0,0.0,0.0
ACTGCCGTCGTAACTC-1,0.0,0.0,0.0
GTGCACGAAAGTGACT-1,0.0,0.0,0.0
ATCTCCCTGCAATCTA-1,0.0,0.0,0.0
ACGCCAGATGATTTCT-1,0.0,0.0,0.0
AGCTATTTAATCCAAC-1,0.0,0.0,0.0
CCACGAGAAGAGAATC-1,0.0,0.0,0.0
GATTCCGCGTTTCCGT-1,0.0,0.0,0.0
GTCGGATGTAGCGCGC-1,0.0,0.0,0.0
TATTTATACCGAGTAG-1,0.0,0.0,0.0
GTAGGTGATCCGTGTA-1,0.0,0.0,0.0
AGTTAAGCGGTCCCGG-1,0.0,0.0,0.0
CTGGCGACATAAGTCC-1,0.0,0.0,0.0
TTGGCCTAGAATTTCG-1,0.0,0.0,0.0
GGCATATCGGTTCTGC-1,0.0,0.0,0.0
GGGCGTCCACTGGCTC-1,0.0,0.0,0.0
TTACCCATTGCCGGGT-1,0.0,0.0,0.0
TTAGACACGATCGTTG-1,0.0,0.0,0.0
GCGCTGATCCAGACTC-1,0.0,0.0,0.0
TTCGGCAACCCGCTGA-1,0.0,0.0,0.0
GATATTTCCTACATGG-1,0.021885976,0.06892247,-0.089020774
CTGCGTTACGATATAA-1,0.0,0.0,0.0
TAATAAACAAGGAGAT-1,0.043902032,0.13825458,-0.17857066
AACCTTTACGACGTCT-1,0.0,0.0,0.0
AGTCCCGCCTTTAATT-1,0.018759407,0.059076406,-0.07630353
TGAGATTAGGCCCTAA-1,0.0,0.0,0.0
AGTGTATTGCGCATTG-1,0.04931642,-0.020305173,-0.041090634
GTTGGATTCAGTGGCT-1,0.0,0.0,0.0
TAAAGCTGCAATAGGG-1,0.06040003,-0.024868656,-0.05032554
AGTAGGAAGGAAGTTG-1,0.0,0.0,0.0
TATCACTTCGAGTAAC-1,0.05326783,-0.021932093,-0.044382952
TGATCTACGCTGATCT-1,0.0,0.0,0.0
GGATCATCCCGTACGC-1,0.0,0.0,0.0
TGACACTTCTCTTTGC-1,0.0,0.0,0.0
AGCCCTTCTAATCCGA-1,0.0,0.0,0.0
CACCGCGTCCACTCTA-1,0.0,0.0,0.0
TAATTGGAATCGGGAA-1,0.0,0.0,0.0
TCGTAAGCTCCGAGGA-1,0.0,0.0,0.0
TATATTACAAATGTCG-1,0.0,0.0,0.0
CGCGAGAGGGACTTGT-1,0.0,0.0,0.0
GGACCTACGGTAACGT-1,0.0,0.0,0.0
GAAATATGCTTGAATG-1,0.0,0.0,0.0
CCGTATTAGCGCAGTT-1,0.0,0.0,0.0
AGGCGTCTATGGACGG-1,0.0,0.0,0.0
AACATCGATACGTCTA-1,0.0,0.0,0.0
TGAATATGCTATAAAC-1,0.0,0.0,0.0
ACCAAACACCCAGCGA-1,0.0,0.0,0.0
TGGCTTGTACAAGCTT-1,0.0,0.0,0.0
GAATGAAGGTCTTCAG-1,0.0,0.0,0.0
AGATACCAGCACTTCA-1,0.0,0.0,0.0
GCGGTCCCGGTGAAGG-1,0.0,0.0,0.0
GAGGCATTTGCAGCAG-1,0.0,0.0,0.0
GGCAAGCCAGGGATAG-1,0.0,0.0,0.0
TCTACGGGCTCAGTTG-1,0.0,0.0,0.0
TCTGCGAATCGTTCGC-1,0.0,0.0,0.0
AGCTCGTTGATGGAAA-1,0.0,0.0,0.0
TGAATGAGATACAGCA-1,0.0,0.0,0.0
ACCCTTGCCTGGGTCG-1,0.0,0.0,0.0
GGCGAACCGTTCTGAT-1,0.0,0.0,0.0
GCGATGTCTGTGCTTG-1,1.3696434,-0.56626606,-1.0069413
ATTAACACCTGAGATA-1,1.2574911,-0.47468233,-1.0577487
GAAATCTGACCAAGTT-1,1.375921,-0.65801436,-0.92249006
CCTGACAAACTCGCGC-1,1.4501549,-0.62807834,-1.1102713
ATGTCATTTCCCATTG-1,1.3365163,-0.64518,-0.9739145
GCGGTGCGGAGCATCG-1,1.3372494,-0.6832776,-0.88190615
CGGAAAGCAAATGTGC-1,1.362462,-0.8805096,-0.8005493
GCTGAGCAACGGTTCT-1,1.3015841,-0.75576663,-0.8431481
TCACTCTTCGTCTGTC-1,1.2285303,-0.91881585,-0.5279327
GATCTTCATTGTCCTC-1,1.089971,-0.8323859,-0.54511565
ACTCGATGTATTTCAT-1,0.4493255,-0.41409478,0.11472669
TGAAGAGCGGTCCTAG-1,0.828761,-0.5808866,-0.20577894
TAAACGTCGTCAATGA-1,0.3704164,-0.4012053,0.38286033
ACGTTATTGGTCACTC-1,0.34940413,-0.3519421,0.256933
ATAGCCTCAGTACCCA-1,0.26115364,-0.3739586,0.50672007
CGGGAGTATACCGCCG-1,0.108408935,-0.39343816,0.66451585
GTCCTACAGGCGGCTC-1,0.1694533,-0.23779675,0.3084294
CGGATAAGCGGACATG-1,0.20963284,-0.42663935,0.5066035
AACTTCTGCGTCTATC-1,0.14883262,-0.22010653,0.28457165
GGGTTCAGACGAACAA-1,0.8088561,-0.55212444,-0.041899294
AGTCTGGACATCCTTG-1,1.7037601,-0.7161945,-1.0466108
TTGAACGAATCCTTTG-1,1.7997684,-0.82130253,-0.7443735
GAAATACTAAACGTTT-1,1.7210217,-0.84766567,-0.8411045
CCCGCGCAATGCACCC-1,1.7407438,-0.7825359,-0.9052481
TTCGGCTAGAGATGGT-1,1.3801963,-0.8281427,-0.64607394
GACACGAGTTAGAGGA-1,1.1241434,-0.7701817,-0.4462839
GAGGTCCCAAAGATCT-1,0.9502316,-0.73273855,-0.3136878
TAACTCCATGGAGGCT-1,0.8781,-0.69524103,-0.19490457
CTTGTTTATGTAGCCA-1,0.31807083,-0.44517893,0.15731238
GATGGCGCACACATTA-1,0.6147104,-0.40160093,-0.1458757
ATAATAGTGTAGGGAC-1,0.28606278,-0.3937553,0.38956967
CGCTATTCAATGTATG-1,0.90194875,-0.54814595,-0.25755087
ATATTGCTGTCAAAGT-1,0.43747312,-0.46570706,0.098324165
GGATTCAGTACGGTGG-1,0.93553144,-0.63766456,-0.35901135
TTCTTAGTGAACGGTG-1,0.3116187,-0.36132777,-0.0013893434
AATGGTTCTCACAAGC-1,0.73899305,-0.6130414,-0.33901167
TATACACGCAAAGTAT-1,0.19010732,-0.16192569,-0.16456972
CTTCATAGCTCAAGAA-1,0.22936705,-0.28129613,-0.11631436
CAACGGTTCTTGATAC-1,0.06343096,0.10910876,-0.24472937
ACACCCGAGAAATCCG-1,0.084416814,-0.21406086,0.18980874
TCTATCATGCAGTTAC-1,0.12240887,0.11748718,-0.2063297
CCCGCCATGCTCCCGT-1,0.08127651,-0.2547941,0.27638587
CGCTTCCACTGAAATC-1,0.3372223,-0.22063418,0.09915683
CACTGTCCAAGTGAGA-1,0.19672504,-0.29761034,0.37960118
ATTACTAGCCTCTTGC-1,0.12723427,0.10677279,-0.09022315
CATAGTAGCATAGTAG-1,0.29514495,-0.08923053,0.15671605
CAACTCCTTGATCCCG-1,0.04776532,0.24644123,-0.020899868
AAGTAGAAGACCGGGT-1,0.38896,-0.118974954,0.23913126
GCGGGAACCAGGCCCT-1,0.093790516,0.09693792,0.08199765
ATTAGATTGATAGCGG-1,0.32942653,-0.19682294,0.20344566
CTCGGTCCGTAGCCTG-1,-0.0015865167,0.044746876,0.030883515
TGGCTTTGGGTAGACA-1,0.07268934,-0.06585183,0.076191865
TATCCATATCATGCGA-1,0.0,0.0,0.0
GGAGTGCCGCCCTGGA-1,0.0,0.0,0.0
TGAGAATGCTTTACCG-1,0.0,0.0,0.0
TTAACCAACCCTCCCT-1,0.0,0.0,0.0
TGTTTCGGTACTTCTC-1,0.0,0.0,0.0
TTGCTGAAGGAACCAC-1,0.0,0.0,0.0
TATTTAGTCTAGATCG-1,0.0,0.0,0.0
CTCCGGCCTAATATGC-1,0.0,0.0,0.0
TTGTGGCCCTGACAGT-1,0.0,0.0,0.0
TCGCCGGTCGATCCGT-1,0.0,0.0,0.0
CCATAGGTTGGCGTGG-1,0.0,0.0,0.0
GAACGACCGAATGATA-1,0.0,0.0,0.0
TCCGATAATTGCCATA-1,0.0,0.0,0.0
CATTACGTCGGCCCGT-1,0.0,0.0,0.0
CAAGCACCAAATGCCT-1,0.0,0.0,0.0
TGCATGGATCGGATCT-1,0.0,0.0,0.0
GAAATCGCGCGCAACT-1,0.0,0.0,0.0
CTGAAAGAGATCCGAC-1,0.0,0.0,0.0
CACCTCGATGGTGGAC-1,0.0,0.0,0.0
ATTTGTTCCAGGGCTC-1,0.0,0.0,0.0
TGGGCCACAAGAGCGC-1,0.0,0.0,0.0
CCTTCTTGATCCAGTG-1,0.0,0.0,0.0
CCTCGCCAGCAAATTA-1,0.0,0.0,0.0
TTCATGGCGCAACAGG-1,-0.043759678,0.002325664,0.07071686
TTAATCAGTACGTCAG-1,0.0,0.0,0.0
CCTATCTATATCGGAA-1,0.021033987,-0.057283454,0.04430715
ATTATACTTTGCTCGT-1,-0.016205434,0.00086125836,0.026188431
ATGGATCCGGCGTCCG-1,0.10901733,-0.0427221,-0.0302316
CGCCCGCTTCCGTACA-1,0.045765992,-0.006061542,-0.026252106
GGATTCCGCTATACCC-1,0.19282767,-0.08558912,-0.06358087
CGGTCTATCAACCCGT-1,0.091531985,-0.012123084,-0.05250421
ATGCCGGTTGATGGGA-1,0.04813619,0.1317752,-0.13006325
TCATGCAGGTTCTCAT-1,0.05013413,-0.006640086,-0.02875774
TGAGCTTTAATGACGC-1,-0.07716697,0.4736536,-0.36979333
TCCCTTAGATTACTCG-1,-0.03881928,0.27645934,-0.25315267
ATATCTCCCTCGTTAA-1,-0.17794847,0.6889742,-0.46040624
AGCTCTTCCCAGTGCA-1,0.008215595,0.26317546,-0.2706139
TCGCTAAACCGCTATC-1,-0.035034932,0.72998834,-0.57348394
CACATTCTTTCGATGG-1,0.029428063,0.21479799,-0.21179649
GATATGCGGTAGCCAA-1,0.06421907,0.2772075,-0.22081934
CGTTTCACTTCGGGCG-1,0.080004774,0.20560871,-0.24355158
CCAATTACGGGTCGAG-1,0.288042,0.0044260244,-0.20038034
GCAGGTAGAGTATGGT-1,0.25409338,0.011740082,-0.2688814
GTCGTATTGGCGTACA-1,0.5237882,-0.19951572,-0.27218032
GAAATTAGCACGGATA-1,0.32305843,-0.1100618,-0.2396015
AATGCACCAAGCAATG-1,0.5727536,-0.29796416,-0.28722072
AGGACGCTCGATGTTG-1,0.25859243,-0.104460984,-0.19109027
GGCTAAAGGGCGGGTC-1,0.35752666,-0.20926706,-0.17718291
CATCTATCCCGTGTCT-1,0.10653566,-0.043864187,-0.088765904
CAGTAACTATTTATTG-1,0.20502064,-0.08144293,-0.12959686
CATATACTACTGATAA-1,0.0,0.0,0.0
GCGTTCGGAGACCGGG-1,0.20194146,-0.07440098,-0.0499365
AAGTTCAGTCTGCGTA-1,0.0055143097,-7.903585e-05,0.035387516
CGAAGCTATAAATTCA-1,0.12164262,-0.039371334,0.057013676
CGCGGTCACAAACCAA-1,0.011947676,-0.00017123285,0.07667295
GGGAATGAGCCCTCAC-1,0.061844464,-0.016153445,0.10358419
ACGGAGCGCAAATTAC-1,0.0,0.0,0.0
CGTTCTTCGCACACCT-1,0.03138176,-0.008083303,0.05474106
GAATAGCCCTGCGGTC-1,0.0,0.0,0.0
AATAGCTACCGCGTGC-1,0.07498873,0.0019746986,-0.08934024
CCGAGCTGTGCTTGTC-1,0.0,0.0,0.0
GATGACGATGATCGCG-1,0.0,0.0,0.0
GCCTATGCTGGGCCTT-1,0.0,0.0,0.0
TTACTGTCTAGAGCTC-1,0.0,0.0,0.0
AGCGGTTGCCGCTCTG-1,0.0,0.0,0.0
GCTTGCAGCACAATTG-1,0.0,0.0,0.0
CCGGAGGTCTTATGGT-1,0.0,0.0,0.0
ACAGTATACCGTGGGA-1,0.0,0.0,0.0
GGGATCCCAATACAAA-1,0.0,0.0,0.0
ATTACGACTCCACAGT-1,0.0,0.0,0.0
CTCACACGCAAGCCTA-1,0.0,0.0,0.0
CCAGATGTAAATGGGT-1,0.0,0.0,0.0
GAACTTGTGCACGGGA-1,0.0,0.0,0.0
AAGCCGCTTTACCTTG-1,0.0,0.0,0.0
TCCATTCCCACTAGAG-1,0.0,0.0,0.0
AGAGCGCTTGTAACGG-1,0.0,0.0,0.0
TGGGTTCCCGGACGGA-1,1.1464769,-0.50727415,-0.9406917
GCTGCGCCTCCCACGT-1,1.0777,-0.5095967,-0.88914716
CTGTTGGCTCTTCTGA-1,1.174997,-0.46239468,-1.0179756
TTGTTCTAGATACGCT-1,1.2521896,-0.63387376,-1.125458
CCCTCAAGCTCTTAGT-1,1.0121243,-0.49382815,-0.80331963
TGGTCTAGCTTACATG-1,1.1451648,-0.7230862,-0.94587976
ATGCACCTTCCTTAAT-1,0.6680408,-0.63796765,-0.43819064
GGGATACGGTAATAAT-1,0.9890597,-0.82152116,-0.5016833
AGTTCACCGGTTGGAC-1,0.7039822,-0.70874316,-0.24035296
GACATACTGTCGCAGA-1,0.9148498,-0.9811465,-0.11579601
TGGACACCGTTGCTTG-1,0.974146,-0.8861572,-0.28074896
TGCGATGCTAATGGCT-1,0.79509056,-0.8777714,0.0142181795
TTCTGTTTCCTGTCGC-1,0.7994239,-0.77723503,-0.0553722
CGTTGTAAACGTCAGG-1,0.4103289,-0.6567043,0.30979398
GATCGGCGATAAGTCG-1,0.37165105,-0.62077457,0.43402034
AGCCTTAAAGCGGAAG-1,-0.036034115,-0.42899162,0.75327134
TCCGTAACCACAATCC-1,0.07673237,-0.47395587,0.68887854
GAATGCCGAAATGACC-1,-0.025741374,-0.42419893,0.6881089
TATACTCATGCGGCAA-1,0.8065703,-0.6491824,0.082302794
TAGTGTCAGAAACGGC-1,1.1280777,-0.7358324,-0.50178283
CGTCATACCATATCCA-1,1.6225121,-0.72603995,-0.83429766
TAGTACCTTAGTGGTC-1,1.5371547,-0.6370631,-1.1531999
CTGGCGGGAATAAGTA-1,1.5825,-0.6330628,-0.963888
AGTGTGGTCTATTGTG-1,1.3723902,-0.51669616,-1.1920433
GCTATCGCGGCGCAAC-1,1.0278753,-0.6547049,-0.55090153
CAGTAATCCCTCCCAG-1,1.0190326,-0.7644486,-0.56910855
GTATTAAGGCGTCTAA-1,1.2098583,-0.7856262,-0.6367046
CTAATTTCAACAACAC-1,0.71054786,-0.78655815,0.020774081
TTAGCAACATGGATGT-1,0.87343585,-0.7106901,-0.2637537
ATGCTCAGTGTTGCAT-1,0.8538676,-0.6294313,-0.30536732
GATGTTTGTGCGAGAT-1,1.3259022,-0.64599824,-0.72541016
CACTTCGCCACAGGCT-1,1.7036681,-0.82932097,-0.9826462
CTGTATGGTGTAGAAA-1,1.6263245,-0.78728426,-0.9205028
TACGTGCACTATGCTG-1,1.5618194,-0.7921519,-0.83599347
GTATCAGCTTGGGTTC-1,1.4356762,-0.81583136,-0.7172771
TAACAAAGGGAGAAGC-1,1.1461003,-0.81887543,-0.41970524
TTACATCGTGGCCTGG-1,0.62627757,-0.5843854,-0.10392539
TCTGAACCGGTCGGCT-1,0.50081164,-0.6029829,0.10527361
GGCTCGTGCCACCAGC-1,0.09639656,-0.3606393,0.27840143
TATAAGTGAGGATAGC-1,0.093489334,-0.38286737,0.35381112
GCCCGCGCGTTTGACA-1,-0.05927612,-0.32826212,0.58229226
TGCTGGTTGGACAATT-1,0.19958825,-0.2624695,0.105696194
GCCTAGCGATCTGACC-1,-0.09768361,-0.19252184,0.44843087
CCATGCTCTGCAGGAA-1,0.41776913,-0.31862706,0.054771736
TATAAATCCACAAGCT-1,0.3076383,-0.39069968,0.3673365
CGCTCGACATAATGAT-1,0.7798618,-0.5409989,0.12249081
CCAATTGAATGTTAAT-1,0.7062507,-0.49243897,0.31700292
GCTAATACCGAATGCC-1,1.0239111,-0.74546593,0.20189235
TTCAACGACCCGACCG-1,0.65372705,-0.48192513,0.27294472
TTCCTCGAGGGTGTCT-1,0.43374124,-0.30886024,0.15888053
CAACGACCCGTTTACA-1,0.38605866,-0.26711613,0.15001786
CTTGTACTTGTTGACT-1,0.25361046,-0.17400941,0.08027934
TCTCTAATAGCTGGTA-1,0.0693245,-0.04550013,0.028630411
ATTATGCCATAGGGAG-1,0.04931642,-0.020305173,-0.041090634
GACAACGCAGCTTACG-1,0.0,0.0,0.0
AGATGACTCGCCCACG-1,0.0,0.0,0.0
GTGCGGGTCTCCAAAT-1,0.0,0.0,0.0
GTACGAGATTGCGACA-1,0.0,0.0,0.0
GTATAGGACTCAGTAG-1,0.0,0.0,0.0
TTGCACGGAGCAGCAC-1,0.0,0.0,0.0
CACAGCTAGGGAGTGA-1,0.0,0.0,0.0
ATACTAGCATGACCCT-1,0.0,0.0,0.0
CCAAGACTTCTGCGAA-1,0.0,0.0,0.0
ACATAATAAGGCGGTG-1,0.0,0.0,0.0
TAATACACAGTAGTAT-1,0.0,0.0,0.0
TCTTGGTAACACCAAA-1,0.12534784,-0.045584317,-0.03786816
AACTGGGTCCCGACGT-1,0.05785285,-0.021038918,-0.017477611
ATCACTTCATCCTCGC-1,0.15616363,-0.06860171,0.015134385
TGGAAGGATAAAGATG-1,0.067593485,-0.0227978,0.013884502
CATGATGCACAATTCT-1,0.14359276,-0.017404186,-0.06317898
TGCCTGATCAAACGAT-1,-0.021289105,0.111358024,-0.06449013
ATAGGGATATCCTTGA-1,0.134505,-0.024803312,-0.123024635
CACCTAATCAGTTTAC-1,0.049881574,0.052812453,-0.15424782
TGTGACTACGCCAGTC-1,0.13120684,-0.094167605,-0.10756535
CCCGACCATAGTCCGC-1,0.12230404,-0.13627283,-0.023283523
CGCGCCCGACTTAATA-1,0.60475695,-0.3303425,-0.4848497
TGCCACCTGGCGAAAC-1,0.0692137,-0.14395225,0.05772808
CTGCCAAGGTTGGAAG-1,0.296824,-0.1943083,-0.26986003
TCTCCAACGTAGGTTA-1,0.19409347,-0.14502092,-0.07953375
TTCTTGGAGTAATGAG-1,0.24947742,-0.3101679,-0.051184848
GTCTCGATCTGCTTTC-1,0.26573297,-0.21714287,-0.043001488
TACTCTCCGAACAAAT-1,0.40795094,-0.45327157,-0.03978918
ATCACATTAGAATATC-1,0.3032079,-0.14882861,-0.05203992
TACGGGATGCTAGCAG-1,0.06223914,-0.28418267,0.356871
AGCTGAAGTAAACCAA-1,-0.009141781,0.126479,-0.02369222
CATGGGTCGGGTGTGG-1,0.011640997,-0.24052963,0.32585534
CACCCACGAGGCAATT-1,-0.2963052,0.609123,-0.2428009
TGCCATTACTAAAGAA-1,-0.023696458,-0.28682476,0.39052185
CCGTTACGTTAGAACA-1,-0.15383203,0.275065,-0.034215868
GCCAGGAGTAACCGAT-1,0.44293612,-0.3880209,-0.04498915
GGAAAGTGCCCATGCC-1,-0.002212197,0.23455955,-0.09721819
TCTTACCGGAACTCGT-1,0.6660039,-0.5504636,-0.17182817
TATGTCAAGACCGACT-1,0.37227613,-0.281909,-0.02804086
CCTAACTAAGGCTCTA-1,0.6712297,-0.63587654,-0.08378118
GCGGTGAACTGCGCTC-1,0.68817264,-0.42419732,-0.18636464
CCTCGCGCGATATAGG-1,0.5519218,-0.5251599,0.13872342
ATCGGCAAGCAGTCCA-1,0.62637097,-0.3824904,-0.08055727
AGATCGTGCATAAGAT-1,0.48569882,-0.57082015,0.22471158
ATTCAGGACCTATTTC-1,0.44619736,-0.37724254,0.00054248294
AGCTAGAAGCAGAAGT-1,0.75768495,-0.6782683,-0.1298952
TTCGCTATCTGACGTG-1,0.49883774,-0.23370752,-0.29980192
TTCCGCAGAGAAATAT-1,1.0534731,-0.61001503,-0.58865863
CAGTACATTCTCTAAA-1,0.5833886,-0.25700018,-0.30107316
GTGAAGATTTCAAGTG-1,1.0077076,-0.4468657,-0.5204747
AACGCATGATCTGGGT-1,0.38989285,-0.14671862,-0.13676152
CCCAGAGGAGGGCGTA-1,0.87096685,-0.4020084,-0.507242
GGAAACCTTGTTGAAT-1,0.35909602,-0.17084566,-0.031718284
GTGAAGCCGTATAGTC-1,0.66629505,-0.36889625,-0.39137462
GAGCTGTCGTCTCGGA-1,0.30824414,-0.1377772,-0.12797752
TGTCATTTGTTGGGAA-1,0.7007059,-0.35076803,-0.50651145
ACCAACACCACACACT-1,0.37495366,-0.08792539,-0.3785952
AAATGATTCGATCAGC-1,0.7136915,-0.21353507,-0.6672398
CTGCTTTATGTCCGCG-1,0.2684883,-0.033987947,-0.2757489
GCGAGAGGCCATGTAA-1,0.24130118,-0.065325804,-0.22093229
ATTGACCGGCGATGAC-1,0.15622653,0.004113963,-0.18612552
ACCCTGGTAACGCCCT-1,0.06249062,0.0016455853,-0.07445021
GTTGGACCGCATCAGG-1,0.0,0.0,0.0
CGTTTACAAGGCAGCT-1,0.0,0.0,0.0
CGGTCCATGAGACTCC-1,0.0,0.0,0.0
GTTCGTCTGGGTCCCT-1,0.0,0.0,0.0
TGTACTACTCTCACGG-1,0.0,0.0,0.0
AGTGAAGATGGTGTCC-1,0.0,0.0,0.0
GAGGGCCATAATATTA-1,0.0,0.0,0.0
ACTCCCGTAGACTAGG-1,0.0,0.0,0.0
CGTCAAATGGTCGCAG-1,0.0,0.0,0.0
AAGTCTAGTAGCTGCC-1,0.0,0.0,0.0
AAGAAATCACCAGATT-1,0.0,0.0,0.0
GAGTGCACGGACAACA-1,0.0,0.0,0.0
GTTCAAATCAGATGTC-1,0.58552736,-0.39491278,-0.37055042
CATGGCTCCCTATGTC-1,0.40283605,-0.31975093,-0.19704701
GGCCACACGAAAGCCT-1,0.82159084,-0.53051233,-0.6035049
GAAGCCGGGTAAGCTC-1,0.70365816,-0.5081542,-0.5170475
TTGCGCTCTCTCGCTT-1,1.4418471,-0.72979957,-1.330375
TACATGACCTTATCCG-1,1.7228495,-0.74913436,-1.6359547
GTCCTTCTACAACCCA-1,1.7128967,-0.8959384,-1.40763
TATATGCTGGGTTGCC-1,1.654609,-0.90885884,-1.2489265
GTTTATGGGATTTAGA-1,1.3399073,-0.9973893,-0.5696955
GGAACCCGAACAAGAA-1,0.8607862,-0.8395281,-0.11783545
AACGTTATCAGCACCT-1,0.59499717,-0.88812727,0.3555044
CATCGTCCGGTTACTA-1,0.20474596,-0.7578466,0.6949985
AGACAGCTCAGAATCC-1,0.18621957,-0.6431396,0.5923517
GCAGATCCTCGCAAAT-1,-0.23577462,-0.49238172,1.0399916
GGGTCATGCGTACCAT-1,-0.33609197,-0.30766898,0.96900064
CTGGTCATTCCAATCC-1,-0.31110495,-0.40078864,1.0487047
TCAGGGCGCAAACTCG-1,-0.2641283,-0.38362595,0.980832
GATGCCAGCAGAAGGC-1,0.12957919,-0.67025864,0.6632151
GTTATTAACGTGGGAG-1,0.40079546,-0.62956357,0.30209118
AATACAATGTTTCAGG-1,0.5827368,-0.8371216,0.113946795
TTGCTGCACCTATCCA-1,1.0942694,-0.7742423,-0.7068409
CCAGAGACAAAGCCGG-1,0.8505306,-0.7488236,-0.55766964
CCGAAGTATATTGTTC-1,1.0817783,-0.62391204,-1.0814116
GCTAAACCTGAGGTGA-1,0.7238185,-0.67272484,-0.49153402
TCATACTTACAGATCC-1,0.76324505,-0.5740903,-0.5893968
CGAGCACTTCAAGTTT-1,0.5168163,-0.53405607,-0.24402192
TAGCAACCTGTCACAA-1,0.52662534,-0.65896845,0.008219928
TGGGAAATGCCTTTCC-1,0.3802536,-0.67995113,0.26186985
AGACCATGGGATACAA-1,0.600955,-0.7338258,0.109059915
TAAATGAATCCGTTTC-1,1.0191478,-0.80981135,-0.4249563
ACAACGGTCCCTGCGA-1,1.2521324,-0.88764286,-0.5043538
GTCACTCTCCAAATCT-1,1.6826261,-0.9675732,-1.0278728
TTCTACTTGCGAGGGC-1,1.4588526,-0.75563675,-0.9303691
CGCAATTACTTTCGGT-1,1.4987788,-0.83530647,-1.0099111
CTGTTCATCTCACGGG-1,1.2692394,-0.7931964,-0.7264803
TTCTTGTAACCTAATG-1,1.6820123,-0.9297565,-1.1929502
GCTTGATGATAATCAG-1,1.0762691,-0.77684903,-0.5947877
TTGGCTCGCATGAGAC-1,1.3354914,-0.6545877,-1.0994073
GCCCAGTTGGTATGCC-1,0.92318803,-0.49320927,-0.7145543
ATTCCTCCGCCAGTGC-1,1.272072,-0.46740168,-1.1828868
TCGTCCGCTGGCGTCT-1,0.8463669,-0.3629081,-0.70003986
GGAGAAGTCATTGGCA-1,1.3396206,-0.38789576,-1.2260962
TTGTTAGCAAATTCGA-1,0.810292,-0.37376428,-0.5703915
TCTAGCATCTTCGATG-1,1.2275459,-0.35545406,-0.9720819
TTCTAGGCCAATTGTG-1,0.98619866,-0.4891524,-0.34599113
TCACGGTCATCGCACA-1,1.0531052,-0.5101442,-0.41309515
ATGAAGCCAAGGAGCC-1,1.110186,-0.7077321,-0.08802746
AATGACTGTCAGCCGG-1,0.90998256,-0.81801885,-0.016619386
CCAAACAGAACCCTCG-1,0.7129332,-0.69858027,0.24470864
TATCGATGATTAAACG-1,0.62700313,-0.7456134,0.15912585
GAACACACATCAACCA-1,0.44243112,-0.48927608,0.19163936
CCCGTCAGCGTCTGAC-1,0.25603387,-0.3240446,0.06740674
AGCATCGTCGATAATT-1,0.1380986,-0.0915553,-0.001992776
GACTAAGATCATGCAC-1,0.2554128,-0.13005593,-0.09978825
TAGGGTGTTTCAAGAG-1,0.11277793,0.0112016415,-0.1356191
TGGTTCGTAGCAAAGG-1,0.3194482,-0.040838636,-0.18733846
CTGTTCACTGCCTGTG-1,0.07956889,-0.010538618,-0.045641992
ATGTGCATCCGACGCA-1,0.27505967,-0.077645734,-0.13671255
TTGTCGTTCAGTTACC-1,0.039784446,-0.005269309,-0.022820996
CGGGATCAATGTAAGA-1,0.114791915,-0.038889967,-0.11708297
TTATCTGTATCATAAC-1,0.0,0.0,0.0
ATCGACTCTTTCCGTT-1,0.04641519,-0.0061475257,-0.026624495
CTCATTTGATGGGCGG-1,0.039228,-0.005195608,-0.022501806
GTAAGCGGGCAGTCAG-1,0.17351556,-0.074215434,-0.071681
TCTATCGGTCGCAACA-1,0.14793555,-0.06839827,-0.016513139
AACGCGGTCTCCAGCC-1,0.38935626,-0.26533887,-0.09052987
ATTAATACTACGCGGG-1,0.2472516,-0.12777536,-0.04037908
CTTTAACTTTCAAAGG-1,0.5909429,-0.35605687,-0.1993189
CGTACCTGATAGGCCT-1,0.40166596,-0.24395196,-0.046802882
GAATGTTGGGTAATCT-1,0.580049,-0.42780164,-0.21410696
TGCGGAGTAAAGGTGC-1,0.3228229,-0.23501882,-0.10485711
CCTGAATATTTACATA-1,0.9010375,-0.693816,-0.43139607
TTGCTCCCATACCGGA-1,0.6538308,-0.54106545,-0.33236548
CCTCTAATCTGCCAAG-1,1.124718,-0.7648939,-0.69389755
AGGTTGAGGCACGCTT-1,0.75505066,-0.5002729,-0.5056911
TCCCGTCAGTCCCGCA-1,1.3029178,-0.703974,-0.99256706
TCCGATGACTGAGCTC-1,0.5595164,-0.34319645,-0.43012935
CAGCCTCCTGCAGAGG-1,0.76816165,-0.6430334,-0.369169
CTTAGCCTTCCACATG-1,0.44529113,-0.33079243,-0.370111
ATTAATGAACCAGTCG-1,1.0337474,-0.8612575,-0.47485304
ACGATACATAGAACTA-1,0.16291255,-0.40995798,0.17701282
AGCCACTCCCGTGCTT-1,0.80944425,-0.9239967,-0.0651144
ATACGGGTTTCGATTG-1,0.41435796,-0.72503304,0.25201708
CTGTCAAATGGCTCGG-1,0.46572772,-0.8746062,0.32598123
GCTCGGAATTTAAAGC-1,0.14758028,-0.55543494,0.4577854
TAGGCATGTTACGCCA-1,0.23676662,-0.6064193,0.39017624
TGGCAACTCGCGCGCC-1,0.4543911,-0.666286,0.2158678
ATCAGTAGGCAGGGAT-1,0.7236311,-0.7804623,0.055777453
TATCGATCTATGCATA-1,0.98029053,-0.82667285,-0.24706085
CGACTCAGGATGTTAT-1,1.1332409,-0.8671724,-0.49020696
GCCATATTGCACACAG-1,1.0758936,-0.8656529,-0.42432532
AATTCATAAGGGATCT-1,1.0492928,-0.78737277,-0.63428146
CGGTAGAGGTGCAGGT-1,0.880411,-0.70183045,-0.34184572
AATGATGATACGCTAT-1,0.8730823,-0.7699851,-0.47652686
CTTGTGCTCACCGATT-1,1.0437113,-0.84839416,-0.4249436
TTCCAATCAGAGCTAG-1,0.71775806,-0.74027395,-0.44261432
CGATGGACCCTACGCC-1,0.54684466,-0.68943495,0.093118235
GGTCGGATAAACGGCG-1,0.7390278,-0.7618174,-0.35893628
TTAGCTAATACGATCT-1,0.80699414,-0.8444138,-0.30680904
CTCGATATTTGCGAGC-1,1.2800294,-0.8339434,-1.0078546
ATTACTTACTGGGCAT-1,1.37235,-0.88449836,-0.8996934
CTAGCCGATGTTATGA-1,1.5727909,-0.8541426,-1.3063203
TACTGCAATCAATTAC-1,1.5524834,-0.7723426,-1.1214201
TAGTCTGTGACGTTGC-1,1.66397,-0.8503388,-1.2587522
CTCGTTTCTAATGTTT-1,1.3726323,-0.6499291,-0.9476324
TTCGTTCAACGAAGTT-1,1.3723408,-0.7294695,-0.9743515
CTGAATTTATTGCCAG-1,1.1892754,-0.60052896,-0.7914138
TGGAATATCCTTGACC-1,0.9150802,-0.7864115,-0.41210717
CAGATCATTTAAAGTC-1,0.98097056,-0.6139593,-0.6454973
CTCCTTTACGCAAGTC-1,0.986334,-0.8117198,-0.44751605
TCCCAAACAGACAACG-1,0.7810477,-0.5601208,-0.46092618
ATCGCTGCGTGCAGCA-1,0.8187328,-0.69249547,-0.33043703
TTAGTTCAAGTGTTCG-1,0.41896245,-0.23370282,-0.27806717
AAACTCGTGATATAAG-1,0.27451125,-0.283455,-0.0226802
TTAACGAACAAGCAGT-1,0.19285333,-0.07785384,-0.14524974
GTTATATCAGGAGCCA-1,-0.05304041,-0.11939218,0.24694344
CAAATTGGATTATGCC-1,-0.028893692,0.0015355941,0.04669301
CGAGGAGCTTCCATAT-1,-0.110766865,-0.07853206,0.33504453
GGAGACCAATGTGCTT-1,-0.017503869,0.0009302653,0.028286738
CATTGATGAACACGCC-1,0.014097879,-0.13185143,0.1933191
GTCAATGCTATAATTT-1,-0.016435308,0.0008734823,0.026559921
ACCACCCTCTCTTCTA-1,0.046678774,-0.12560706,0.08130835
TGGAGGGAAACACCTC-1,-0.013890372,0.0007382274,0.022447232
CACGGACGTGGATGGC-1,-0.015003316,0.0007973767,0.024245782
AACTTTCTCGATCATG-1,0.0,0.0,0.0
CGTATTGTTTCCTAAT-1,0.0,0.0,0.0
CCTACTGCGGCGGCCA-1,0.0,0.0,0.0
CTTAGGTCCCAATCGT-1,-0.017503869,0.0009302653,0.028286738
CGCAATCGATCATTAG-1,0.47339743,-0.17216355,-0.68973696
TGGTTATGCTTGCGGT-1,0.8198594,-0.45859858,-0.7475577
GGCTTGGCTCTCACCT-1,0.43503,-0.25054508,-0.37689352
ATTGGTAGGATCCGCT-1,0.99443,-0.5872497,-1.0142975
TCAGGGCGACTTCCTT-1,1.0733862,-0.60727566,-0.9434782
TCTGCAGATTCGAGTC-1,0.48965406,-0.58753645,-0.24783964
CTCTCGCTGTACTATG-1,1.2979321,-0.79219437,-1.0955325
AATAGTCGCGAGTCGG-1,0.2254178,-0.49404192,0.07816263
AGTTACCCTTAAGACT-1,0.78942585,-0.71649134,-0.47387218
CTTAAATAAGACCCAT-1,-0.032050963,-0.45153904,0.44830558
GGTTGTGCTCTTGTCC-1,0.16364421,-0.6542874,0.51291466
GTGAGTCTAAGACGGA-1,-0.079257734,-0.540458,0.7266264
CGCGACACTGCGCAGC-1,-0.059336558,-0.56121236,0.7840127
GCTCGCGGTTCCGCTC-1,0.014231551,-0.61794585,0.7257169
TTAACTCACGCGTGGA-1,-0.048250835,-0.6320654,0.8914761
GGAACGGCCTGCAGCC-1,0.42083466,-0.8538084,0.38726267
GTAGAAACGGGTGGAG-1,0.10292866,-0.6739888,0.7196382
TAATGAAAGACCCTTG-1,0.8194824,-0.9056906,-0.05056732
AGGCTTGCTAGACACC-1,0.7676773,-0.88276595,0.011750245
TTGCGTAGTTTGAGGA-1,1.0793742,-0.9310714,-0.31987968
CGCCCTTGAAGGCTGA-1,1.0284941,-0.99407053,-0.3423764
CCCGGTGGAAGAACCT-1,0.9042314,-0.95051587,-0.11536164
TTAACACCTCGAACAT-1,0.9399137,-0.8843306,-0.511425
GATTCCTATACGGCGC-1,0.8179878,-0.9330459,-0.18557459
TTACCCTAACAGTCCT-1,0.7125411,-0.77993345,-0.2796229
ACCCACCTACATGCTC-1,0.9615898,-0.75624025,-0.7476862
AAAGGGCAGCTTGAAT-1,0.8536684,-0.69630945,-0.6137817
CACACAGGGATAGATT-1,1.224038,-0.8026462,-1.0485877
AGAGCGTACAAGCTCG-1,1.0367123,-0.72842133,-0.75039554
TCTTACGGCATCCGAC-1,1.2842529,-0.7897786,-1.11752
GCCTATTCCGATATAG-1,1.3357346,-0.8629932,-0.8933116
GAAAGTGACTAACTGC-1,1.3662696,-0.97263116,-0.86889917
CCGGAATGGTTTCAGT-1,1.7247752,-0.993084,-1.1641487
AGTATAATACTAGGCA-1,1.1256521,-0.9158021,-0.5492832
TAACTATCGAAGGTCC-1,1.4148164,-0.885436,-0.89644384
ATGAGGAGTGTTAATC-1,1.3287324,-1.0004383,-0.6725296
TGTGTCGCGAGTTGCA-1,1.7507876,-0.9168171,-1.2763946
ATCCAACGCAGTCATA-1,1.5318187,-0.83710074,-1.0776953
AAGGCGCGTAAAGCTT-1,1.600158,-0.66062605,-1.366918
AGTCGGCCCAAACGAC-1,1.6759044,-0.713174,-1.3683711
AACGTCAGACTAGTGG-1,1.4858834,-0.52519596,-1.3060305
ACTACCAGCTCTCTGG-1,1.3189933,-0.5144609,-1.1140951
GCAAGTGCACAGAGAA-1,1.2773308,-0.4189985,-1.0870726
ACACCTTAAGTAGGGC-1,1.029488,-0.41234154,-0.9480001
TTCGACGGGAAGGGCG-1,0.9584414,-0.3466097,-0.7375811
TTCGCACTCGCGTGCT-1,1.0938293,-0.42670998,-1.0555488
TATTTGTTACCCTTTA-1,0.6638384,-0.4573965,-0.26907256
CGCTGTGACGCCGCAC-1,1.3508099,-0.767901,-1.0315247
GTTGCACGGAGTTTCG-1,0.9257945,-0.77527165,-0.32564265
GTTTCCTGGAGGGTGA-1,1.1537092,-0.8658348,-0.5847921
ACACCCAGCATGCAGC-1,0.51689047,-0.6310782,0.038993422
TCAACCATGTTCGGGC-1,0.80842716,-0.7283656,-0.20202386
TTACAACTACGCATCC-1,0.49888778,-0.33819437,-0.13978004
TCCGATGGTGCGACAT-1,0.73961115,-0.4704348,-0.21237141
GGGCGTACATTTATAT-1,0.612049,-0.22575788,-0.3309724
AGCGACCAACGATATT-1,1.1807332,-0.55589604,-0.51152563
ACACAAAGACGGGTGG-1,0.5667911,-0.18637633,-0.2926608
ATCGCACGCCGGGAGA-1,0.74101096,-0.39915937,-0.37383515
GCTCTAAACCCTGACG-1,0.49002323,-0.205098,-0.2302833
AATGCAACCGGGTACC-1,0.46948594,-0.37729388,-0.21076949
TCAAACAACCGCGTCG-1,0.10403821,-0.10676222,-0.076128885
TATGCTCCCTACTTAC-1,0.2776874,-0.27701905,-0.0019346367
AAAGGGATGTAGCAAG-1,0.28345367,-0.1463986,-0.1422593
ACGATCATACATAGAG-1,0.56635517,-0.29511583,-0.2745483
TTGTTCAGTGTGCTAC-1,0.70643437,-0.3566959,-0.26585275
ATGCATGATCCAGGAT-1,1.4273,-0.6504858,-1.005809
AGTCTTCTCCTCAAAT-1,0.9878479,-0.5671512,-0.49331823
GATTCCCTTGTCGCAG-1,1.7381815,-0.7978806,-1.2838643
CTCGCACCTATATAGT-1,1.1772355,-0.62988216,-0.7685823
ACTCAATAAAGGCACG-1,1.812843,-0.8567668,-1.4101087
AACCGAGCTTGGTCAT-1,1.4455557,-0.7776806,-1.0542893
TAAGGCAACATAAGAT-1,1.727108,-0.87971485,-1.2781
CACGCACAGCGCAGCT-1,1.0932559,-0.77673686,-0.6307626
GGTTTACAATCTCAAT-1,1.80887,-0.97464705,-1.2864803
TGCAGGATCGGCAAAG-1,1.4269987,-0.8557653,-0.939247
ATAACGGAGTCCAACG-1,1.528998,-0.82417053,-1.0852013
AACGATATGTCAACTG-1,1.5238717,-0.85850126,-1.0452371
GACAACGACCATTGAA-1,1.3833032,-0.9022882,-0.86134136
TTGACCATGTTCTCCG-1,1.4524769,-0.976158,-0.8728198
AGTACGGGCACCTGGC-1,1.1892422,-0.9338592,-0.5456268
CGCCATCCGATTATGA-1,1.2328027,-0.993637,-0.5632495
AAGGTATCCTAATATA-1,0.8276183,-0.90612566,-0.08449893
TGTTGTCAAGAAGTCT-1,0.866814,-0.9902185,-0.10605399
CAGTGAATAAATGACT-1,0.39659485,-0.7297745,0.28162792
CACCTTGCGAAACTCG-1,0.43391758,-0.8231647,0.35040182
CATTTAGCGGACCATG-1,0.021409944,-0.65896744,0.81538045
CCAGTCTAGACGGCGC-1,0.2667208,-0.7690222,0.59716195
TCGCTTTAAACGTTTG-1,-0.118144736,-0.47409266,0.80133593
GTGAAACGGCGCCACC-1,0.59377515,-0.7950207,0.13546659
GGGCTCATCGAACCCA-1,0.3403679,-0.8222688,0.465124
TTGATGTGTAGTCCCG-1,0.7175457,-0.9054276,-0.029139342
CAGTAGCCCACGCGGT-1,0.42387167,-0.8907635,0.37216747
AGCGCGGGTGCCAATG-1,0.86127365,-0.924232,-0.30820996
TAATCGATCCGTACGT-1,0.39278623,-0.74858135,0.23429404
AGTGGCGGCAATTTGA-1,0.9234707,-0.9516149,-0.44380635
CCTTTCAATGAAGAAA-1,0.46394745,-0.799503,0.08083722
CTCAGTCACGACAAAT-1,0.82575977,-0.8691577,-0.43824843
ATAGGCTAGCTTCGCA-1,0.3728075,-0.73601913,0.12041968
CGGTTCAAGTAGGTGT-1,0.83562696,-0.8311457,-0.65595245
CAGTCGAGGATGCAAT-1,0.5206938,-0.8000655,-0.019679882
TATCACCCAACCGACC-1,1.1942695,-0.8527628,-0.9849461
AATGATGCGACTCCTG-1,0.5160969,-0.7795625,0.03402077
TGGAACCACTGACACA-1,1.2284238,-0.894209,-0.791327
GCCAATAGGGCATCTC-1,0.7292327,-0.8839674,-0.040565364
TTCTTTGGTCGCGACG-1,1.1399528,-0.9111246,-0.5432193
ATTAGATTCCTCAGCA-1,0.6778637,-0.9543999,0.12407276
CCGTGGAACGATCCAA-1,0.88722813,-0.86508197,-0.25023505
GGGTCGTGGCAAGTGT-1,0.3721708,-0.7374655,0.31223547
TCGCTCGGCACCAGCG-1,0.61350876,-0.7583515,0.019014727
ACGCAATCACTACAGC-1,0.024527607,-0.5417735,0.63484895
CTCTAATGCATTGATC-1,0.4835099,-0.76161987,0.20298217
GTCTCGACTAAGTTTG-1,0.11826131,-0.69734037,0.70510924
TGGTTTAAACGTGGGT-1,0.34481955,-0.70978343,0.36300635
CGCAGATCTTCACCCG-1,0.14491001,-0.8003531,0.8070331
TCCAGATGTACGCCAA-1,0.1284616,-0.5354139,0.5012995
CATTGCGGGTCAATTC-1,0.18948506,-0.6564338,0.60673314
GACGTTCGTAAATACA-1,-0.012555859,-0.30594322,0.5051865
TACACCGTCGTTAGTC-1,0.7545992,-0.8283785,0.21374416
ACGGGCGTATGCGACA-1,0.1956882,-0.37998506,0.3162528
GAAGGCTACCATTGTT-1,0.61262786,-0.7543642,0.21297456
TAAATCTTTACACCTC-1,0.22567455,-0.35075772,0.13940232
AGTTTATGTAAAGACA-1,0.6022658,-0.7242218,-0.04141041
AGGAGACATCCACAGT-1,0.32475063,-0.39006764,-0.013456309
CAACCTGAACCTGCCA-1,0.30391803,-0.49302912,0.16205665
AGTCCCTCGCAGAAAG-1,-0.03256198,-0.07722239,0.14826705
TGTATACGGATGATGA-1,-0.12376217,-0.096288465,0.33859602
TTGTGGTATAGGTATG-1,-0.071617775,0.003806223,0.115736336
TCTGCACCATTAGTAA-1,-0.15197092,0.00807671,0.24558927
AAATGTATCTTATCCC-1,1.129655,-0.63378686,-1.1040477
ACTCTAAACCTGGGAT-1,1.3012693,-0.73664504,-1.2602952
GCTGGCAGGTGCCGTG-1,0.8806118,-0.59247345,-0.7807039
CTCATTCGTGAACATC-1,1.1019598,-0.87084985,-0.8385967
TCGCCGGATGGGCAAG-1,0.31092888,-0.5541759,0.016874338
GGACTAAGTCAGGAGT-1,0.49513763,-0.6953361,-0.015543721
TATCAAAGGTCTGTAA-1,-0.008593192,-0.497394,0.5179157
TTCAGTTTGTGGCAGC-1,0.20023717,-0.65314865,0.49591905
TGTTCATAAATGTGCT-1,-0.17916581,-0.40169302,0.6704844
CTTAGCCCGGATAGTG-1,0.26662838,-0.7755932,0.53942025
GATGCGAATGGTATTA-1,-0.19721328,-0.4525753,0.9047892
TCTAACTGTATGTAAA-1,0.19125843,-0.8357497,0.7468072
TTAAACCTGGTTCCTT-1,0.042423554,-0.72576696,0.81717235
GCTAAGTAAAGGCGAT-1,0.14013346,-0.7250772,0.62742066
AGTTACCGCACATGGT-1,0.4229643,-0.88888985,0.35456088
GACTGCGGCACGTGTA-1,0.5576352,-0.8345249,0.052445095
TGGTGATCGTATTTGT-1,0.8247101,-0.9032014,-0.18788262
TTATCGCCTGCGAAGC-1,0.9404033,-0.8191384,-0.48781434
TGGAATTAGACGCTTT-1,1.0386833,-0.8513178,-0.3539868
TCGTCACACTGTTAGC-1,0.9758712,-0.69251907,-0.51214814
TTATGTTTGCGATAGA-1,0.9848308,-0.7749691,-0.34215167
GGTGCTGATCACAAAG-1,0.74511266,-0.6497695,-0.24629827
CATAGCCGCCCGGGAT-1,0.69816387,-0.8321962,0.03256525
GGTTAGTTACGGCGCC-1,0.5652068,-0.7861142,0.16075987
ATTCCCACATAAACAA-1,0.6849523,-0.85174537,-0.011744662
ATTCAGTAGCAGGGTC-1,0.6083823,-0.7953716,0.08516332
CAGTTCCGCGGGTCGA-1,0.90618485,-0.9027688,-0.3870231
AAGAGATGAATCGGTA-1,0.5717352,-0.8356934,0.095303215
CGCAATTCTACAATAA-1,1.1172515,-0.8141431,-0.8369192
TAACGCTTTGAGAGCG-1,0.62170774,-0.86554545,0.085748106
AGGCTATGGTTAGCTT-1,1.1870326,-0.85276395,-0.80664766
GAGGAATGGAGAGGTT-1,0.41365206,-0.5892644,0.11283975
TCCTCTACGAGATGGC-1,0.68599004,-0.844373,-0.024876595
TTGATTATGCAGATGA-1,0.4090533,-0.8302393,0.40663695
TCAGTACTGACCCGCG-1,0.4966402,-0.84662503,0.27610067
TTATGACAAACTGGAT-1,0.43742552,-0.86090523,0.43277654
GTAAGTAGGGTATACC-1,1.2835976,-0.9603113,-0.63607687
CGCAAACACGAGTTAC-1,0.81806475,-0.9129131,-0.060987566
TGGCCGTATATTGACC-1,1.4544945,-0.9064738,-0.91828203
ACTGTAGCACTTTGGA-1,1.2514082,-0.90589094,-0.6591775
GCTCTATGTTACGTGC-1,1.4286388,-0.8203234,-1.0094098
TGCGCGATTAACGGAG-1,1.4614507,-0.79105455,-1.0837846
GAATCGACATGGTCAC-1,1.3055735,-0.59396756,-1.2536042
GACTAAGTAGGCTCAC-1,1.2488867,-0.6135861,-1.4176692
ATCTTGACCTGCAACG-1,1.131531,-0.4203739,-1.2380669
ATGCACTACCGCATTG-1,1.4581815,-0.7978332,-1.5272193
CAGATACTAACATAGT-1,1.3195701,-0.6141401,-1.2830869
GATCGACACTATCTGA-1,0.9902444,-0.8104543,-0.63079125
ATAGAGTACTGGGACA-1,1.235988,-0.7426999,-0.92337644
CCTACTGCTTACACTT-1,0.502936,-0.6276012,0.014593116
CCTGCTATTTGAGAAG-1,1.0597715,-0.8570779,-0.48193675
CGCGTTCATGAAATAC-1,0.19581814,-0.5483503,0.4982696
CATTATGCTTGTTGTG-1,0.39843673,-0.52679706,0.11791826
CCAGGGACGTGGCCTC-1,0.33526605,-0.56513107,0.39683852
TATGGATGTGCTACGC-1,1.0839309,-0.8018752,-0.25834924
GTACTAAGATTTGGAG-1,0.97263265,-0.8973399,-0.008755086
AGACCCGCCCTCCTCG-1,1.2412906,-0.8020795,-0.49130425
CGCATTAGCTAATAGG-1,0.94022214,-0.9205745,0.006584764
GCTCTCGGGTACCGAA-1,1.0037565,-0.74943274,-0.27926755
CACCGCCAGAAGGTTT-1,0.7009018,-0.8471187,0.09505493
TCCCAAAGACGAAGGA-1,0.44014367,-0.50687826,-0.016061349
ATGGATTGACCAAACG-1,0.5886478,-0.8031081,0.2567118
GTCATGGACATGACTA-1,0.6360603,-0.45108315,-0.25198308
CTACTGCCACCTGACC-1,1.0730869,-0.693397,-0.59717244
TTATATTTGGCAATCC-1,1.5157796,-0.71316475,-0.9502448
AGCACCAGTACTCACG-1,1.6218988,-0.7843305,-1.3616781
CATGGTCTAGATACCG-1,1.9244808,-0.8586657,-1.5120629
TCTACCGTCCACAAGC-1,1.6093283,-0.94768584,-1.1456214
CTAGTTGGGCCCGGTA-1,1.80253,-0.832799,-1.4567025
TCCCGCGTACTCCTGG-1,1.0508344,-0.9105107,-0.43674237
CAGAGCATGAGCTTGC-1,1.8318081,-0.95969063,-1.3301475
ACACGGGAACTTAGGG-1,1.265927,-0.9856957,-0.6118611
GGCTCTGCTCCAACGC-1,1.6165787,-0.9310551,-1.1049387
AGAACGTGGTACATTC-1,1.1234875,-0.9174076,-0.5641411
CAATAAACCTTGGCCC-1,1.1474521,-0.7428962,-0.76757383
ACTTCGCCATACGCAC-1,0.94786495,-0.8517418,-0.49339372
ATCTGGTTAAGACTGT-1,0.87191206,-0.6330669,-0.5547651
TCGTAAGACGACATTG-1,0.29687485,-0.5879775,-0.06276931
GTGTACCTTGGCTACG-1,0.46800965,-0.6226245,-0.066205814
GCCCGTAATACCTTCT-1,0.05233098,-0.5561004,0.39641133
CGGTCAAGTGGGAACC-1,0.37348115,-0.72903883,0.26356956
TTGTAAGGCCAGTTGG-1,0.022824889,-0.69447774,0.7713447
GGAGCACCAAGAACTA-1,0.24025634,-0.75019586,0.5977715
TAATAGTGACGACCAG-1,-0.14872435,-0.5324955,0.93506557
CTAAATCCTATTCCGG-1,-0.3108849,-0.36380637,0.99995273
CGAGTTCTGTCCCACC-1,-0.43913352,-0.25052965,1.067932
AGGCAGATGCGTAAAC-1,-0.37837172,-0.27867642,1.0010253
AAGGATGAGGGACCTC-1,-0.6119121,0.03252096,0.9888669
AGAGAACCGTCTAGGA-1,-0.41395146,-0.13211529,0.8577332
GAGGGCGCAGCTCTGC-1,-0.53087264,-0.10203727,1.01745
AAGATTGGCGGAACGT-1,-0.19464168,-0.4645459,0.8998363
CCAGTAGTCTGATCCA-1,-0.41431928,-0.19691588,0.94424534
AAGGGACAGATTCTGT-1,-0.073306784,-0.59002846,0.8589024
ATAGAGTTATCAACTT-1,-0.4571929,-0.17779435,1.0002419
AAATTACCTATCGATG-1,-0.16435866,-0.3972026,0.7799206
GATCCTAAATCGGGAC-1,-0.5367515,-0.09531807,1.0264453
TTACAGACCTAAATGA-1,-0.31338128,-0.24923621,0.7968706
CCTCACCTTAGCATCG-1,-0.58719695,0.03120739,0.94892675
CATGCGACCAGTTTAA-1,-0.1338687,-0.45388165,0.6932314
AACATATCAACTGGTG-1,-0.47874546,-0.1440938,0.9954584
CTATAAGAGCCAATCG-1,-0.016921882,-0.52878886,0.60957545
AATATCGAGGGTTCTC-1,-0.396134,-0.2807952,1.0350478
GTACTCCTGGGTATGC-1,-0.065216795,-0.53846055,0.7578595
ATAAGTAGGATTCAGA-1,-0.325735,-0.33455113,0.9750381
AGGTCGCGGAGTTACT-1,0.15262143,-0.69348586,0.6369232
CTAATTCTCAGATATT-1,-0.02100074,-0.5734483,0.7578363
GCCAACCATTTCCGGA-1,0.44297266,-0.8715075,0.37148365
TGATCCCAGCATTAGT-1,0.3424842,-0.8633592,0.5037426
CGTTGTAAGATTGATT-1,0.44417933,-0.91004497,0.38263583
GAAACCATGGTGCGCT-1,0.3236075,-0.7389591,0.37029037
AATCTATGCCGGAGCC-1,-0.06535319,-0.4637817,0.68987966
GACTCCCAGAATAAGG-1,0.07975507,-0.60868263,0.6250192
TATGATCCGGCACGCC-1,-0.073659785,-0.5174518,0.77571255
CCGCTTGCTGACATGG-1,0.121876486,-0.60024285,0.5901891
TGGTTAAGGGCGCTGG-1,0.5569409,-0.93520087,0.43137586
TTGATAGTCAATACAT-1,0.5115528,-0.87238723,0.4251002
GGTTTAATTGAGCAGG-1,0.76797223,-0.8863565,0.15169008
CATTACATAGATTGTG-1,0.838141,-0.9602202,0.12287643
GGTACACCAGATTTAT-1,0.85449284,-0.9672998,0.14050995
GGCCCGTATACCATGC-1,0.6870344,-0.9998575,0.24772914
ATCTTTCGTATAACCA-1,0.9043496,-1.0076865,-0.028850822
GAGATGACAATCCTTA-1,0.54198855,-0.9723362,0.3457761
AAAGCTTGCCTACATA-1,0.61474687,-0.84919757,0.10108408
GAACGATAAGTTAAAG-1,0.10260552,-0.5699011,0.5616962
TAATAGCTAAATGATG-1,-0.17449528,-0.22045389,0.58728206
TATGGCTAGGCTAATT-1,-0.5362588,-0.062789045,0.9860359
AGGAGAGTCTGGCTAC-1,-0.46316835,0.02461582,0.74849313
TGCTCTGCCGGTTCAC-1,-0.49102592,0.02609633,0.7935116
CCAATAGATTTCATCT-1,1.3594294,-0.82943827,-1.2157584
GGGCACGAATTGGCCG-1,1.2685753,-0.79049975,-1.0714476
TCGTTGACAGGGTCCC-1,1.3892491,-0.79716724,-1.3591108
ATCGTATTCCGAGAAC-1,1.3381792,-0.91296124,-0.94280636
GGGAATTCTGTCCAGT-1,1.1547471,-0.8982816,-0.76987123
ACGCGTTTCTTAAGAG-1,1.3452426,-0.86237067,-0.95123374
GAGAGCGCAGTCCCTG-1,1.027439,-0.9750924,-0.35776246
GTCCTATTGTTGTGGT-1,1.3349894,-1.0197964,-0.66358155
CATCTGCAGGATCATT-1,0.9868379,-0.9573651,-0.27837095
GAGTCGACAGACCCTC-1,1.0356199,-1.0324334,-0.26238233
AAGTGCAAAGGTAGAC-1,0.593273,-0.9338851,0.22668438
AGGGTGGATAGTGCAT-1,0.34406444,-0.802477,0.481861
TGATAGCGGGATTCTA-1,0.14988646,-0.7452015,0.6699818
GTCAGTTTGGTAGTCG-1,-0.08528931,-0.58084226,0.87451273
GCATTCGAAATGAACA-1,-0.2516034,-0.2799385,0.7747453
AAAGACTGGGCGCTTT-1,-0.039941836,-0.5730136,0.7525823
TAACAATATTTGTTGC-1,0.32819554,-0.585023,0.13249935
CCAGCTTCCGCCCGCA-1,0.22292209,-0.7163582,0.499802
GATATGGATTACGCGG-1,0.6503971,-0.79520184,-0.019548528
AGAGCAGTTATGAGAC-1,0.30175182,-0.5958801,0.3060351
TCACATCTTATCTGAT-1,0.69214547,-0.77723074,-0.052961636
TATGAAGACAGGTGCG-1,0.16903526,-0.57368696,0.5195059
TACCTGCTGCACTGTG-1,0.606545,-0.7704853,0.091730505
TAGGTCCAAGTAAGGA-1,-0.030886075,-0.4421492,0.66585666
GAAACTCGTGCGATGC-1,0.26272097,-0.67772466,0.5060127
AACAATTACTCTACGC-1,-0.21078156,-0.33129576,0.80177724
CCGCACGTGACCTCGG-1,0.30401406,-0.7909719,0.52577895
AACTTGCCCGTATGCA-1,-0.19724028,-0.4495251,0.9083531
GGGTATGTATGCACTT-1,0.14929558,-0.8246443,0.78214383
TTCGTACTCCAGAACG-1,0.021558104,-0.6740251,0.8235632
GAATTTCTCGCTGCAG-1,0.03516371,-0.574465,0.65133065
AACAGGATGGGCCGCG-1,-0.2731463,-0.32078186,0.8692969
GACGTGTAGGGATTAT-1,0.04562537,-0.36766866,0.44863513
TAGGTGAGCCCTACTC-1,-0.42778304,-0.18040821,0.95530504
CTAATTCGCACGCGCT-1,-0.23735765,-0.42122245,0.938545
GAAGCTTGCTGACCGC-1,-0.40256083,-0.18662274,0.9226822
GGTTAGGCTTGGAGAA-1,0.18314596,-0.71628505,0.6267443
ACAAGGACAAGAGGTT-1,-0.32801595,-0.29398888,0.9245174
AGGCCACCCGTTATGA-1,0.6069333,-0.80324584,0.11688594
GTGGGCTTAGACACAC-1,0.34465173,-0.6069211,0.25728017
CGTGTCCCATTCGCGA-1,0.9064077,-0.8015072,-0.33381772
TGGAGTGATGCGATGA-1,1.0422673,-0.8710668,-0.38587412
AACAACTGGTAGTTGC-1,1.4070444,-0.796379,-1.0706518
CCTGGCTAGACCCGCC-1,1.2549053,-0.91319287,-0.74149257
CGCAATTAGGGTAATA-1,1.7171469,-0.85149884,-1.6638889
TCGAAATTTAGGACCA-1,0.86621547,-0.7285015,-0.36591548
AGACTAGCCTTCCAGA-1,1.0684202,-0.8566163,-0.75598
TTGATCTAACTTTGTC-1,0.07744233,-0.49921772,0.5459415
AAGGAGCGGTTGGTGC-1,0.06455101,-0.5305799,0.5638073
ACTTGGGACCCGGTGG-1,-0.35884708,-0.2995748,0.9937902
TGATCTCCGGCGCCAG-1,0.03068552,-0.51141787,0.6876964
CAGTTCAAATTGACAC-1,-0.2838688,-0.31433222,0.96365047
GTCCGGCTGAATTGCG-1,0.0023124823,-0.54823977,0.85337013
CTGGAAATGGATGCTT-1,0.46270788,-0.8041614,0.39656425
TGATCGGTTTGACCCT-1,0.3184831,-0.6628947,0.5661192
TAGAGTCTAAGCGAAC-1,0.422018,-0.77528906,0.37941962
GAGACTGATGGGTAGA-1,0.78275424,-0.96342826,0.14174747
TAGCTAAGTCCGGGAG-1,0.08863046,-0.68932766,0.74214107
GGGCGATATGTGTGAA-1,0.3535101,-0.7900243,0.56131595
CTCGAGGTCGAACAGT-1,0.1785117,-0.71742105,0.60945743
GATCCCTTTATACTGC-1,0.21222787,-0.7378879,0.65374285
GTCATGCACCTCCGTT-1,0.031851918,-0.5822467,0.6901599
ACTTTCCTATAGCTTC-1,0.7148844,-0.88298106,0.08769715
TCGCTCGATATATTCC-1,0.4566293,-0.83329326,0.31993347
ATAGGTTGGGCAGATG-1,1.0547487,-0.9312402,-0.37634385
CAATTAAGGGTGATGA-1,0.5427274,-0.805027,0.12115652
ACCGACTGAGTCCCAC-1,1.0848049,-0.9431188,-0.5114581
CCTGTCACCCGGGCTC-1,0.21148771,-0.71397424,0.5363835
GATCGGTGGCCATAAC-1,0.712503,-0.90319186,-0.004553624
CCTATGGGTTACCGTC-1,0.0126037635,-0.5770424,0.68251544
TTGGGACACTGCCCGC-1,0.5383629,-0.86885965,0.25898656
CGAGGCTAAATATGGC-1,-0.041006967,-0.57002306,0.7551855
TCAGGGTGTAACGTAA-1,0.53086555,-0.84583765,0.2185286
CGAGAGATGTGAACCT-1,0.17444184,-0.715236,0.56550974
TCGCTGGGCGGATTGT-1,0.6785031,-0.85962003,-0.10983504
AGATCTCAGGTGTGAT-1,0.25394252,-0.7636455,0.44789836
TGGCCAAACTGAAGTA-1,0.5212996,-0.8890852,0.044541486
GCTTCCGTCCCTAGAC-1,0.36311525,-0.86272573,0.37927416
CAGCAGCCCGTTCCTT-1,0.5279896,-0.9019992,0.08367232
TGTATAACAGATCCTG-1,0.20884603,-0.7044908,0.47864425
CGCGGGAATTAGGCAG-1,0.19154842,-0.7189793,0.52244186
TGCATGTGGTAATCTA-1,-0.100469835,-0.53641915,0.85865533
ACAATTTGAGCAGTGG-1,0.046788573,-0.6962495,0.8072973
GAGCTAAGGGCATATC-1,-0.37369233,-0.33225575,1.0645429
CCAGATAGTTGAGTGA-1,-0.30125695,-0.3643182,0.98439384
CCACAATGTACGTCTT-1,-0.5169352,-0.14206418,1.0571742
CAATGGATCTCTACCA-1,-0.6071397,0.032267295,0.9811548
TGTGGCAAAGCGTATG-1,-0.6527128,0.03468936,1.0548022
TAAAGCGTTAGGAGAA-1,-0.65168244,0.034634627,1.0531371
TCCGTTTAGCCTTGAA-1,-0.6587028,0.035007764,1.0644823
CAGCTCGACAAGTTAA-1,-0.6572479,0.034930408,1.062131
GCCTATAGTGTCAGGG-1,-0.6233346,0.033128068,1.0073261
ATAGACAACGGGACCT-1,-0.57913077,0.030778747,0.93589145
CTACTATCTTTCAGAG-1,-0.6306162,0.03351498,1.0190934
GCGCTGCTTTGCATTT-1,-0.6375914,0.033885654,1.0303655
GCGCATCCAGTCAGCA-1,-0.67865014,0.03606776,1.0967176
GACTCGCGGGAATGAC-1,-0.6365145,0.033828452,1.0286252
CTGGTAACGAGCTCTT-1,-0.55469185,-0.04876815,0.9987632
TCCGGCCTAGCGTACA-1,-0.48655263,-0.13063757,0.99101406
TCTAGGTGGCGACGCT-1,-0.4019861,-0.2973877,1.0666183
ACGCTAGTGATACACT-1,-0.41732997,-0.26759478,1.0535058
ATCTGCACCTCTGCGA-1,-0.20269248,-0.5494581,1.0604615
CCTCACCTGAGGGAGC-1,-0.39642826,-0.28077963,1.0355233
AGTGAGCCTCGCCGCC-1,-0.33044496,-0.3215129,0.97759277
ACGAGTACGGATGCCC-1,-0.38604334,-0.29294035,1.033928
GGTACCATTAAGACGG-1,-0.4626477,-0.15121885,0.97764564
TTCTGCTAGACTCCAA-1,-0.07400813,-0.5086765,0.77818054
TAACTATTACGCCAAA-1,-0.23641483,-0.38603792,0.8906165
GCATTCAAGGCAACGC-1,0.37106708,-0.7968087,0.36902946
AGTACATCATTTATCA-1,0.084218614,-0.69623995,0.736389
GTCGTGTCTGGTCATC-1,0.13992849,-0.6452798,0.5671001
AGTCTAAAGTATACTC-1,-0.08998124,-0.5394774,0.83380526
CGGCCCAACCTGTAGT-1,-0.080543734,-0.5440474,0.8221071
AGGGAGACATACTTCG-1,-0.3263662,-0.34487277,1.0012778
TCCCTAGATCAATAGG-1,0.14359286,-0.68964726,0.697577
TCCCGTCGCGTCATAG-1,-0.25406837,-0.42301652,0.9986711
CGCATCCATCAGCCAG-1,0.29144558,-0.7214021,0.5365165
CTGCACCTAGTCCACA-1,0.14922246,-0.64192706,0.5999636
CGAGGATCGGGAACGA-1,0.4432574,-0.9215705,0.5000829
CAATGAGGTTCGACTA-1,0.29861078,-0.85263634,0.6003812
TCTGACGGGCTAACCC-1,0.57150364,-0.9445928,0.26691908
TTCTATGCCTTTCGCA-1,0.26149195,-0.7560496,0.5158077
AGAGTATAGTGTTACG-1,0.18238436,-0.7604754,0.6477047
CCATTGTTTCCTCCAT-1,-0.16585366,-0.4655285,0.8661404
CTCATCACTTAGTGAT-1,-0.43132362,-0.20077431,0.9758532
CCGAAGGGCGTACCGC-1,-0.5817979,-0.054795947,1.0523376
TCAAGCTGCCTTGAAA-1,-0.6391809,0.033970214,1.0329342
CTCATTAACGTTGCCC-1,-0.5910159,0.031410363,0.95509815
GTCTTCCTCACCTAAG-1,1.0477961,-0.8561086,-0.61115575
GGTGATGAAGGAAGTG-1,0.4373912,-0.8753297,0.4176071
TCAATACAATTGCTGC-1,1.0946782,-0.93072295,-0.5593884
GCAACCCAAGTTGTTT-1,0.6755779,-0.9215279,0.13104667
ATGAAGTGGACCCAGC-1,1.1838936,-0.9560163,-0.5772313
GAGAATCTCACGATCA-1,0.8292384,-0.95953935,-0.040834457
TATATCATTGATCAGT-1,1.3203166,-0.93214476,-0.72925156
AACTTTACGGGAGCTT-1,0.93821007,-1.0093033,-0.15572852
TTCTTGTGTCCATCAG-1,1.1073512,-1.0084084,-0.37130663
ACAATTTAGGAGGCTC-1,0.7154549,-0.9634655,0.08130429
ATACTTGTTCTCGAGC-1,0.5585901,-0.8905563,0.24823819
CACGGGATTGAGGGTT-1,0.29422525,-0.93887436,0.66965586
GTTAATGTCTATCTTA-1,0.19659054,-0.8294943,0.6920797
GCGTTATATTTGGAAC-1,0.2735313,-0.86951053,0.61803895
CGTCAAGGCTATAAAT-1,0.13066092,-0.6482435,0.5815411
TTAGCTCTGTAATCCG-1,0.43087423,-1.0445375,0.5560146
AATGGTCCACCGTTCA-1,0.06675457,-0.6101948,0.64721674
GTCATTGCATTGACCC-1,0.33395234,-0.99459916,0.6646637
TGTCCGTGGCGCCTTT-1,0.023363966,-0.53510565,0.630819
TCAACTAACGTATAAC-1,-0.13349405,-0.44378042,0.7797138
TCCTCTCCAGTTGTCC-1,-0.13460377,-0.25656047,0.5902016
TGTGTTCGTATCCAAG-1,-0.46026784,-0.14940299,0.971259
CCGCGTAGGTAAGGGC-1,-0.29759088,-0.18124501,0.7504192
CTGCGGGTGAAATGTT-1,-0.41240475,-0.18714647,0.9265549
TATCTACAGAGGTAAT-1,-0.4573702,-0.0682767,0.8602437
CTACTCTAGGCCCGGC-1,-0.44335958,-0.19757529,0.9923743
ACAAGCAGTGCCTAGC-1,-0.44485658,-0.21104205,1.0244648
TACAAGTCTCGTGCAT-1,-0.50354844,-0.0732407,0.94457364
TCGGAATGCGCTCTGA-1,-0.36721277,-0.2549083,0.94757974
TCGCGTCCAGAAGGTC-1,-0.40607718,-0.27462536,1.0422813
TATGGCCCGGCCTCGC-1,-0.33288625,-0.23327999,0.8644981
GCTGGCATATTCACCT-1,-0.3280349,-0.36076066,1.0622845
GTCAGAATAGTCTATG-1,-0.300825,-0.29344615,0.9192986
GGCGTCCTATCCGCTG-1,-0.10628946,-0.49221092,0.9114116
CGGAGTTTGAGAGACA-1,-0.5782693,0.030733,0.9344992
AGCACTTAAGGACGCC-1,-0.23663789,-0.36364076,0.97585994
TCCACAATGGTTTACG-1,-0.48209476,-0.10681343,0.98727363
CCAACGATGCACTGAT-1,-0.36121857,-0.24998295,0.98001415
ATTTACAGTTTACTGG-1,-0.36443454,-0.25818557,0.94279355
CCCTGAAATGAGTTGA-1,-0.32391557,-0.32189554,0.94246304
CAAACGGTCGCACTTT-1,-0.08205345,-0.4442131,0.70866203
TGATTCGTCTATCACT-1,-0.23408486,-0.44924143,0.954658
TCAGGTTCTTTGAGAA-1,0.12743366,-0.47020477,0.47932383
CACGCAGCGAGGCTTT-1,-0.4954532,-0.114355914,0.9729944
TTAAGCGCCTGACCCA-1,-0.42270914,-0.13164991,0.8718858
CTTACACGGTATTCCA-1,-0.6835473,0.036328144,1.1046315
AAGGCTGTGCTCATCG-1,-0.5422181,-0.074695446,1.0116565
GACCAGAGCCCTGTAG-1,-0.6029861,-0.046201423,1.0768081
TCCCAGGCTTAGCTAA-1,-0.53524,-0.07506628,1.0003797
ATTGAAGATCTTAGTG-1,-0.45590875,-0.22355555,1.0609193
AGTTCCTACAGAATTA-1,-0.22661802,-0.3202171,0.8081087
GGGCTGGTTAGTCGCG-1,-0.06767413,-0.54284877,0.8172906
GAAATGGCGGTGTTAG-1,0.1951316,-0.67232573,0.56938344
TACGAACACGACTTCA-1,0.3731569,-0.844231,0.448691
ACCACAAGTTTCTATC-1,0.6363553,-1.0148225,0.27060384
ATATTTAACCCTCAAG-1,0.29844248,-0.9190138,0.64690423
GATCATTCCAAACATT-1,0.5387469,-0.95508194,0.3117557
TCCAGGCGAGTACGGT-1,0.17560612,-0.68190986,0.55990094
GTTTGACCAAATCCTA-1,0.36150593,-0.8377212,0.44752187
CACAGCACCCACGGCA-1,0.17972077,-0.8259114,0.75474566
TGCAAGAATGACGTAA-1,0.18997894,-0.73414385,0.6077083
GCGAAGCCATACCCGT-1,0.26251477,-0.856124,0.63701206
TCCTTTCTTACGCTTA-1,0.41801238,-0.92648035,0.4480769
GCTGCTCTCCGGACAC-1,0.06588817,-0.67196196,0.7132516
ACTGTCTTCTTTAGAA-1,0.14739525,-0.7834895,0.70997196
TCAAACTTAGATTGTT-1,-0.17859551,-0.45739818,0.87348855
CTATGTCACTAGCCCA-1,-0.10686316,-0.5595244,0.8762621
TGCGCAAAGCATTTGG-1,-0.20432833,-0.44565037,0.88812304
TTAATGTAGACCAGGT-1,-0.2804749,-0.2629469,0.7528483
GGCGGTAGGATCATTG-1,-0.43391788,-0.18196806,0.87980306
GGCAATAGTCAATGAG-1,-0.40747985,-0.22274213,0.9130134
ACACGAGACTCCTTCT-1,-0.45871007,-0.062204204,0.7109874
GACACAAGGGAAGAAA-1,-0.2447138,-0.388011,0.8519749
TCAGCAAATGCATCTC-1,-0.3832415,-0.2554107,0.9147722
GAGATCTGTCACTCCG-1,-0.051349975,-0.6023448,0.8269424
ATGCCGGTCTTGCATA-1,-0.2865512,-0.39574394,0.9298026
TTGGGCGGCGGTTGCC-1,-0.13761601,-0.5306194,0.9114649
TTGTTGTGTGTCAAGA-1,-0.38314468,-0.34571356,1.0156817
ACTGTACGATACACAT-1,-0.095587075,-0.5459494,0.8561297
TCCACTTTATCTAGGT-1,-0.48752874,-0.19441296,1.0348918
GGTCTGAGAATCTGGA-1,-0.23928912,-0.39986727,0.9208138
TAGAAAGGTGGCGCTA-1,-0.5389125,-0.063943,0.99201816
TATGTCTCATTGTGCC-1,-0.45734596,-0.23094752,1.073012
GGATTTCACTTCTATA-1,-0.5773928,0.030686397,0.9330828
TGAGTGGTCCGTGACG-1,-0.5498517,-0.05529491,0.9991434
CGCTTTCTTGCATTCG-1,-0.5542909,0.029458608,0.8957495
ACCCAACGCCCGTGGC-1,-0.620366,0.032970246,1.0025288
GAACGTCTCATGGTCG-1,-0.59223515,0.03147519,0.9570685
AGGGTTCCCTTTGGTT-1,-0.670819,0.03565171,1.0840625
GTAGCTTCCTCTTGTT-1,-0.5742751,0.030520778,0.92804474
GCATGAGGGACGCGGC-1,-0.6724275,0.03573718,1.0866617
CTACCCTAAGGTCATA-1,-0.57499987,0.030559268,0.9292159
TCACCGCTCGGCACTC-1,-0.58206475,0.03093466,0.94063306
GGCTCGCGTTGAGGTA-1,-0.632634,0.033622105,1.0223542
CTAACGAAACTTGCTG-1,-0.58000714,0.030825246,0.93730783
TTAAACTCGAATTCAT-1,-0.6343625,0.033713967,1.0251477
TACTTTACTGAGCCGG-1,-0.67590135,0.03592166,1.0922754
GCTTGGATCGATTAGG-1,-0.6467367,0.03437167,1.0451446
CGGTTATCCAACAGTG-1,-0.5688558,-0.048015397,1.0216525
CAGACCTGTAAGTGTT-1,-0.49998417,-0.09343059,0.9649785
GACGGTCAATAGAAGC-1,-0.26084024,-0.37757558,0.9336126
CTGACTGCGCAGCTCG-1,-0.43572637,-0.08864895,0.85041326
CCATACCTTTACTTGT-1,-0.32564852,-0.353067,1.0107878
GTAATAAAGGGCTCCC-1,-0.6074613,-0.052233133,1.0922419
GTGAACTCCCATTCGA-1,-0.5382697,-0.06268227,0.9892854
GTGGTTACTTCTTTCG-1,-0.6585688,0.035000656,1.0642655
TCAGAACCTCCACAGG-1,-0.5195194,-0.14142448,1.0606928
TCCCACTCTCTTCCGG-1,-0.56137955,0.029835368,0.9072051
ATCTTGACTTGTCCAA-1,-0.23528151,-0.39286998,0.8976443
TCGGGAACGTGCCTAG-1,-0.4714801,-0.15752126,1.0007783
GTTAGCCGTAAATCAA-1,-0.22737606,-0.38024879,0.86780787
ATTTACTAAGTCCATT-1,-0.6252164,0.03322802,1.0103672
GGGTGCATATGAAAGC-1,-0.38994995,-0.22706097,0.95432794
TCCGAATGGTCCTGAG-1,-0.43434417,-0.20965037,1.0044882
TGATGGCTGTTTCTGA-1,-0.45874852,-0.22824134,1.0709604
AAATAAGGTAGTGCCC-1,-0.36869276,-0.21589409,0.902853
CCACTATCCGGGTCAC-1,-0.28233275,-0.3930289,0.98240405
ACACCACATAATTAGC-1,-0.1809423,-0.3725315,0.7841284
CGCGGTAAGTCTAGCT-1,-0.14255811,-0.5284837,0.9202331
GCGGGCATTACGATGC-1,-0.37974027,-0.24499075,0.95907784
AGGATTGCTTACGACA-1,-0.16985072,-0.4336656,0.8481693
CTCGGGATAACACCTA-1,-0.45201775,-0.17528132,0.9912076
GTCGTCTGGTTGGCTA-1,-0.16400199,-0.4458855,0.85045636
GCAATTAGTCGCACCG-1,-0.5779929,-0.06928427,1.0648781
GTGACCTAAAGAATAA-1,-0.5325097,-0.064283416,0.9816712
CTGAGCGAGACTTATT-1,-0.5639259,0.029970609,0.91132
CAAGACTCAGAAGCGC-1,-0.6563537,0.034882855,1.0606859
ACTTCGCTAGCGAGTG-1,-0.6212032,0.033014726,1.0038817
CCATACTCGCCTCTCC-1,0.24383537,-0.74215674,0.56015205
ACGATACCTATCCTGA-1,0.2691188,-0.89610595,0.7023326
CTCACCAGTACAAGTG-1,0.17118788,-0.7666222,0.6720522
CGAAGACGGTGAGTGC-1,0.35420665,-0.8984804,0.5535906
AAATTAATAAGCGCGA-1,0.2698686,-0.8373686,0.6183895
GGGCCCTTATCTATAC-1,0.39283565,-0.82627046,0.40507874
CTGCCCACGAAGCGTT-1,0.6740895,-1.0055366,0.18316495
GGACAAGTTGCAGTGA-1,0.543578,-0.9362985,0.29734436
GTCCGAGAGCAATCAT-1,0.5783298,-0.9947581,0.31257194
ATGGCAGCCGAGAAAC-1,0.36152115,-0.7457193,0.36037058
CCTCGGATGCTACCTG-1,0.46884066,-0.75007665,0.15948802
ATACGGTGAAGATGCA-1,-0.13529834,-0.46215385,0.8419493
ACATCAGCTGGGACGC-1,-0.08481202,-0.5731568,0.8485771
GGTTGTGTAGCCTGGC-1,-0.3241993,-0.31079042,0.9530382
CCTGCGTTCTACGCTT-1,0.15237719,-0.6205433,0.51677537
GAACGTTAGGAAGACG-1,-0.08960356,-0.5683218,0.8633763
CTGATAGTGTATCTCA-1,0.27545184,-0.89574873,0.63833016
TTCTGCGAGCGCCCTT-1,0.15162544,-0.78461474,0.7241985
CTTTGGCGCTTTATAC-1,0.020861153,-0.68893677,0.82444793
TCCGAACTTGGCTTAC-1,0.42965207,-0.875369,0.38317093
TAGATTCCTGGTTATT-1,-0.019590588,-0.5096808,0.6964997
CCGACAAAGGGAGTGC-1,0.045952607,-0.6296227,0.7433378
CCATGGCCCTTGTACC-1,-0.065654956,-0.48382324,0.7326914
GAAATATCACCATCAG-1,0.5113738,-0.8994264,0.319999
ACGAAATGGGCGGCAC-1,-0.096593894,-0.49015012,0.76644343
GTGAGCGTGCTGCACT-1,0.32198143,-0.808431,0.5085891
CCGCGGGTACGAAGAA-1,-0.32009614,-0.29685396,0.9144758
TCCCTGGCTCGCTGGA-1,-0.14732276,-0.44512868,0.80478024
CAGCTTAGTAGGTAGC-1,-0.31774893,-0.28312021,0.90596706
CACGAAAGTTAGTCCC-1,-0.23979779,-0.33957613,0.83138865
ACCTAATCGACTTCCT-1,-0.18228072,-0.45120946,0.89473313
AAGTAGTGACGCGAGG-1,-0.031665258,-0.599758,0.8233974
TCCGATTACATTGCCG-1,0.24393985,-0.8090675,0.7299999
CCTCCGACAATTCAAG-1,0.49269667,-0.92612416,0.4193848
GTTCACAGGAGTCTAG-1,0.17776129,-0.6731995,0.7435904
CGAAGTTGCTCTGTGT-1,0.20257908,-0.6602375,0.59068966
GTCGGATATCTCAGAC-1,0.008540504,-0.6341329,0.8600194
CGCTCTCCGTAGATTA-1,0.19511978,-0.7553678,0.65620214
CAAGCAACGTCGGAGT-1,-0.0014981908,-0.58866084,0.7820871
CCATTCCCTGCCCACA-1,0.7030509,-0.94984066,0.08187455
CTTTGGCTTTAGTAAA-1,0.25747806,-0.6899726,0.49513772
GGCTATTAAGTTGTAT-1,0.87080693,-0.99802625,-0.09587813
CCATTAGCGATAATCC-1,0.00824539,-0.4976747,0.63167745
TGTTCTTCCATTGACT-1,0.7006354,-0.80722284,-0.040420216
AGATAACTTCAGGGCC-1,-0.39092523,-0.14505364,0.8425929
ATAGACGAAGAGAAAG-1,-0.44753656,-0.07204886,0.8486031
GGCGGAGTAATATTAG-1,-0.4968216,-0.066179946,0.92399824
TGACCCACGTTAGACA-1,-0.2739997,-0.3069036,0.8586945
TCACAGGTTATTGGGC-1,-0.44872892,-0.23697843,1.0663774
TCACGCATTGTAGATC-1,0.065387934,-0.6866995,0.770292
TTGAAGAATTCCCAGG-1,-0.22908725,-0.45267132,0.97833306
AAATGGTCAATGTGCC-1,-0.010872472,-0.671262,0.87148285
TAGTGCCCTCCAGAGT-1,-0.055607807,-0.62802655,0.9006102
GGTATTGCCGAGTTTA-1,0.20066446,-0.74642485,0.6354849
CGTATTAAGAGATCTA-1,0.06905029,-0.7113175,0.78877425
ACTGTCCAGGATTATA-1,0.36365378,-0.83048886,0.46214446
CGGGCAGCTAAACCGC-1,0.12242393,-0.75889146,0.75428855
TTGCTGATCATGTTCG-1,0.1507591,-0.7497089,0.69082046
TATGGGTACGTATCGT-1,-0.08158159,-0.5719471,0.85825646
CAGCTCACTGAGACAT-1,-0.3885853,-0.23444793,0.96169156
GGGACTGCATAGATAG-1,-0.19827838,-0.49176258,0.95485103
ACGCATTCGTGAGTAC-1,-0.48103923,-0.22525132,1.0162305
CTCTGGACGCCTGGTG-1,-0.226403,-0.4603187,0.91094786
AGGGTTTAGTTCGGGA-1,-0.29050574,-0.322066,0.7680365
GGGAGAACTCACAGTA-1,-0.20795387,-0.42724144,0.8298206
ATCAATCTGGGCTGCA-1,0.37908944,-0.843874,0.24119014
TCTTCGATACCAATAA-1,-0.10097967,-0.56810445,0.8162647
ACGTAGATTGCTGATG-1,-0.023915814,-0.60510725,0.7269933
TCTTGATGCGTAGCGA-1,-0.08056806,-0.610589,0.85986865
GGGCTGCCTAGGGCGA-1,-0.3360615,-0.32505623,0.9533549
CTCTCACAATCGATGA-1,-0.44246745,-0.16938272,0.8777284
CCAAGCGTAACTCGTA-1,-0.49030614,-0.15091765,0.98061895
ACAACAGCATGAGCTA-1,-0.49477062,-0.10578353,0.882584
GTCCCAACGTAAAGTA-1,-0.44339082,-0.21162578,1.0053917
TCGGAGTACATGAGTA-1,-0.38094774,-0.2503467,0.8783722
GGGAGTTAATGAGGCG-1,-0.23959059,-0.43527082,0.87274677
CCGGGCGGTCTCGTCA-1,-0.4282353,-0.31463978,1.0029668
CCGTAAGTTGGTCCCA-1,-0.34370863,-0.3768463,0.77897483
GGAGGGCTTGGTTGGC-1,-0.5551912,-0.17420432,0.99203783
TCGGACGCCCAGCCCA-1,-0.5412653,-0.18309282,0.97332656
TCTGTGCCATCATAGT-1,-0.6112807,-0.065293714,1.0333666
GTACTGGAGTTAGACC-1,-0.6439708,-0.0146657815,1.0634348
GGAATGCGCTAGCGTG-1,-0.5123636,0.027230328,0.8279939
GTGTGAATAACTTAGG-1,-0.6594558,-0.02199132,1.0922524
GGTCGGCCAGGAGCTT-1,-0.60736954,0.03227948,0.98152614
TAGCCGGCGGTCAGCG-1,-0.6511473,0.03460616,1.0522723
CGGGTGTACCCATTTA-1,-0.602594,0.032025702,0.97380877
AGTGATTCAAGCAGGA-1,-0.6374299,0.033877164,1.0301046
GTTGGATTGAGAACAC-1,-0.63933504,0.03397849,1.0331833
CACACGCGCTGTCTTA-1,-0.67477447,0.03586191,1.0904546
TAGACGCCCGTACCGG-1,-0.67670107,0.035964318,1.093568
GGTTTCAATCGGTCAG-1,-0.6768373,0.035971556,1.0937881
AATCTGCGTTGGGACG-1,-0.6328702,0.033634763,1.0227361
TTACGGATGGTTCGAG-1,-0.58471525,0.031075522,0.9449163
CGGCAGGGTCGGGTTG-1,-0.6342574,0.03370841,1.0249778
GCTTTCAGAGGAGGTG-1,-0.68689615,0.03650605,1.1100435
TCTTCCCATGGGCACA-1,-0.5809377,0.030874686,0.93881166
TACCGCGGACTTGCAG-1,-0.7131966,0.1061849,1.1036911
AGAATTATGGATTCGA-1,-0.61939925,0.07704001,0.9693586
ATTGATGAGTCCTAAC-1,-0.62999845,0.15325113,0.9324755
TAGGTCGCCGGAACTG-1,-0.55221367,0.0293482,0.89239275
TAACCTACCGTCCGAG-1,-0.62034714,0.18418555,0.8945112
CTTAGTAGGCCTACAG-1,-0.6382005,0.033918142,1.0313498
CTAGATGTGAGTGTAA-1,-0.68051505,0.100097224,1.0540617
ACTCCCGAATTCGTTT-1,-0.6604936,0.035102986,1.0673761
GTTCATCGTTTGGCTG-1,-0.6453272,0.034296907,1.0428668
ACTTTACCCTCATGAA-1,-0.6512774,0.03461315,1.0524824
GCGAGAGTTGCGTCCA-1,-0.6071162,0.032266073,0.9811168
GTTCGGGCGTACCATT-1,-0.6629369,0.035232782,1.0713247
CGACTTTGTATAGCCT-1,-0.5693867,0.0302609,0.920145
GCCATCGATGCTGCAT-1,-0.6263357,0.033287525,1.0121762
GCATTTCCAAGGCTCC-1,-0.56979454,0.030282672,0.92080396
ATGTAAGGCTGCTCTT-1,-0.5875876,-0.07650677,1.0896235
ACGTTCGCAATCAATT-1,-0.52845645,-0.08828144,1.0052885
GTGACGAGGGTGACCC-1,-0.37022057,-0.21581285,0.9053219
ATTATAGCTACTTTAC-1,-0.3701613,-0.08383959,0.73360807
CGTGTGTTAAACCCTG-1,-0.039906666,-0.6445405,0.90037084
TTGGTATGGCTTGTGT-1,-0.360456,-0.23892137,0.9187439
CATTCCCATTCCGTCG-1,-0.3327017,-0.26107457,0.9008328
TGCCGAAAGCGTATTC-1,-0.45564288,-0.14257312,0.95314205
CAACACATCTCCTGCC-1,-0.5564009,-0.058970246,1.0136043
CTGCCTCATATGCAAC-1,-0.61432916,0.032649513,0.9927732
TCCCGCCTATGTGCGT-1,-0.61522084,0.032696832,0.99421424
GGTTACCCGACACTTT-1,-0.6267499,0.033309586,1.0128453
CCAGCGGGATCACCAG-1,-0.7129573,0.037891142,1.152159
ATGTTTCGGCCCGGAG-1,-0.5786034,0.03075073,0.93503916
GCGTCTAACCTCCTAA-1,-0.5767175,0.030650515,0.93199146
ATCAGGTAGCTGACAG-1,-0.6822679,0.03626016,1.1025639
GGTATGAAAGAACTGA-1,0.47478616,-0.83847547,0.21233128
GTGGCCTAATATCATT-1,0.3787267,-0.7604668,0.23166071
CCTGTGAAACCGTAAC-1,0.3629161,-0.8661929,0.5008655
GGCAGAGAGATCGGGA-1,0.15261775,-0.6656751,0.49075082
TAGCGTCGAATATTGA-1,0.6615124,-0.82845765,0.027960591
CGCCGACTATTCGCTA-1,0.7411544,-0.7575636,-0.21310587
TCTGGCGCAAGCCGGG-1,0.8585405,-0.9015757,-0.18187225
AGTGGTTGCGTATAGG-1,0.84950143,-0.69516766,-0.35591456
ATCGGTTACCTAGTAA-1,0.81026316,-0.8420059,-0.14571187
CCTGCCCGTTGTCTAG-1,0.85030854,-0.8487967,-0.23248434
GCACACGCCCATGGTC-1,0.42900595,-0.75561136,0.28706282
AGTACGGCCCGTATCG-1,0.69598705,-1.0200309,0.17186715
TATCTAGCCTAAAGGA-1,-0.15395862,-0.40199128,0.77738655
CACTCGGTTAGGAGGA-1,0.20071976,-0.7679205,0.6335861
ATGTTCGTCGACCCAC-1,-0.08668727,-0.60006183,0.91652894
TTCCTCTGCCCGAATA-1,0.12262721,-0.7711572,0.76579434
TTACTATCGGCTTCTC-1,0.117820956,-0.77813995,0.78092396
GCCGCATTAGTCCGGC-1,0.16427566,-0.7147438,0.6094937
TAAGGGCTGGGAGAGG-1,0.21670021,-0.77574545,0.5982127
TAAGCAGGCGACACGC-1,0.30096838,-0.89064324,0.5975356
AGCACTACCGGCCTGT-1,0.32941657,-0.79673344,0.466695
GAAAGCCCTTTGGACC-1,-0.00044867882,-0.6572448,0.81730074
GACCGACTGAAGCGTC-1,0.1804314,-0.7589239,0.64406055
CGGTGAAGACTAAAGT-1,0.1972642,-0.73436064,0.57702434
CCCTGCGCTACGCATA-1,0.42444614,-0.7496265,0.25853577
TACTGGACAGCTCGGC-1,0.61259776,-1.0009246,0.2434972
TTAGTAGGGCGGCGGG-1,0.26233003,-0.63076997,0.38658765
GAGGCTATCAAAGTCG-1,0.09492954,-0.565541,0.5095909
TTACCATTGATTACCC-1,-0.2024003,-0.2554297,0.6600643
ATACCACGGGCAACTT-1,-0.27125362,-0.3122961,0.852832
TGTCCTAAGTCACCGC-1,-0.26714197,-0.40161204,0.95035064
AGGTAGGTACAAAGCT-1,-0.36038604,-0.34036985,1.0418055
GGCATACAGGTAGCGG-1,0.18020056,-0.790848,0.7361043
TGTAGTGATCTATAAT-1,-0.1781076,-0.4558084,0.8692402
TCCCGGGTGTGCTGCT-1,0.07947306,-0.6240285,0.70362824
TACGATGTTGATCATC-1,-0.1457595,-0.46056235,0.83125776
CCTCTCTCCCATCTAG-1,0.07856621,-0.68823165,0.73941565
GCAGGACTATAGAATA-1,0.067962386,-0.6771141,0.7518826
CTAGTGAAGGACAGGA-1,0.37244618,-0.84326404,0.4716402
TACGAGAACTTCACGT-1,0.34352836,-0.88908577,0.5451118
CGTTGTTTCAATTCCC-1,0.7932474,-1.00361,0.028501088
GCAAATATTACGCTTT-1,0.29766893,-0.7309119,0.36786678
CCAATAGTGCCGTCGA-1,0.5370901,-0.77384484,0.17535044
ATTGCTGCTCCTCCAT-1,-0.35827854,-0.1885988,0.85062695
GAGATCTGCTTGGCAT-1,-0.24849027,-0.30876073,0.8345892
GCCGAAATTCCTACGT-1,-0.32485107,-0.39831337,0.9884599
GGCACTCCACTGGGCA-1,-0.2322839,-0.40912467,0.9112787
GGGTCACCGTGACGGT-1,0.15843654,-0.7984937,0.7342191
CACTTAATCAGACGGA-1,0.08787826,-0.719255,0.7514978
CGTTTCGCTCATTACA-1,0.29842603,-0.86425054,0.5676089
ATAAAGGCTCGGTCGT-1,0.1829813,-0.83490807,0.74274606
CACTAAAGTTGCCTAT-1,0.082069635,-0.64957345,0.6953959
GTGCTCAAGTACTGTC-1,0.31634957,-0.8422082,0.57637894
CCATGCCTGTTTAGTA-1,0.81621754,-0.8997362,-0.07624332
TCTAGTTATCAGAAGA-1,0.73491514,-0.9683708,0.097358584
TTGTAATCCGTACTCG-1,0.93187404,-0.90766305,-0.27631298
TCCCAGCTTTAGTCTG-1,0.7223552,-0.96742076,0.10192272
CTACGCACGGAGTACC-1,0.4314735,-0.7684346,0.2870429
AAATTAACGGGTAGCT-1,-0.030611387,-0.5130536,0.69983417
CGGCCACGCACAAAGT-1,-0.29331762,-0.31431085,0.8999515
GAAGCGTGAGGAATTT-1,-0.5647962,-0.0913173,1.0302584
ATATCTTAGGGCCTTC-1,-0.47401977,-0.20838134,1.0288322
ACGCGGGCCAAGGACA-1,-0.3279737,-0.3290302,0.8493428
GCGAGTTCTGCAAAGA-1,-0.13331541,-0.4289617,0.6803442
TATTCGTGCCAGAATA-1,0.17645803,-0.71731454,0.3181051
AGGGCTGCAGTTACAG-1,0.385494,-0.8834278,0.3294573
CTAGCATAGTATAATG-1,0.112998895,-0.5995249,0.3673924
TAGGTTCGAGTTCGTC-1,-0.11086007,-0.36761144,0.58923167
GAATTATAGTGAAAGG-1,-0.09342829,-0.4258707,0.6402781
CTATCGGGTCTCAACA-1,-0.5844326,0.031060483,0.94445956
GCGCTAATTGAATAGA-1,-0.56391466,-0.048277967,1.0136675
ATGCGACAGTCCCATT-1,-0.60464644,-0.05915454,1.0965523
GGTAGTGCTCGCACCA-1,-0.40342766,-0.17915848,0.9143786
AAGCTCGTGCCAAGTC-1,-0.376926,-0.26169273,0.9776816
TATTCAATTCTAATCC-1,-0.100595035,-0.57297134,0.86310554
TTCAAAGTCTCTAGCC-1,-0.30095038,-0.3498862,0.9131269
TTGAATATGGACTTTC-1,-0.23879549,-0.46726763,0.86578965
AAGAGCTCTTTATCGG-1,-0.32142338,-0.24251546,0.7510971
TTACTCCGGCCGGGAA-1,-0.37873775,-0.26936886,0.78641564
AAACGAGACGGTTGAT-1,-0.51888394,-0.030271266,0.86546093
GCTAAGTAGTTTCTCT-1,-0.5712357,-0.12446101,0.9952062
ATAACGCCGGAGGGTC-1,-0.5857097,-0.13184021,1.0223898
GGATCCGGAATATACT-1,-0.56733376,-0.08426529,0.9700916
TGAAAGGACCTGACTC-1,-0.4322713,-0.3686036,0.8577577
TCCGCGGCAGCATCTG-1,-0.5474084,-0.14693347,0.9665724
TGCATATGTCTGTCAC-1,-0.52283126,-0.2921833,0.9724829
TGTAGGAGAAATTTCC-1,-0.5241297,-0.0974821,0.9053563
AGTGAGACTTCCAGTA-1,-0.5152779,-0.10544273,0.89453876
CCCAAACATGCTGCTC-1,-0.6251066,0.033222184,1.0101897
GCTTATGAAGCAGGAA-1,-0.66956943,0.035585284,1.082043
TTCTAACCGAAGCTTA-1,-0.6262643,0.033283766,1.0120606
GGATGTCCTTACCGCA-1,-0.56477153,0.03001573,0.9126867
AGGGTGCTCTCGAGGG-1,-0.5800106,0.030825475,0.93731344
AACTCTCAATAGAGCG-1,-0.62620866,0.033280835,1.0119706
TCTGAATTCCGTACAA-1,-0.6389007,0.03395529,1.0324813
GCGTGGTACTGGGTTA-1,-0.5834371,0.03100767,0.94285065
CGTCGGATAGTGTTGA-1,-0.59390956,0.068234295,0.93357664
ATATGTCTCCCTAGCC-1,-0.7005882,0.09921579,1.0878779
TCTTTAAGACTATGAA-1,-0.66263723,0.13087651,1.0026037
TCATTTAAGTCTCCGA-1,-0.6689708,0.1599213,0.9924251
GATATTGAGATTGGCG-1,-0.7449615,0.25595373,1.0494211
TGACATCGAGCGGACC-1,-0.7042275,0.1481554,1.0592142
GCGTAAATGGCCATAA-1,-0.70083797,0.15433758,1.0491221
ATTGTACAACTCGGCT-1,-0.6282759,0.09080615,0.974479
TACGCTATAGAAACCT-1,-0.65968525,0.061637748,1.0471659
CACCCAAATCTTATGT-1,-0.60732394,0.032277055,0.98145247
AGATGATGGAGTCTGG-1,-0.65018386,0.034554902,1.0507152
CCACGGTGCCCGGTAG-1,-0.6109819,0.032471452,0.98736364
TCAAGAAATACTAGCT-1,-0.6586068,0.035002608,1.064327
AGGTATAATTGATAGT-1,-0.6165762,0.032768793,0.9964044
CAAGGTCCTATAGGCT-1,-0.66106737,0.035133433,1.0683033
CCGGCACGACCGTTTC-1,-0.5858712,0.15459946,0.88988715
ACCTCCGTTATTCACC-1,-0.65199643,0.0918219,1.0272657
GCAGCCTATATCACAT-1,-0.6066985,0.27063474,0.8701327
GGTATAGTGACACATA-1,-0.6122092,0.14684083,0.93667066
AAATTCCAGGTCCAAA-1,-0.5944141,0.27000263,0.85023504
TCTTTAGCAGGCGAAC-1,-0.4292379,-0.002170509,0.78366554
TATTGACATTTCTGCC-1,-0.55607367,0.15299825,0.8417721
TCTGATCGGGTGCTAG-1,-0.47026625,-0.059524518,0.87053096
GGCCCGGAGCATGTCT-1,-0.55505013,0.029498933,0.8969766
GGGCGCAGCGTTACTC-1,-0.49868056,0.026503172,0.80588186
TTGGCGATCCGAATAT-1,-0.53816026,-0.016662544,0.89075375
CCACGTAAATTAGACT-1,-0.5197271,0.027621739,0.8398935
TCTGATTGGAAATGGA-1,-0.51359314,-0.070485525,0.87550086
ATGGCGGAATAGTCGC-1,-0.6091436,0.032373898,0.9843931
ATCGCTTTACGTCTCA-1,-0.58692527,-0.017697552,0.97124773
TACGTGCAAGGTTCCT-1,-0.5828794,0.030978024,0.9419494
CAGGACAGCTGCCCTT-1,-0.6773329,0.03599791,1.0945889
CAAACCAGGTCTGCAT-1,-0.26608706,-0.54255295,0.39956063
ACAAGCTATATGGAAG-1,-0.41683617,-0.35526907,-0.026074404
TCGCCCACTGCGAGAG-1,-0.030994728,-0.52147615,0.29181993
AGCCGCAAATTCAAAT-1,-0.16003956,-0.5536425,-0.10576845
TTAACGTTAAAGCCTG-1,0.106301196,-0.6437696,0.21275255
CAGCGCCAACACGATA-1,0.07856721,-0.5689416,-0.22764419
ATCCAATGGTACCGAA-1,0.51190394,-0.7110984,-0.13521634
GTGCTGCAGATAAGGA-1,0.76630956,-0.5931935,-0.6751623
GGCCTTTGCAACTGGC-1,1.1350969,-0.7625661,-0.8219369
GTCGTACCTACGATTG-1,0.6768316,-0.6245246,-0.57155126
TAGAAATTCACGTATA-1,0.6261211,-0.7992275,-0.10477806
AGAATAAATCTTCAGG-1,0.2787945,-0.67617524,0.1933389
CATTGCGAAATGGGCG-1,0.30617708,-0.8126953,0.44500998
GTCTACTCAATTACAA-1,-0.2716696,-0.32822248,0.6802667
TGTAATGACCACAATA-1,0.008435643,-0.60426813,0.6777993
AAAGTCGACCCTCAGT-1,-0.2115383,-0.3266644,0.5699495
TACTCGGCACGCCGGG-1,0.18146959,-0.70654804,0.5149309
AGGTGTATCGCCATGA-1,0.4397204,-0.9321804,0.29266518
TGTGCTTTACGTAAGA-1,0.44325808,-0.96319896,0.37779495
AAACCTCATGAAGTTG-1,0.092884496,-0.7032294,0.6520602
TATAGGGTACTCATGA-1,-0.25508305,-0.27908498,0.78031677
CCAGCTGATGGTACTT-1,-0.2623513,-0.4269881,0.9774534
AATATTGGAGTATTGA-1,-0.22491068,-0.36721125,0.84221196
GGCCCTCACCCACTTA-1,-0.23620608,-0.44293028,0.92778397
AACCAAGACTTCTCTG-1,0.1923824,-0.7200564,0.5751379
TCGTATTACCCATTGC-1,-0.0729515,-0.59533596,0.77937603
ATTCGACGCCGGGCCT-1,0.121503875,-0.6423819,0.55610245
GGCGCAGGACATCTTC-1,-0.221059,-0.3702166,0.6911728
GTACTCCCTTATCGCT-1,0.07057831,-0.4952637,0.4324547
TGGTCTGTTGGGCGTA-1,-0.3386262,-0.0067584096,0.43830687
AATAACAACGCTCGGC-1,-0.5018932,0.031366624,0.7906443
CATACCCGTACCCAGT-1,-0.55271167,0.1037006,0.7340034
ACAATCCATTTAAACC-1,-0.54065984,-0.051817264,0.9670231
GTTACAATTGGTGACG-1,-0.48940718,-0.050685942,0.8493432
TTGCCCTGATCACGGG-1,-0.41313028,-0.1706304,0.91957605
CTAACCGCGCGCCCGT-1,-0.23214541,-0.48169506,1.0563891
CTAAAGAATGCCTACT-1,-0.1733925,-0.44375247,0.86024326
ACCCATCTTGAGGGTA-1,0.08554856,-0.7341168,0.8859434
GATCTTTGCAGGGTAT-1,0.17753494,-0.82987213,0.74210936
GGGTACTTCATGAACT-1,0.27241537,-0.82663774,0.55746675
GCCGCTTGTGAGAAAC-1,0.42208868,-0.9044313,0.28203622
CCTGTAAGACATGATA-1,0.36575612,-0.87330735,0.37785777
CGACAGTTCGCGTTAT-1,0.034015216,-0.63955295,0.5015163
ACGATGCATATGTTAT-1,0.13185807,-0.6781988,0.2792781
TGTTCCGCTTCCATGA-1,-0.12439088,-0.55967027,0.6291584
GGATGACGCGAGTTTA-1,-0.044520408,-0.6306721,0.6487728
GAAGTTTCCACTCAAT-1,-0.05937378,-0.6135602,0.8007753
GCGAGGCCCGAGCAGA-1,-0.058903906,-0.60993403,0.7966428
CATACTATGTAATTGT-1,0.081204906,-0.7250749,0.7695221
CCAATGTCACAGCAAG-1,-0.16203608,-0.49257636,0.9021448
GTTGGATTTGCGTTGG-1,-0.21322598,-0.42921388,0.90619355
GGGAGGATGCCCGAAA-1,-0.39200455,-0.3119344,1.0688243
GATCGCGGGCTCTCCA-1,-0.09016486,-0.44179243,0.756812
GTTCGCCATAAGTGCC-1,-0.291156,-0.34188214,0.8786829
AGATTATAGGACGTTT-1,0.41746455,-0.7066433,0.13720328
TCGAGACCAACACCGT-1,0.3780386,-0.8974653,0.33719292
TATGGGACCGAGCAGG-1,0.5387064,-0.912279,0.14269263
GATGCGTCCTGCATTC-1,0.107145265,-0.70885956,0.40777072
TATGGTCTGAGTAACA-1,0.0020216436,-0.46570763,0.5413466
GCATAGAGCACTCAGG-1,-0.37149417,-0.23868237,0.79059166
CTTCATTGTCAGTGGA-1,-0.47155637,-0.21666074,1.0286447
GCAGATTAGGGATATC-1,-0.40609345,-0.30377886,0.97329724
CCTGTCGCCCGTAAAT-1,-0.2042063,-0.44796675,0.903271
CAATTTCGTATAAGGG-1,-0.034339562,-0.66451967,0.7815022
GTACACTTACCTGAAG-1,0.24908438,-0.8330652,0.5687036
CCAGCCTGGACCAATA-1,0.07360832,-0.7630307,0.76602936
ATGGAGCAGGCCGTGA-1,-0.080507934,-0.54345065,0.76535606
GTCATTAGAGCGAACG-1,-0.16654634,-0.35054103,0.7102999
AAGACTGCAAGCTACT-1,-0.4949211,-0.12142702,0.9817708
CTAGTCACGTCTTAAG-1,-0.6218995,0.03305173,1.0050069
ACTCTTGTATAGTAAC-1,-0.6352266,0.033759978,1.026544
ATTAGGCGATGCTTTC-1,-0.6601059,0.03508226,1.0667495
TTCGGGACTAATCGCG-1,-0.5222959,0.027758162,0.84404474
TGGACTGTTCGCTCAA-1,-0.5983226,0.031798728,0.96690583
AACGTGCGAAAGTCTC-1,-0.4973994,-0.14310236,1.0256034
CCACCCAAGGAAAGTG-1,-0.56851405,0.03021454,0.9187343
CCGCACAAAGACCAAC-1,-0.4997005,-0.05796022,0.9180974
GCGATTGTTAACGTTA-1,-0.5148571,0.027362794,0.8320235
ACTCGTCAGTAATCCC-1,-0.5845714,0.031067898,0.9446838
GGTGATAAGGAGCAGT-1,-0.6481876,0.03444881,1.0474892
AAGAGGCATGGATCGC-1,-0.6003098,-0.074025325,1.0194308
CACGTTCGTGCTCTAG-1,-0.6511839,-0.046252005,1.0218074
CTATTTGGTTACGGAT-1,-0.4746871,-0.2519322,0.8730384
GTACAGAGGCAAGGGT-1,-0.5813491,-0.16490197,0.85081
GGGCCGGCCGAAGTAC-1,-0.4342831,-0.36000922,0.8570578
CCTGAACGATATATTC-1,-0.5154688,-0.344307,0.9077392
CCGGGCTGCTCCATAC-1,-0.45022866,-0.21601385,0.8392818
TACTTGTTAGTAGTCC-1,-0.53980947,-0.17801617,0.96857446
CCTAGGCGTAGCGATC-1,-0.56680036,-0.018767102,0.9387253
CTGGCGCACAGGTCTG-1,-0.580752,-0.014398875,0.95958316
ACTTATACTTACCCGG-1,-0.647321,0.03440294,1.0460889
GAAGTCTCCCTAGCGA-1,-0.62546223,0.033241168,1.0107646
ACCGATGGTAGCATCG-1,-0.6628063,0.03522595,1.0711135
CGAGTTTATCGGACTG-1,-0.6603445,0.035095,1.0671352
CATAACGGACAGTCGT-1,-0.67066866,0.035643738,1.0838192
TGACGATGCACTAGAA-1,-0.62258554,0.03308832,1.0061154
TAGGGAGCTTGGGATG-1,-0.58099824,0.0308781,0.93890935
AGGGTCGATGCGAACT-1,-0.63014877,0.033490255,1.018338
TATATCCCTGGGAGGA-1,-0.586601,0.031175865,0.94796354
CATCTTACACCACCTC-1,-0.49180847,-0.08187715,0.93608373
GTGCGACAGGGAGTGT-1,-0.5666575,-0.0063066166,1.0003905
CCGATCTCAACCTTAT-1,-0.4680183,-0.17233407,1.0143218
ACGATCATCTTGTAAA-1,-0.47243515,-0.14339112,1.001046
GAAAGAACAGCGTTAT-1,-0.38901868,-0.26105013,0.9972237
CTAGGTCTGAAGGAAT-1,-0.5373161,-0.070047356,0.99731344
ATATCAACCTACAGAG-1,-0.47182533,-0.15804546,1.002046
AAATAGCTTAGACTTT-1,-0.66517234,0.0353515,1.0749372
GCGACATGTAAACATC-1,-0.62290627,0.03310525,1.0066341
ATAAGTAGGGCGACTC-1,-0.61914337,0.03290528,1.000553
GCGAGCGCATGCTCCC-1,-0.62749285,0.033349004,1.0140461
AGGGACCGGCTGCGTT-1,-0.6499223,0.09167455,1.0239952
CCTATGAAGTGGTGCC-1,-0.54238915,0.16398479,0.81438106
GCTTACGTAGTTAGTA-1,-0.60841304,0.27068883,0.8729848
CATACTTAGGCAATAC-1,-0.6220506,0.21424314,0.9214024
CCTGTCCCTCACGTTA-1,-0.5297641,0.4090516,0.6801956
CAATGTGCCAACCCTT-1,-0.58633804,0.1545668,0.890768
GTTAAGTTAGAGTGGG-1,-0.61767447,0.21406835,0.9142034
CTGGGATACGCTACCC-1,-0.6545853,0.09194321,1.0314848
AACCTGTCACGGAATT-1,-0.622941,0.0902614,0.98034674
ACTGCGGACACACCGT-1,-0.5424519,-0.03365373,0.90570515
CCGTGAGGCATTCATG-1,-0.5072341,-0.07897196,0.86901784
GCCCAGATGCTGGAGA-1,-0.49306437,-0.17750628,0.8916391
TCTGGCCGTTCAAGTT-1,-0.52259684,-0.16082543,0.93232965
ATACGAAGGCTTTCCA-1,-0.4943547,-0.31056565,0.95569927
GATCCGAATATAAGTG-1,-0.54231614,-0.17033897,0.96911323
GTGGAGCATGTCGGCC-1,-0.45131144,-0.20497036,0.8359175
ACTCTTCAGCTCCCGC-1,-0.5431264,-0.024691662,0.9026398
CCCGATAGCCTCGCCT-1,-0.6061732,-0.0707593,1.0275309
ACAGGTGTGTTGTTGC-1,-0.28015214,-0.39062315,-0.16917278
TGAACTGCTATGACTT-1,-0.32647562,-0.2938387,-0.27190492
TGACATATATGACGAT-1,-0.30412847,-0.34361482,-0.4263275
AAGTCTTCTGTGGCCT-1,-0.40031314,-0.025565451,-0.3635463
ACCAGACCATAACAAC-1,-0.15296286,-0.37810004,-0.4186379
TGAGACGTACCTCTCA-1,-0.34523547,-0.17982945,0.09486139
GACCGTTACATGCGAC-1,-0.016576499,-0.49149737,-0.2889482
GGTTCGGATTATACTA-1,-0.18884073,-0.3421708,-0.046922572
CCTCCTGAGCCCACAT-1,0.33381528,-0.5608565,-0.4841954
CCGCGATTTGGTAGGT-1,-0.07426257,-0.3970655,-0.30874515
AATCTCTACTGTGGTT-1,0.3604685,-0.6411797,-0.42825493
ACTTTGACTGCATCCT-1,0.37274384,-0.60523295,-0.5364476
CCCTGACTAACAAATT-1,0.32307574,-0.66377795,-0.1192582
ACGCTGTGAGGCGTAG-1,0.4056358,-0.74652773,-0.05893887
GCATACGAGGTCTTTA-1,-0.071578175,-0.49886176,0.45735893
TCGGGATTCAAACATA-1,0.15968943,-0.8551021,0.5568794
GGGCCCTACGAAAGGG-1,0.08413553,-0.63834995,0.30690327
CGCCAAGAAGCCGAGT-1,0.49394402,-0.9221008,0.10462738
GGTACATCTGGGACGA-1,0.31234458,-0.8261899,0.37108222
GGATGCTGGCGTTCCT-1,0.6612273,-0.7407742,-0.2745486
CCGATTCGAGGGACCC-1,0.37463918,-0.7453141,0.27280578
CCACTGGTGGCTGGTT-1,0.84185106,-0.79440004,-0.447705
GACAGGCACACACTAT-1,-0.051468596,-0.49771762,0.6349009
TCAACGCGACCGGCAG-1,0.56017673,-0.6709755,-0.35325393
CTACGACTAGCTATAA-1,-0.096421406,-0.5854721,0.67504245
CGGTTGACCTGGCATA-1,0.045599326,-0.5301251,0.28094995
ATCCTGAATCGCTGCG-1,-0.33731657,-0.3271048,0.78430206
GTTTCATATCGTCGCT-1,-0.111358315,-0.6013895,0.48983198
ATAAATATTAGCAGCT-1,-0.2602072,-0.35232702,0.63205427
AAGAGGATGTACGCGA-1,-0.27114645,-0.26511934,0.52093714
TCCTGCGTTGATACTC-1,-0.39537323,-0.0365457,0.53407276
CGTGCATTGTCGACGC-1,-0.4594944,-0.08962846,0.67727315
CCGGGTTCGAGGTTAC-1,-0.43200284,-0.15268052,0.8294664
CCCAATTTCACAACTT-1,-0.4027381,-0.25409636,0.9230664
TGATTTATTAGCTGTG-1,-0.09484356,-0.58209985,0.90458125
TGGAAGAAGGGAACGT-1,-0.13834849,-0.46140167,0.8500042
GACGCTTGCTTCTAAA-1,-0.01917723,-0.712875,1.1135755
GGGAACGGGAGGTTAG-1,0.10732276,-0.66239864,0.8944901
GCGGCTCTGACGTACC-1,0.17814147,-0.7638327,0.9344884
ACGTTAGATTTGCCCG-1,0.23297429,-0.79276043,0.7816378
GAGAGGGCGCGAGGTT-1,0.41854572,-0.90241414,0.49274495
GCGTCTCTGCATTGGG-1,0.5729027,-0.8896143,0.203939
GCAGCACACAGCCCAG-1,0.45236203,-0.92533034,0.3254397
CAGGCCGTTTGGGTGT-1,0.3995438,-0.8207708,0.2746424
AACTCAAGTTAATTGC-1,0.19544627,-0.7229199,0.523266
CTTCGTAGATAGGTGA-1,0.28337958,-0.8729615,0.57975835
TGCAGAGTACCGAGCA-1,-0.034967385,-0.67450726,0.8388833
GAAGTGATTTATCGTG-1,-0.05364196,-0.629861,0.88098913
CGCTACGGGACATTTA-1,-0.0795703,-0.6467597,0.96047544
CCACACTGAGATATTA-1,-0.18364105,-0.4782072,0.9797477
CGATCCGACCCAGTGC-1,-0.40067717,-0.2926277,1.058185
CTGTACTTCTTAGCAT-1,-0.38949937,-0.2502998,1.086625
ACTTATTAGGATCGGT-1,-0.45369992,-0.23426963,1.0712126
TAGTCCGCAGAGAATG-1,-0.48395273,-0.07173326,0.9614732
TTCACGAAAGGATCAC-1,-0.21080828,-0.3802602,0.78779614
TACATTTCTAACGTGC-1,-0.40458643,-0.2293161,0.9029234
ACCATATCCGCAATAA-1,-0.015102405,-0.54101264,0.47658598
CACTCAAGAGCTATGG-1,-0.60324085,-0.020747783,0.99943775
TGTACGAACAAATCCG-1,-0.322735,-0.3528955,0.795624
ATCATCCAATATTTGT-1,-0.571028,-0.08406894,0.9760617
CGCTATTCTTAGGCTC-1,-0.5073195,-0.21067323,0.93046874
TGGCAGCAGTAATAGT-1,-0.4463864,-0.23187768,0.8865574
TCACGTGCCCGATTCA-1,-0.29646084,-0.38354006,0.81878513
CATACGGCGTCTGGGC-1,-0.20533282,-0.5485555,0.73115695
CACATGATTCAGCAAC-1,0.08800782,-0.7761298,0.6569101
GCTAGTAGAGCTTGTA-1,-0.24708366,-0.55264807,0.80714434
TGCTGTTGAAGAACTC-1,-0.14786021,-0.5403246,0.7803287
CGGAGCATGGCGATCC-1,-0.47968432,-0.3210347,0.9249302
TAGCGTTGGGTCTTAC-1,-0.53625417,-0.16057055,1.0315481
GTAGCGGCTATACACT-1,-0.62854725,-0.08970546,1.0018393
TAACATACAATGTGGG-1,-0.6347849,-0.015154022,1.0485901
TCTTCGAATAGACGTT-1,-0.59877664,-0.017067695,0.9903997
GATCGTGACTGATATC-1,-0.62269455,0.033094056,1.0062919
GATCCGGGAATTAACA-1,-0.5291465,0.028122298,0.85511553
TTATATACGCTGTCAC-1,-0.576191,0.030622542,0.93114066
GTCGCGTAACCCGTTG-1,-0.4575131,0.02431523,0.7393539
AGCTCTAGACGTTCCA-1,-0.5868742,0.031190285,0.94840497
GTCAAGCGGACTCGGG-1,-0.5602829,0.029777074,0.9054328
CGAGGGACTGCGGTCG-1,-0.58569527,0.031127619,0.9465
AATCGCCTCAGCGCCA-1,-0.60025483,0.0319014,0.9700287
CTTGTTGCTGAGTCAA-1,-0.65839714,0.06630082,0.9757844
GATATGAGACACTAAC-1,-0.6387588,0.13417578,0.8641334
TTATGATCTTAACGAA-1,-0.7413486,0.030808613,0.977231
CGCCGCCCATGCCTGT-1,-0.960504,0.46312082,0.63372236
CTGGGATAAATAATGG-1,-0.66399556,-0.07992041,0.88384765
GTGCCCGTTCGGATTC-1,-0.6375848,0.10794861,0.6299613
TTCAATACTCTGAATC-1,-0.6497867,-0.06741551,0.8418003
CGCACATGTCCACTAC-1,-0.47664464,0.11120086,0.59763
AGAAGAGCGCCGTTCC-1,-0.46070758,-0.024405587,0.7672764
GATAACTCGCACTGTG-1,-0.5413789,0.16419859,0.69073117
AGTCGACGGTCTCAAG-1,-0.508787,0.027040277,0.8222141
GTGACCGCACACTACG-1,-0.5503202,0.029247498,0.889333
GTATGTGGGTCTAGTT-1,-0.6115395,0.032501094,0.9882649
CTTGAGTTAGGGTAAT-1,-0.6041706,0.032109477,0.97635657
TTAGCTGATTTGCCGT-1,-0.6063965,0.03222777,0.9799537
GCTGTTGCTACCGAAC-1,-0.6209055,0.032998964,1.0034007
TATTACCATCCTGCTT-1,-0.6497411,0.03453145,1.0499998
TTGAATTCACGTGAGG-1,-0.5857983,0.0884894,0.9198792
CCATCTCACCAGTGAA-1,-0.6108391,0.03246397,0.98713297
CGCACGTGCGCTATCA-1,-0.46756244,0.0022835773,0.8372279
ACCCGGATGACGCATC-1,-0.45990616,-0.15867898,0.98278433
CGCTAGAGACCGCTGC-1,-0.41524366,-0.23875804,1.0122641
ATAGTTCCACCCACTC-1,-0.15611292,-0.55515337,0.98939997
GCAGACCCAGCACGTA-1,-0.31059554,-0.34973556,0.9810571
TAGACTACCTAGCGTT-1,-0.3792556,-0.33196008,1.073533
GGTTCTACTCGTCTGA-1,-0.5547101,-0.05503672,1.0069946
GACTCACCCACGTGAG-1,-0.50093967,-0.0659612,0.93065315
AGCTCTTCGTAACCTT-1,-0.48705524,-0.14365214,1.0088872
ACTATCCAGGGCATGG-1,-0.63170254,0.033572722,1.020849
AAGGATCGATCGCTTG-1,-0.344877,-0.32074583,1.0009155
ATATCGGTAGGGAGAT-1,-0.47540903,-0.1573124,1.0071276
TTCCAGACGAGATTTA-1,-0.34371242,-0.32080775,0.99903345
GACCGACGTGAAAGCA-1,-0.469369,-0.007499679,0.8583193
CCTGGAAACGTTCTGC-1,-0.54491425,-0.04928778,0.9829624
CCGGTAATGGCTAGTC-1,-0.6477588,0.09152262,1.0205802
GCCGTGGAAGAAATGT-1,-0.62922937,-0.015449241,1.0396124
GTCTTGAGGAGCAGTG-1,-0.65842277,0.034992877,1.0640296
TCCCAAAGCCCTAAAT-1,-0.5647435,-0.07560162,0.96180844
TTGAGCGCCACGTGAT-1,-0.5768629,0.030658254,0.9322264
TTGAGTCCCGCTGCTG-1,-0.6077149,-0.020510025,1.0066677
ATGGAACCTTTGCACA-1,-0.50551844,-0.033012055,0.84480697
GCTAGCACCTGGGCCA-1,-0.5566039,-0.02397551,0.92441976
CGCCGTCTACCCATCG-1,-0.5920804,-0.1514747,1.0419831
GATAGGTGTCCCGGGC-1,-0.5763124,-0.06104092,0.97401196
AGGTATGCGGACATTA-1,-0.614472,-0.14834861,1.0772673
TTGGTTCGCTCAAAGG-1,-0.622764,-0.006508151,1.0248415
TCTGGAGCGTAAGAGT-1,-0.5764012,-0.012145489,0.9513954
TGCCTAAATTTAATAG-1,-0.58391726,-0.036731556,1.0322778
TAATTTCCGTCCAGTA-1,-0.46155888,0.39238647,-0.5188027
TCCTTCAATCCCTACG-1,-0.4880634,1.0008516,-0.7010707
TACCTATCCCTAGAGG-1,-0.40694034,0.6013502,-0.48644203
GCATGGGTACTGACGC-1,-0.59759414,1.2097667,-0.68439263
GTCGGGAACATGGTAG-1,-0.2899585,0.18497834,-0.1484197
GCAAATGAGGACACTT-1,-0.5447148,0.82469743,-0.15810591
GAATGGGCTTATCGAC-1,-0.50356007,0.087132335,0.2541735
TGGTCGTGCAAGGCAA-1,-0.5621675,0.42921087,0.16679539
CACCACGCCACACAGA-1,-0.5162665,0.06839091,0.115024254
GAACCTCGACCTACAC-1,-0.34770983,0.22559959,-0.035347562
CAATACGCTCTGAGGC-1,0.13558134,-0.33253822,-0.56494784
TGGTAAGCAGGATTGA-1,0.23361513,-0.11318825,-0.5672004
AGTGGCTCCGTCGGCC-1,0.4532974,-0.46303514,-0.65340906
GATCGGATAGAACCAT-1,0.49553546,-0.26205295,-0.6148063
GCTACAGTACGGACCG-1,0.11258104,-0.67702585,0.5401766
TCTATTACTAGAGGAT-1,-0.47466192,0.2149767,0.22500041
TTCAGGCGTCAAAGCC-1,0.087995596,-0.6653732,0.5620634
AGACCGGGAAACCCTG-1,-0.08491973,-0.116722636,0.15441373
AGAGATCTCTAAAGCG-1,0.4169331,-0.59073794,-0.151018
CCCTGCCCAATCCGCT-1,-0.07890253,-0.14446735,0.10895222
GTGGCGGTCCCAGCGT-1,0.8730523,-0.68994707,-0.7836466
GCATTGTAATTCATAT-1,0.3102387,-0.31803074,-0.36005816
CCGTTCCGAATCTCGG-1,0.9232797,-0.76340073,-0.7729692
AGCTTGATCTTAACTT-1,0.38741055,-0.59344864,-0.32925162
CCTGTACTCACGCCCA-1,0.681789,-0.7864078,-0.35893378
AAGTGACGACCGAATT-1,0.17269662,-0.65913576,0.12955466
CTCACTTGGCTGGTAA-1,0.1455768,-0.6641617,0.352297
CGCCTGGCCTACGTAA-1,-0.2812294,-0.40627795,0.54883397
CCCGTAAGTCTAGGCC-1,-0.02213545,-0.55081475,0.5034326
TTGGACATGTGGCTTA-1,-0.16890457,-0.274128,0.4548377
ATTACGCGCTGGCAGG-1,-0.33078387,-0.00458674,0.49710134
ACGCGCTACACAGGGT-1,-0.1008391,-0.26734376,0.46258447
TACGTTTACCGGCAAT-1,-0.40054846,-0.13369514,0.7719645
CGAAACGCAATTCATG-1,-0.17005816,-0.3571767,0.70034325
TAGTCTAACAACGAGA-1,-0.41339484,-0.17872933,0.8241757
TTGCATGCTGATCACG-1,-0.48324728,-0.06676869,0.76244205
TCTGGGTAGCGCTCAT-1,-0.7275287,0.1575951,0.88419044
ACATCGGTCAGCCGCG-1,-0.791553,0.25802344,0.81688136
AGATACCGGTGTTCAC-1,-0.37085465,-0.15290107,0.7796804
GATTACTGAATTTGGG-1,-0.50780624,0.06969944,0.5659813
TCCAACTTTAAATTCT-1,0.33529994,-0.7053774,0.1902813
TCCTAGCAAAGAAGCT-1,0.10596109,-0.44111472,0.18891825
GTCTATCTGAGTTTCT-1,0.45737126,-0.7233981,-0.023297785
GATGTTCAATCCACGA-1,0.05358421,-0.52688265,0.19581106
AGTTAAACACTTGCGA-1,0.18697491,-0.6619739,0.40147832
AGCTCTTTACTCAGTT-1,-0.050919797,-0.37567207,0.26673496
ATCCAGGATTCGTGAA-1,0.07138626,-0.62961096,0.60141027
AGTCAACACCACCATC-1,0.24281788,-0.6396884,0.30391124
CGATACCTCGCGGACA-1,0.044085864,-0.6478607,0.7944444
TACAACGCACAACTCA-1,-0.2060325,-0.3446869,0.75167024
AATTAAAGGTCGGCGT-1,-0.28633282,-0.3720802,1.1270655
TACGCAGTTCTTTCCT-1,0.050186142,-0.68308145,1.0389355
GACCGTGCTGACGGTG-1,-0.35777295,-0.3373995,1.2342802
GGCAAATTACTTTACT-1,-0.2710642,-0.42471594,1.1440383
GGTACAAACATGCTAT-1,-0.46744663,-0.15308209,1.0829307
CGGGCCTTCTTTGTAA-1,-0.57255006,-0.08135309,1.0841408
CGTGAAGTTAATTCAC-1,-0.6376122,0.07003572,1.004522
ATAGTGAAGCGTTCTC-1,-0.70033467,0.16302752,0.9614282
TACGCCATATTCTAAT-1,-0.6329056,0.06978879,0.9969054
GCCGGGTTAGGGTCGC-1,-0.75531304,0.21629176,0.9510943
TACATAGGCATACACC-1,-0.6950091,0.0423543,1.0440727
GCCGATTGGCCAAGCT-1,-0.8181272,0.20207769,1.0148638
CTGCCATGCATCACAT-1,-0.5867973,0.0076344144,0.87858063
TTATGAATGAAAGGGA-1,-0.74202967,0.08922917,0.93441224
GCTGAGGCGTGAGTAT-1,-0.55409515,-0.20592819,0.86885
GCGCCGTTCCACGATA-1,-1.0359914,0.23996195,0.7856972
CGCATGGTGCGATGCT-1,-0.7192415,-0.13835976,0.8610918
AGGTTTCACACACCTT-1,-1.1594893,0.27603382,0.8154897
CAAGGATCGCATGTTC-1,-0.69312316,-0.14113289,0.8238153
ACGTTAATGTCGAAGA-1,-0.8063329,0.09231309,0.76399237
TCCAGAGCACCGGTTC-1,-0.51614237,-0.030416926,0.86103046
GATTCGACGGTTCACG-1,-0.6680211,0.038601104,0.9842375
GTTTCTGCAGTCTCCC-1,-0.58389294,0.031031918,0.94358724
GCTGCACGGTTTCTTA-1,-0.52400386,0.02784898,0.8468049
CGTGCAGACTGGGACA-1,-0.4818708,0.02560978,0.7787167
GTGTTACTATGCGTCC-1,-0.56891006,0.09328705,0.80672383
TCCTCGGGCTGGGCTT-1,-0.4947677,0.026295165,0.7995586
GTGAGGACACTTAAGG-1,-0.55630046,0.17876929,0.632399
ATACGCCGGCGAAACC-1,-0.5461743,0.10362761,0.7493252
TCTGCCAGAAACTGCA-1,-0.8035201,0.28563848,0.9365071
TTCTGCGGGTTAGCGG-1,-0.7165296,0.18542771,1.005947
CTCGGTACCACTGCTC-1,-0.74835837,0.32443383,0.99823
GTAAGTAACAGTCTGG-1,-0.7847638,0.40743473,0.80459553
GTGCGTGTATATGAGC-1,-0.5583765,0.27378714,0.9700885
ATTTGTCTTGGGAGCT-1,-0.66780806,0.7708385,0.06601727
CCTCGGACCGGGATAG-1,-0.6228599,0.4351234,0.6755402
TAGGTGCTCGCCTAGC-1,-0.55420816,0.98184377,-0.47167817
CTTTAGGAACACTGTT-1,-0.51049155,0.35067657,0.5898074
TCGGGCCGTCGTGGTA-1,-0.5494628,0.43862572,0.34611088
AGTGCTTGCACGAATA-1,-0.59916645,0.22894108,0.7558006
TGCAGTTTCCTCCCAT-1,-0.5776724,0.16612747,0.7493824
TGAGAGATTTACCACG-1,-0.60839057,0.032333765,0.9831762
GAAACAGATGACCACC-1,-0.6446761,0.034262225,1.0418146
AGCAACATATCTTATT-1,-0.6656197,0.035375338,1.07566
CAAGTGTGGTTGCAAA-1,-0.63015914,0.033490755,1.0183548
GCCTCATCTGGAAATA-1,-0.55845493,0.22747858,0.7752089
AACCCTACTGTCAATA-1,-0.5338258,0.19922478,0.7660891
ACGTATTACTCCGATC-1,-0.36967966,0.55041075,0.36945784
TCTGGGAACCTTTGAA-1,-0.42119756,0.32614917,0.5536136
GCTCGCTCATGTCCAA-1,-0.24129936,0.8152035,-0.0026510502
GCGCAAGAGCGCGCTG-1,-0.46310917,0.07432404,0.79627526
TTGACGCTCCATGAGC-1,-0.47657937,0.3292193,0.6283319
TATAGATGGTCGCAGT-1,-0.4876475,-0.076705016,0.97859234
TTACATGCCACAACTA-1,-0.6460472,0.18277317,0.94318295
ACATGGCGCCAAAGTA-1,-0.5864018,-0.060124192,1.0670685
TATGGTTAGTGGGAGA-1,-0.6195183,0.03292512,1.0011591
CATGACTTCGCTGAAT-1,-0.555963,-0.04870064,1.0008175
ACCACCAATGTAACAA-1,-0.5691184,-0.008692829,0.94199044
TCTTAGAGCTCCAATT-1,-0.430023,-0.26715314,1.0456264
CCACGAATTTAACCTC-1,-0.3560227,-0.24079326,0.8316672
TTCTTGCTAGCATCTC-1,-0.21354502,-0.5370402,1.0338125
ACACCTTACTACTTGC-1,-0.26625982,-0.31872514,0.80955964
AGTCGGTTGCGTGAGA-1,-0.38649812,-0.31028476,1.0573847
ACCTACAGTATGTGGT-1,-0.5228045,-0.075641975,0.9153648
GAGGATAAACAGTGCT-1,-0.54570323,-0.14122261,1.022164
TTCCGGTATCTGTGTC-1,-0.55500644,-0.18236266,0.9955325
GGAGGCCGAAGTCGTC-1,-0.5565344,-0.17413299,0.99420846
TTCGCTAGGAAGTTGT-1,-0.4558311,-0.31022406,0.89233184
TAAAGACAACCCTTTA-1,-0.59241927,-0.12333529,1.0294394
GTTGCGCTAACATTAC-1,-0.56586844,-0.075541936,0.9636264
GCTGAACTCTCCAGGG-1,-0.5995683,-0.020943018,0.9935029
AGCCCTGTCGCACCGT-1,-0.5530571,-0.043801393,0.98950994
AGCGCTAGAGCGATGT-1,-0.5958303,-0.047392692,1.066305
TGCGCCGTTAATAACG-1,-0.35284832,-0.27707434,0.9572197
TGACAACGCATGTCGC-1,-0.5213101,-0.119117826,1.0345293
CGTCTTGAGTGTGACG-1,-0.40935758,-0.25212666,1.0198323
GATAGGATTAATTACA-1,-0.52434695,-0.1076623,1.0246618
GATACCGTGTCGGAGT-1,-0.41966945,-0.2402845,1.0217212
TGTGTCGAAGTCGAGG-1,-0.29551944,0.7525192,-0.6304181
GGATCAGAGCCATCAG-1,-0.22106317,0.81530094,-0.704669
GTCCCAATCATCCCGC-1,-0.40106508,1.2178347,-0.9217823
TGCCACACTAGAGGAA-1,-0.32850644,1.1382765,-0.93583834
TGAATTTCACTTGCCT-1,-0.39265662,1.2242397,-0.90303624
CTCAGATTGTGATAAG-1,-0.33278447,1.1939737,-0.96199733
CGGACGTTACTTGAAG-1,-0.36341205,0.6897943,-0.27489218
CCGCCTTGCGATGTCG-1,-0.27194232,1.0420773,-0.9091259
CCAGTCAAATCTCTTA-1,-0.35763305,0.5838877,-0.22067927
AAACAGCTTTCAGAAG-1,-0.20526741,0.9584076,-0.8527105
TAGCTGATGTGAAGCG-1,-0.08482286,0.35125127,-0.397374
CTTATGCGCTCAGGGC-1,0.02301048,0.5910383,-0.6681893
TGGCTCTTGTCGCGTA-1,0.18436392,0.16100658,-0.5320871
TTGTGAGGCATGACGC-1,0.11736457,0.30981138,-0.45058924
CATAAGCTCTCCGTCT-1,0.106706455,0.05151431,-0.17560217
CCTTCTCAGCGTTCCT-1,0.04397327,0.083452076,-0.15517868
TGCAGCTACGTACTTC-1,0.0009560265,-0.098946095,-0.022085872
CTCTACACTGGCGATT-1,-0.004028707,-0.018107679,-0.061486103
TGCAGATCGTCCTAGG-1,-0.10679818,-0.052154507,0.077756755
TGCCAAAGTCAGACTT-1,-0.082710445,0.010375761,-0.04873035
ACAATAGTCGTACGTT-1,-0.102360055,-0.07316111,0.01927793
CATGCCAACTCGCAAA-1,-0.23023719,0.0024879642,-0.057861734
TGCAGAACTATATCGT-1,-0.05069261,-0.2859436,-0.21349718
TCGTGTCACGCTGACA-1,-0.3545716,-0.0694152,-0.051015325
TGATCAGGGAACTGCT-1,-0.3842756,-0.25008917,0.09182477
CTTGCAACCGCCTCCT-1,-0.5816726,-0.022484034,0.13087054
AGCCCATACATGTAAG-1,-0.6925595,-0.007897448,0.43676588
ATCCAATGGAGGGTCC-1,-0.525743,-0.09317609,0.29491886
AAACCGGGTAGGTACC-1,-0.507827,-0.15431394,0.55251384
GCAACCACGGCCGCGT-1,-0.3168838,-0.2819071,0.39128506
CGCTTATTCCCGGTCG-1,0.20124713,-0.5315631,0.2753607
TTACTCTGGTACGTAC-1,0.36141038,-0.5661098,0.038470894
GTGGTTTCCGCCTTTC-1,0.51912874,-0.76028377,0.13192177
ATAGGCGGCTATAGAA-1,0.17182702,-0.53780264,0.35178837
GTGCCATCACACGGTG-1,0.14735334,-0.5866082,0.4970674
CCCAACATACGTCGCG-1,-0.2195553,-0.07793703,0.35989586
CGGTGCAGATAGAACG-1,-0.42409527,0.09151573,0.492132
GGGCGGGTTCCCTACG-1,-0.69419444,0.5179675,0.24946563
TGAGCCATACAGTCTC-1,-0.74481875,0.61624587,0.2635546
CTCCGCCCACATGAGG-1,-0.8315547,0.45517245,0.5191382
GTTGAACCGGTTCCAT-1,-0.55052954,-0.0057138754,0.6371008
TTGACTACCATATGGT-1,-0.72809505,0.15805209,0.7963856
ACCATCGTATATGGTA-1,-0.4333767,-0.11976037,0.7291995
TGCGTAAGAACCTGAT-1,-0.9214002,0.31432644,0.626753
AGAAGGTTGCCGAATT-1,-0.84080726,0.583143,-0.0048553264
AGGACGACCCATTAGA-1,-1.2139456,1.2338567,-0.29152307
GGTGCTGGTACACATT-1,-0.8367952,0.8567027,-0.25017166
GCGCTATGCCGAGGCA-1,-1.1634705,1.0146377,0.049341112
ACCCGGTTACACTTCC-1,-0.6255941,0.45688266,0.2235393
TAACTCATCCGCGCGG-1,-1.077819,0.9176129,0.29147908
CACAATGAGCTGCTAT-1,-0.29287466,-0.25887144,0.74036515
GTTACTTTGGGCCTAG-1,-0.35310677,-0.3016419,0.7847471
GGGCCCGTCTTAAACA-1,-0.28498304,-0.453543,1.0496167
GAAATTGTCTCTATAA-1,-0.45728847,-0.38798764,0.9064622
GGCGCATGAATTGATG-1,-0.4495645,-0.29106,1.0097855
CATATAGGTACAGTCA-1,-0.63265336,-0.20228025,0.8566367
TCAACGAGGAGACAAA-1,-0.67702883,0.05721302,0.9155674
TTGCACAATTCAGAAA-1,-0.7742565,0.08809649,0.69888854
CATCGGACGGGTTAAT-1,-0.73288536,0.1974091,0.8865472
ATTAAACATGCGGACC-1,-0.86282474,0.25181657,0.7244648
TATCTACCACAGCGGG-1,-1.0176114,0.4337729,0.78991145
CGAGACCCTAGAGTGT-1,-1.0488169,0.5426958,0.76944834
ACATCGATCGTTTACC-1,-0.9480254,0.29472163,0.9669064
ATCGACCCAATACAGA-1,-0.89833534,0.48297685,0.6765874
GAATCTGAACATTCTC-1,-1.0397247,0.3829201,0.8421186
AGTTCCTATTTATGTT-1,-1.3551004,0.8030945,0.5260741
CAGTCTGTATACTGGG-1,-1.3166717,0.61543113,0.6216132
GGAGACGACACCTTTG-1,-0.78622997,0.3129752,0.7415003
CCTAAATTAACGGTTC-1,-1.0566801,0.31636578,0.90517527
GCTACGACTTATTGGG-1,-0.7493272,0.4046243,0.8193109
CTGTGCAGGGTAGGTC-1,-0.7639154,0.24312831,0.9551882
ACGCCGCTAGACGACC-1,-0.592873,0.1435189,0.9208165
ACTTGACTCCCTCTTT-1,-0.6373601,0.038994,1.0660572
CGCCTCCCTCCTCTAT-1,-0.50643355,-0.057449274,1.00143
CTAGATTTACGACGGC-1,-0.55047584,0.041141957,0.84149545
GATGCTGTATTTCATC-1,-0.5920488,-0.13517539,1.1561526
TGCGTTTGTTGACACT-1,-0.70468676,0.13574149,0.9402854
CGTGCCCTCCCGAAGA-1,-0.6215041,0.056821197,0.9082912
ACTCTCTGACTTAGGT-1,-0.8892321,0.4501162,0.71724254
CTGGGTAGGCAGTTAA-1,-0.86859965,0.35587135,0.8908099
GTTTGGCCCAAGTTAT-1,-0.8716252,0.39299425,0.9630025
GAATGTGGTCCGGATT-1,-0.7413803,0.30751932,0.8662593
CCCAGTTAAGGCGCCG-1,-0.58571744,0.22741383,0.90151805
CGGTACTAGAATCAAA-1,-0.6458404,0.41032514,0.6023336
GCTTAATGTAACTAAC-1,-0.57216233,0.30416223,0.8349378
AGGACAGTCGAATCCC-1,-0.61283714,0.6824121,0.28043315
GACAGCCAGACCTGAC-1,-0.6029896,0.47271118,0.67918265
GGCGAAATCTAACTTG-1,-0.5886042,0.96718055,0.04010396
CTGGTAACACATAGAA-1,-0.5994343,0.36686987,0.7284225
TAGCCATTTCAAAGTC-1,-0.6243915,0.7938391,0.35131136
GGGATTTACCGCACCT-1,-0.5249863,0.16303521,0.7863117
ATGCCATTTGCGACCA-1,-0.4879766,0.6495918,0.22281316
GAATAGACGCGACCCA-1,-0.62359595,0.1201483,0.96663886
TGTATGGCGCAGACAG-1,-0.47384685,0.025183294,0.7657498
GGATGAAGATCGCTGA-1,-0.6989496,0.35388234,0.7767273
CGACAATTTGATCTAA-1,-0.61383057,1.2369219,-0.4164999
AAAGTTGACTCCCGTA-1,-0.53292674,0.850482,0.11366463
CGCGGCTCAACTTGAA-1,-0.5671967,1.5931077,-0.7748104
CACGCGGAACTGTTGC-1,-0.28188968,1.2584502,-0.47044444
TCTTAGAGTGAACTCT-1,-0.3657972,1.494026,-0.84116566
AGTCCATTGGCTGATG-1,-0.2799844,1.1478035,-0.38840532
TTAAGATAGGATTGAC-1,-0.550908,1.5733241,-0.84447527
ACATCCTGGTAACTGT-1,-0.58090514,0.77913976,0.2127551
CACCTTGGCGCCTTTG-1,-0.6802424,1.0081042,-0.13663103
GCTAGACCGTCTACTG-1,-0.5674193,0.12661493,0.834619
CGGCCCAGGTATATCC-1,-0.7382475,0.6343996,0.38184702
GTCCATTACTGCTACG-1,-0.6416317,0.07340908,0.9568082
GGGTTTAGGATAGGAT-1,-0.6603516,0.18573031,0.8354457
TAATTAGGACATCCGT-1,-0.526835,0.034932047,0.75090736
GCTCCCAGTCGGTCCA-1,-0.5710429,0.13953812,0.70017815
ATTCGTGCTATCTCTT-1,-0.5749615,0.13171206,0.6440099
GTTAACTATGTTGTCA-1,-0.63738495,0.15173572,0.7896005
GCTCCGCTCGCTTCAG-1,-0.5605177,0.009812449,0.8722485
GCAACGGCTAGTTATG-1,-0.55281967,0.08487173,0.7800773
AATCGCGCAGAGGACT-1,-0.5990249,-0.048514344,0.96509063
AGGTTACACCATGCCG-1,-0.53156763,-0.039238527,0.8904463
CGAGATTTCGCTCGGG-1,-0.5087365,-0.2017966,0.9286613
CGATAATACTCAGGTT-1,-0.58506316,-0.021713773,0.9700619
AAGGCAGGCTGTCTCC-1,-0.5840345,-0.13192931,1.0196826
GTAAGTCCACACTCTA-1,-0.62915385,-0.015453261,1.0394901
ATGAGGGCAGCGGCTA-1,-0.5257036,-0.098062955,0.96988964
GCCGCACTCCGTTTCA-1,-0.4807161,-0.1208403,0.9683592
GAGCACGGCGCCTCTT-1,-0.42103538,-0.2515061,1.0387037
ACAATTTGGCCATATT-1,-0.43134716,-0.23966394,1.0405927
CTGGTTCGCGAGCTAC-1,-0.26245177,-0.4957979,1.0909898
GACGGTCCTAGGGTGT-1,-0.42756906,-0.23986477,1.0344871
ACTCGCGATCTGACGC-1,-0.35076925,-0.27413514,0.94987017
GTGTACGAACCGTTCC-1,-0.4209329,-0.2402174,1.0237631
CTTTGACGTCGCTTCT-1,-0.1435124,0.49381322,-0.41508403
CGTTATCATACTTCCA-1,-0.060472254,0.25068852,-0.22581148
GCTATGCCAGCTTATG-1,-0.15680978,0.650057,-0.5855487
CAGTCGGCCTAGATAT-1,-0.14497934,0.6010138,-0.5413723
CCCGTGAGGGCGGTGA-1,-0.2776328,1.1509303,-1.036718
TCTCGTGTTACGAGGA-1,-0.1902619,0.7887332,-0.71046346
ACGTCTCGTTCCGGGA-1,-0.31016144,1.2857782,-1.1581843
CGAGAGCGCGTAGATA-1,-0.16841647,0.69817275,-0.6288897
GACAGATTTCTGGCTC-1,-0.18748412,0.7772179,-0.70009077
GGGCCTAAATGGGCTA-1,-0.05327801,0.5530194,-0.5537986
ACTTGTAGTCCCTTCA-1,-0.02163036,0.5535349,-0.5760894
CCCGAAGTTTCGCGAA-1,0.049319774,0.15531589,-0.20060715
ACCATCCGCCAACTAG-1,0.08340032,0.6459801,-0.74854606
TGCGAATATGGGATTT-1,0.059404805,0.1870753,-0.24162781
TACATCCCTATCCCTG-1,0.07526064,0.23700787,-0.3061211
GTGGGAAGACTGAATC-1,0.04978023,0.15676597,-0.20248008
TCAACATCGACCGAGA-1,0.037164196,0.07052988,-0.13114993
CTATGTGAGTCACGGC-1,-0.049078934,0.20345736,-0.1832673
CCGAACACTGGGCCTC-1,-0.028399663,0.13441883,-0.16133276
AAACTTGCAAACGTAT-1,-0.070112765,0.29065338,-0.26181042
AGGGCGAGCAGCTGAT-1,-0.11223551,0.3343852,-0.28695464
AACACGAGACGCGGCC-1,-0.107942,0.31658638,-0.2709221
TGACGAATATTTCCCT-1,-0.18519428,0.18950523,-0.20753278
TCGGAGAGTATCGGGA-1,-0.05227864,0.23269182,-0.26698482
CAAATCTCTCACAAGG-1,-0.10306083,-0.013443518,-0.13098104
AGGCCCTAGAACGCCA-1,-0.03623142,0.072767906,-0.22402202
TAGAGATCATGCAACT-1,-0.30435812,-0.06440801,-0.008012258
TTGTTTCCATACAACT-1,-0.03390762,-0.008329601,-0.09016345
GAGAGGTGCATTCTGG-1,-0.4493366,-0.075033695,0.2867275
GTGGACCAACCCGATT-1,-0.17023967,-0.008316526,0.08444868
CTGGGCCTGCTATATC-1,-0.5833963,0.022828143,0.4168964
CATAGTCCACAAGAAC-1,-0.24939403,0.29495686,-0.06087446
TTGACATGAACGTGGA-1,-0.40689546,0.22713768,0.13003418
GGTTACCACCCTCGGG-1,-0.585336,1.2901804,-0.9817379
TACCGGTCGTTTCCAT-1,-0.17373057,-0.057721566,0.24323851
CGAGTACTAAAGAGGA-1,-0.8608781,1.8012643,-1.3763826
GCAAGAATTCCTTGGC-1,-0.76191896,0.841357,-0.19193225
TCGCCGAAGTTGCGTC-1,-0.8874811,1.397862,-0.8229975
TTGAGAGTACTGCTAA-1,-1.0122052,0.8124799,0.10087766
GCCACAATTTAAGGAC-1,-1.0424978,1.2821965,-0.48223364
ATATTCAGTTAAACCT-1,-0.91550213,0.6928881,0.21703273
TGAGTGCCTCTTAAAT-1,-0.8596189,1.066449,-0.31507498
ATCAGACGGCACGCCG-1,-1.0242611,0.6681038,0.40745166
GTGCGAAATCGAACAC-1,-0.86584187,0.92319846,-0.18606985
GTGCCGCTTCAAAGGT-1,-1.0363045,0.8008551,0.10815864
GATACGATGGGAGTCA-1,-0.966855,1.3808055,-0.6413131
GACACTGAGTTCAGTG-1,-1.1575599,1.2142155,-0.29241872
ATCCTGCGTGGAATGG-1,-0.9798982,1.1589551,-0.12976679
ATCCTACCTAAGCTCT-1,-1.2768228,1.4165292,-0.089742094
AGTGATATGAGTAGTT-1,-1.0201223,0.93580496,0.25259
ATGATGCAATGGTACA-1,-1.0199085,0.6232005,0.5615239
GAAACCGAATTACCTT-1,-0.8694684,0.89535457,0.18731782
AGTGACCTACTTTACG-1,-0.7300789,0.009199712,0.74957603
CAAATGTCCTTCCGTG-1,-0.74723613,0.30429715,0.6156659
TTACTGGGATATTTCA-1,-0.8130582,-0.051495917,0.8457887
CTTGCCCAGGCTCTAC-1,-0.8114387,0.4163065,0.47004217
AAATCGTGTACCACAA-1,-0.7207555,-0.056600805,0.8353413
GTGATCATAGATCTGC-1,-0.82281023,0.6412189,0.3747633
TGGCAGATTACGATCA-1,-0.8538905,0.22629558,0.7719303
TCACCCTCTTAAGATT-1,-0.9480013,0.91376865,0.4085037
CAGGATATATCGTTGT-1,-1.0995425,0.76261497,0.59471136
CCTGACCACCGATGGT-1,-1.0421753,1.4261717,0.09939743
CTAAAGGGAAATAGGA-1,-1.1216167,1.0452936,0.3738053
CCGCTATCAGCACCAG-1,-1.1042333,1.6500992,-0.23841293
CTTTAGTGCTATTATT-1,-1.3172003,1.2513566,0.18053062
CGGGAATTTATGTAAA-1,-1.003437,1.068659,0.09529833
TACGACTGCCTCTTAG-1,-1.176149,0.7082402,0.6865025
AAACTGCTGGCTCCAA-1,-0.6856196,0.23412253,0.82709247
GTACGTTTGCCCGTCA-1,-0.7374249,0.37720746,0.82414687
GGCAAGGCGAAATAGC-1,-0.60516024,0.46072996,0.5910507
GATCTTGGAGGGCATA-1,-0.53857595,0.48404732,0.50328076
AGCGTGGTATTCTACT-1,-0.60951763,0.9380639,0.16766356
CTAAGGGAATGATTGG-1,-0.5373618,0.44009146,0.5803658
CATGGTAAGTAGCGTT-1,-0.6643582,1.0119734,-0.0059192963
CGTTGAGCGACCGTCG-1,-0.5171773,-0.077495955,1.0329877
TGCCCGTACCGTTAAA-1,-0.5213115,0.21041456,0.5848495
ACAAGGGCAGGCTCTG-1,-0.6286676,0.014475728,1.0350354
GAGATCTTCCATGACA-1,-0.6031263,0.6414983,0.22956154
AATGACGTAGGATGTC-1,-0.6759712,0.41037527,0.59332496
GTGGTGGCCAAGTGAA-1,-0.6172405,1.0672791,-0.20901783
TCCCGTGTGCAATTTG-1,-0.69528204,0.69983894,0.2722391
ACATCGTATGCAATGG-1,-0.63589424,1.5735639,-0.8480396
GCGAAACTTAACTGGA-1,-0.714637,0.84499156,0.083307974
AATTGAACGCTCTGGT-1,-0.69376355,1.59689,-0.98145664
ACAAATGGTAGTGTTT-1,-0.7498924,1.2890066,-0.4574213
ATGGTCGCGTGGTTTC-1,-0.7602289,2.3263085,-1.8211197
TGTTATTGTATGTGGC-1,-0.7766133,1.8155298,-0.96720946
TTCCGGTTACCCACTT-1,-0.71110266,2.2956955,-1.7396902
GAGTGTGCGGTACCCA-1,-0.68625593,1.5853658,-0.661201
CAAGATATTATAACGT-1,-0.6249261,1.723335,-0.98918754
ACACACCAGGACCAGT-1,-0.5769039,1.2827183,-0.36108786
ATGGGCCTCGGCCTCT-1,-0.40728715,1.4146858,-0.96656686
AAGGTGATAAACCAGC-1,-0.45050502,1.4234028,-0.77990675
TCTTACTTATGCCTCT-1,-0.34053028,1.470238,-1.1871372
AAAGTGTGATTTATCT-1,-0.51061267,1.622262,-1.1300793
TGCTCCACAGTTCTTA-1,-0.3528586,1.3474363,-1.0917599
CTGGCTGATTCATCCT-1,-0.5921207,1.75489,-1.1933558
TAAGGCTGAATCCCTC-1,-0.37802508,1.2880981,-1.0429677
TCTAGTGATATCGTGG-1,-0.5369233,1.9428282,-1.4874585
TCGAAGAACCGAGCAC-1,-0.3301812,1.2512314,-1.0771624
GACAAACATATGCAGG-1,-0.39747053,1.2803254,-0.9524267
AAGTCAATTGTCGTCA-1,-0.29236993,1.0039028,-0.8320968
AGTGAACAAACTTCTC-1,-0.5799673,1.3486041,-0.7907449
CATGATGGAAGTTAGC-1,-0.30166745,0.8533344,-0.5811625
AAGTGCCTTGACTGTA-1,-0.62132764,1.0049909,-0.2677713
ATCGCCAGTCAACATT-1,-0.56896573,1.1642147,-0.47266036
ACCGCGGTGGAAGTCG-1,-0.5963516,0.4922181,0.4280432
TCTTCTATAACCCGCC-1,-0.5996423,0.6926383,0.23879036
CACATTTCTTGTCAGA-1,-0.6284586,0.30592668,0.6872908
TAGCGTCCCTCGATTG-1,-0.55954975,0.2560977,0.6811158
GTTCGGATCGGGAACA-1,-0.596808,0.098915726,0.82748425
CAAACTCGCGACGCCG-1,-0.6108848,0.032466393,0.9872067
GTCTTGTAGCTATTCA-1,-0.5142278,0.05519199,0.7741629
TCTCGACGTATCGCCG-1,-0.58540356,0.031112183,0.94602835
TTGCCAAGCAGAACCC-1,-0.53567636,0.028469352,0.8656678
AAACCCGAACGAAATC-1,-0.61321884,0.032590497,0.99097854
TTGAGCAGCCCACGGT-1,-0.6351831,0.03375781,1.0264734
CGCCTTTAGCATGCTC-1,-0.64091045,0.0340622,1.0357289
TGTGGCTCCCACCAAC-1,-0.6467504,0.034372564,1.0451665
CCGCCGTTGAGGATAA-1,-0.6406149,0.034046404,1.0352516
CAATACGAGAGTCTGA-1,-0.6454235,0.03430196,1.0430222
CATCTAGTGAAGGGAA-1,-0.64379555,0.034215424,1.0403916
GGTGGAGGTTGATACG-1,-0.54160863,-0.044409808,0.97100896
CCGCACACGAACGTGT-1,-0.59886485,0.03182752,0.9677825
AGAACCCAGCGTGACA-1,-0.4812196,-0.12081356,0.96917295
GCGCTCGATCACCTGT-1,-0.6010907,0.031945832,0.9713796
ATCATGGACTACCGAC-1,-0.52921677,-0.107403524,1.0325316
TACGCCGCCTCAGAAG-1,-0.5316297,-0.044940066,0.9548828
CGACCTACTAGACAAT-1,-0.018404597,0.0762965,-0.06872523
GAGTCTTGTAAAGGAC-1,0.0,0.0,0.0
AATATCCTAGCAAACT-1,-0.018404597,0.0762965,-0.06872523
CCCTAGGCAACAAGAG-1,0.0,0.0,0.0
ACAAAGAAGGTAGGCC-1,-0.065663196,0.27220762,-0.24519517
CCCTGGCTGTTCCTTC-1,0.0,0.0,0.0
TCGCCGCACCGCGTGA-1,0.0,0.0,0.0
TATAGCGCACGTTATC-1,0.0,0.0,0.0
TTATCTGACATTAGGA-1,-0.022719132,0.09418246,-0.084836274
AGTGGTGTTACCCGTG-1,0.0,0.0,0.0
GCCAAGAATACTTCTG-1,0.026263174,0.08270696,-0.10682493
CCGGCGTGAGACTCTG-1,0.0,0.0,0.0
TTCCCGGCGCCAATAG-1,0.04814915,0.15162943,-0.19584571
AAACAGGGTCTATATT-1,0.0,0.0,0.0
ACAGTAATACAACTTG-1,0.021885974,0.068922475,-0.08902078
CGAACGGCCGGACAAC-1,0.0,0.0,0.0
GCAACACACTAGAACT-1,-0.024539467,0.10172868,-0.09163365
ACTCCCATTCCTAAAG-1,-0.024539467,0.10172868,-0.09163365
ACCTGCGTGTCATGTT-1,-0.09465223,0.39238206,-0.35344407
TACTTTCCGCACGCCA-1,-0.091146596,0.3778494,-0.34035355
AGGTCAGGTGAGAGTG-1,-0.16390231,0.67945915,-0.6120331
TCCTCCTAAGACATTC-1,-0.10892481,0.45154923,-0.40673977
ATGTGAAAGCCTAATG-1,-0.115831904,0.48018268,-0.4325318
AGTCGGCTCAACTTTA-1,-0.15033922,0.6232332,-0.5613867
CGATCTGTTGGAGGAC-1,-0.11618519,0.49170738,-0.47906145
ACGGGAGTGTCGGCCC-1,-0.24298055,1.007279,-0.9073219
TTAACTTCAGGTAGGA-1,-0.054855514,0.24913664,-0.30250356
CCACGGAGCCATAAGA-1,-0.14677231,0.60844654,-0.5480674
CTTCTATGTTGAAGTA-1,-0.07335968,0.25655502,-0.256186
CACCGTTGCGCGATAT-1,-0.13890673,0.5758397,-0.5186963
TCTAGCAATCTCCGCC-1,-0.12442917,0.5158227,-0.46463504
AGTTTGGCCAGACCTA-1,-0.20272438,0.84039646,-0.7569999
TTGTAAGGACCTAAGT-1,-0.3716293,1.1171885,-0.9431972
AAATTTGCGGGTGTGG-1,-0.2597213,1.0095592,-0.91840106
AAGTTCGGCCAACAGG-1,-0.58113265,1.737434,-1.5196573
CCGCTTACCTCACTCT-1,-0.28393254,1.1052725,-1.0053341
ATCACGTGCTAATTAA-1,-0.7259569,1.8018358,-1.4663116
GGTGAAGTACAGGGAT-1,-0.4329968,1.3734597,-1.1767339
GCTGTATTACTGGCCC-1,-0.5422807,1.1153687,-0.7654837
AACGGCCATCTCCGGT-1,-0.40868565,1.0855142,-0.8586998
TAAGTAACATCTTGAC-1,-0.69296104,1.4750744,-1.0022063
TTCTTGAGCCGCGCTA-1,-0.40678763,1.4124104,-1.2186303
AGTGCGTAGCTCGTAA-1,-0.6425432,1.6909376,-1.3060575
GGGATGGTCGTAACCG-1,-0.4562875,1.6683553,-1.4736246
GTCTGGGCGGTCGAGA-1,-0.6737117,1.649169,-1.2544799
CGGAACGTAAACATAG-1,-0.40627408,1.5713418,-1.4309254
TGCGACACCCTAGTGC-1,-0.69204485,1.4313972,-0.9506192
CAAACGAGTATCGCAG-1,-0.4838262,1.3751838,-1.0377572
TCAGTAGGGACTATAA-1,-0.7943737,1.580181,-0.89295185
GCGGTTCCCTATCATG-1,-0.56714255,1.5249137,-1.0719591
GTGACTTCAGTAGTGC-1,-0.6288735,1.1268706,-0.35853824
CGTCACGTCCATTGGT-1,-0.40725818,1.9125704,-1.3779962
ATAAGTTACCGCGACG-1,-0.55603504,1.6224871,-0.6608172
CTGAATCCGAGACCTC-1,-0.37833822,1.8684428,-1.0716388
TACGACGCTTGCTGCG-1,-0.6382981,1.7690861,-0.8147505
GAATTCACCCGGGTGT-1,-0.4841789,1.8153458,-1.1116219
GGGTGACACCTTAACT-1,-0.80340606,1.4746207,-0.28211546
TGAGTAAATTAGCGTA-1,-0.7152585,1.8461071,-1.003165
GAGTCCGCTTACCGGA-1,-1.0526178,1.6553746,-0.22301498
GGCGCGTTCGAGTTTA-1,-0.8783769,1.9343913,-0.7988142
ATTCATATACTGTCCA-1,-1.0669816,1.9276282,-0.33626285
ATAAACGGACCCGTAA-1,-0.8703671,2.2093859,-0.95589054
GTCGTACCATCTCGGG-1,-0.91602683,1.8933698,-0.57037586
ATAATAGCTGTTGAAT-1,-0.7273289,2.1564088,-1.1896902
TTCCGCGTGAGGCGAT-1,-0.73109543,1.3532659,-0.2881554
TACCGGCTCACTGCCC-1,-0.6113218,1.8223066,-1.0377337
GTATCTTTCATAACCA-1,-0.72333837,0.7208202,0.2472565
GTTACCTACAACTTGC-1,-0.810044,1.3930653,-0.46749684
TGACTATAATCCTTTC-1,-0.70355016,0.6419968,0.41523156
AAATACCTATAAGCAT-1,-0.8772899,1.4315164,-0.41912213
TTATTAGAGCGTGTTC-1,-0.7853459,1.1483991,0.006968034
ATGTGGACATCTTGAT-1,-0.9490042,2.0975256,-1.0747083
GTACGCTTCATTGCAC-1,-0.9225469,1.8252437,-0.61496276
CACATATTAGCAGGAT-1,-0.9159758,2.4109318,-1.6018178
CAAGAGGGCGGAGTAC-1,-0.88520473,1.8346497,-0.8375411
TCGCAAAGATGCATTT-1,-0.866661,2.51326,-1.8583344
GTCGTTATTCGCTTAT-1,-0.79621345,1.3918936,-0.5013341
TCGTGTACTATGGATG-1,-0.5247943,2.062766,-1.616959
GCGGAGAGGGAGAACG-1,-0.60289186,1.4169202,-0.6669139
TCACAGGGAATCGCAA-1,-0.25824204,1.6160955,-1.2799629
GACTGCACCAGCCCAG-1,-0.348267,1.654885,-1.2032423
TCCGCTGTCATCCCGG-1,-0.13552997,1.1291492,-0.9381489
AGATACTCAAGATCGA-1,-0.4501391,1.8510675,-1.5255045
ACTGAATGGCGAAAGT-1,-0.24084666,1.3708029,-1.2569866
TCCTACATCCACGGCC-1,-0.6278698,2.436154,-2.1583862
TTCAGCCCTGGTCCAC-1,-0.38981235,1.6189595,-1.4920913
TTAGAGTTTAGAAGGA-1,-0.63064075,2.292789,-2.0050435
GGTTAGCTATATGTCT-1,-0.3053808,1.2659601,-1.1403326
CTGGTTTCGAGCAAGA-1,-0.4454472,1.5480893,-1.2684467
TGGGCCCATACTAATT-1,-0.28709853,1.065449,-0.8996892
ACTTATTTATGTGCCA-1,-0.3300261,1.1199656,-0.90131176
TTAGTTATTCGTGGCA-1,-0.20432529,0.77930564,-0.67694926
AACCGCTAAGGGATGC-1,-0.29159537,1.2113008,-1.0055126
ATACGTCCACTCCTGT-1,-0.09100072,0.42881233,-0.41926226
CGACACGCTCCGACAG-1,-0.15494832,0.77559257,-0.736959
TCTGAACTCGTACCCG-1,-0.045573298,0.18892469,-0.17017676
AGGATATAGGGATTTA-1,-0.1445013,0.599032,-0.53958714
GTGATCACTAACGCCT-1,-0.026505653,0.10987954,-0.09897565
ACCGGGCCTTTGTTGA-1,-0.17414434,0.7219176,-0.6502782
TTGACAGGAGCTCCCG-1,0.0,0.0,0.0
CTCTTCTATTGACTGG-1,-0.17786616,0.73734653,-0.66417605
CGTGGCCGAATATCTA-1,-0.08286828,0.22473338,-0.1605466
GGTTTAGCCTTTCTTG-1,-0.20360391,0.6365889,-0.4950096
TCAAGGTTACTACACC-1,-0.1487489,0.37865856,-0.21679622
TTGACTATTGTCCGGC-1,-0.14744791,0.49245915,-0.33347005
CGGGAATATAGTATAC-1,-0.2059591,0.5173921,-0.21218671
GCAACAGCAGTATGCG-1,-0.3869352,0.8455384,-0.22093108
ATCAAACACTGTTCCA-1,-0.57694995,0.577555,0.25897184
TGGGCAATAGTTGGGT-1,-0.58099777,0.5154322,0.42673847
TGAATGTCAGCCGGCC-1,-0.5027304,0.21743199,0.62645566
CGGCTCTAAAGCTGCA-1,-0.5734395,0.09560969,0.8803077
GGACACAAGTTTACAC-1,-0.6655707,0.035372842,1.0755808
CCGAGAAGTCGCATAA-1,-0.6250076,0.033217065,1.0100298
AACTACCCGTTTGTCA-1,-0.65237767,0.0346717,1.0542604
GCACAAACGAGGCGTG-1,-0.6258179,0.033260096,1.0113391
CACACAGCTTGCGCTC-1,-0.6426288,0.034153525,1.038506
GTGCTTACATCAGCGC-1,-0.63752383,0.03388217,1.0302563
GCAAACGTCGCCAGGT-1,-0.64095837,0.034064688,1.0358067
GAATAGCATTTAGGGT-1,-0.5924847,0.03148848,0.95747185
TACTGTTTCTCTGGTA-1,-0.59749293,0.031754587,0.9655654
TCCTATCATAGGTAAC-1,-0.64115816,0.034075275,1.0361296
TTCGGTGGAGACGCCC-1,-0.6388382,0.03395202,1.0323805
TGTTGCCGTCGTCCCA-1,-0.63947564,0.03398583,1.0334105
CCAACTTGATAGATCC-1,-0.63155895,0.03356513,1.0206171
CAAAGGTCATCTGAAA-1,-0.6788795,0.03608012,1.0970883
CTAGCTTAATGGTCCC-1,-0.62866765,0.033411488,1.0159446
AGGCCACATTGGTTAC-1,-0.6378478,0.033899423,1.0307798
TTAGGATGGGAGGGTA-1,-0.62809575,0.033381138,1.0150204
TATGACCTTGCGCTGG-1,-0.01944651,0.0010335103,0.031426117
ATATACATGTATGGTA-1,-0.04989832,0.0026519129,0.0806371
TGTGTGACCATGAATC-1,0.0,0.0,0.0
CCCACTCCACGGTATC-1,-0.01944651,0.0010335103,0.031426117
GGGCAGACGTCACTGC-1,0.0,0.0,0.0
TCAAAGAGCTATCTGT-1,0.0,0.0,0.0
AGATGCATCCTGTGTC-1,0.0,0.0,0.0
GTGAAGTCACGACTCG-1,0.0,0.0,0.0
TGATTCAGGTCCCGCG-1,0.0,0.0,0.0
CGCCACAGGTCGCGAT-1,-0.031806782,0.13185541,-0.118770786
TTGAATCGTTGTATAA-1,0.0,0.0,0.0
TGGCCAATTTGGTACT-1,0.0,0.0,0.0
CGACCCTTAACGCCGG-1,0.0,0.0,0.0
TCGGCGTACTGCACAA-1,0.0,0.0,0.0
GAGTAAGGCCACGGGA-1,0.0,0.0,0.0
ATCAGCTCGTCCACTA-1,0.0,0.0,0.0
AGGATCACGCGATCTG-1,0.0,0.0,0.0
AAATGGCCCGTGCCCT-1,0.0,0.0,0.0
CAGTACCAGTTTACGT-1,-0.022719132,0.09418246,-0.084836274
GGTCGTAAGCTCGCAC-1,0.0,0.0,0.0
CGTTCATGGTGCGCGT-1,-0.021033831,0.08719601,-0.07854311
GACTACAAAGCGGTGG-1,0.0,0.0,0.0
CAGCTGGCGTAACCGT-1,-0.07346036,0.3045309,-0.27431083
ACTCGTAACCCGTCCT-1,-0.031806782,0.13185541,-0.118770786
CATATGTCAGGCTACG-1,-0.12749162,0.5285182,-0.4760708
GCCCGACTTCTTCCCG-1,-0.15652713,0.6488852,-0.5844932
CTGGCATCCGAATGAG-1,-0.22927333,0.9504556,-0.8561373
AAGTGCGTTAGAATCT-1,-0.15375583,0.63739675,-0.57414484
AGAAGTGATTCGTGAT-1,-0.17379928,0.7204871,-0.6489898
TACCTTAAGATTTCCC-1,-0.053574953,0.22209567,-0.20005605
AATGACAGCAATGTCT-1,-0.09914825,0.41102034,-0.37023282
TCAACGCAGGAAATAA-1,-0.045438264,0.18836492,-0.16967255
TATTCCTCCGCCCACT-1,-0.089326255,0.37030315,-0.33355615
ATCAAACGAAGGTTTG-1,-0.024539467,0.10172868,-0.09163365
TTGATTAGCTGTTTCT-1,-0.13320424,0.5521999,-0.4974024
CTGCTGAGGCCACGAA-1,0.0,0.0,0.0
CCGTGTTAAATTCCAT-1,-0.14037137,0.5819114,-0.5241655
CACGTCGGCAACCTCT-1,-0.045573298,0.18892469,-0.17017676
GTATTCTGAGAAACGA-1,-0.12164713,0.50428975,-0.4542466
CGGTGCGCGTTGGTCC-1,-0.021033831,0.08719601,-0.07854311
GTGATTCGCCGCTCAA-1,-0.13512659,0.560169,-0.50458074
GCCCGCGCGTAAACGG-1,-0.05398682,0.22380309,-0.20159402
AACGTACTGTGGGTAC-1,-0.09291355,0.38517436,-0.34695166
GAGTATGCCCGCCTTG-1,-0.08481809,0.35161448,-0.3167221
TGATTCTGTCGCCGGT-1,-0.30438843,1.2618463,-1.1366272
GGGCGGCAAATGAATT-1,-0.1732007,0.7180058,-0.6467546
TTCCAATCTGGCTATC-1,-0.2265423,0.93913406,-0.8459393
GGAACCGTGTAAATTG-1,-0.24946915,1.0341775,-0.9315511
TTGGTCACACTCGTAA-1,-0.3327381,1.3793702,-1.2424885
CGAACCCGCATGCGTC-1,-0.2422488,1.0042456,-0.9045894
GGGCGTCACCACGTAA-1,-0.41056797,1.7767953,-1.4894866
TACCAGAAGTAGGTTC-1,-0.21321331,0.8838785,-0.796167
TTGGATATCGTCTACG-1,-0.26561114,1.2970676,-1.0020962
TAGATATGGACTGGAA-1,0.0,0.0,0.0
GCGACGATAGTTGTAC-1,-0.22479099,1.2838874,-1.0116906
CTGGATTTACACTTGA-1,-0.033982076,0.30966645,-0.28295246
GTTATATTATCTCCCT-1,-0.2677919,1.1490444,-0.86083126
TATTCCACTCAGCTCG-1,-0.05104512,0.2116082,-0.1906093
CTGTTACCCAATCTAG-1,-0.3788885,1.0925025,-0.7352334
ACGCGAAGTCAGACGA-1,-0.17702124,0.73384374,-0.66102093
GATAGGTAACGTTGAC-1,-0.67818743,2.1209707,-1.4911152
TGTTCGTATTGCGGTG-1,-0.44903126,1.5317707,-1.2275591
GGTCAGTGGGTCCCAC-1,-0.6638255,2.2176213,-1.5561391
AATTCTAGAGTTAGGC-1,-0.4490403,1.7959943,-1.5011008
GTTTACGTTCCATCTG-1,-0.5961389,1.9696349,-1.2756802
AGACCCACCGCTGATC-1,-0.40947786,1.4974174,-1.3111541
TCTAGCATGCCCAGAA-1,-0.80260485,2.409722,-1.7436665
CCCGCAGCGCGAACTA-1,-0.71196496,2.4039347,-2.064674
CTCTATTTGGCTGCAG-1,-0.920604,2.24313,-1.5784676
TTCTGCCGCGCCTAGA-1,-0.7522248,2.8923461,-2.59423
ACTCCCTAGAATAGTA-1,-1.0137308,3.0773869,-2.4194958
CCGAACCTTCCCGGCC-1,-0.8756777,3.2400057,-2.8426855
TCAGACGCTATAGAAG-1,-1.0321143,3.0402918,-2.3022742
CAGGCGCCATGCTAGG-1,-0.64638996,2.5684166,-2.3838184
CACTCGAGCTGAACAA-1,-0.89443874,2.631475,-2.0574863
ACAAGGAAATCCGCCC-1,-0.64226604,2.4440846,-2.2011592
ACCACGTGCAGCTATA-1,-0.6555679,2.4098513,-2.0029776
ACGGCGACGATGGGAA-1,-0.50012875,2.045504,-1.8139161
TTACTAAAGGACTTTA-1,-0.47086543,2.188781,-1.85883
GGCTGAAATAGCAAAG-1,-0.2876675,1.2886298,-1.1023072
TTAGACGAGTCACCTC-1,-0.13133964,1.0576602,-0.9049293
GTAGTCGCGGGAATCA-1,-0.08504023,0.40694273,-0.34260184
GCAAACCCTACATTAT-1,-0.08156566,0.61389846,-0.53335696
GTTAAAGTAGGACTGG-1,-0.042192675,0.17491028,-0.15755306
ACCCTCCCTTGCTATT-1,-0.14472154,0.599945,-0.5404095
CATGTCTCATTTATGG-1,-0.10217359,0.42356193,-0.38152975
AATAGAATCTGTTTCA-1,-0.28127298,1.1660209,-1.0503109
TCTCATGAGATAGGGT-1,-0.17228635,0.7142153,-0.64334023
ATGACTATGCGACATT-1,-0.235663,0.976944,-0.8799971
CCTAACCCAAACAAGT-1,-0.19324765,0.8011106,-0.7216126
AGTCAAGATGACACTT-1,-0.103080615,0.42732206,-0.3849168
CGGGAGCTTCAGTGTA-1,-0.049224783,0.204062,-0.18381193
CCACAGTACCCATCCT-1,-0.06673214,0.27663895,-0.24918672
GAGCGCGCACGAGTAG-1,0.0,0.0,0.0
ACCAGTGCGGGAGACG-1,0.0,0.0,0.0
TCCTTACGACGGTCCG-1,-0.021033831,0.08719601,-0.07854311
TAGTCGATCACGGGTT-1,0.0,0.0,0.0
AGACGAAGTGCCGGTC-1,-0.025214588,0.43390003,-0.44452754
CGCTGGTGACTACCCT-1,0.023974882,0.07550078,-0.09751737
AGGCATTGTCGTAGGG-1,-0.038564958,0.5955101,-0.5847573
TGGTAGAATATATGGG-1,-0.020011095,0.17826298,-0.1577249
TTCTTATCCGCTGGGT-1,-0.21221842,0.23512211,0.044780195
AGTTTGGCACGGGTTG-1,-0.1921703,0.35985008,-0.18050252
GCATCGGCCGTGTAGG-1,-0.42989084,0.6044183,-0.11787227
ATGCGAGTCCCACCAC-1,-0.4621193,0.84370726,-0.41746357
TCGGCGAACCCAAACC-1,-0.5872904,0.78223443,-0.13262999
AGAGTAAACTTCACTA-1,-0.5973196,0.8160854,-0.19720726
AAGCCGAAGCGGTTTA-1,-0.68440264,0.5727296,0.24313164
CCCGAGTTTCTCCGTA-1,-0.5781359,0.49832362,0.23321939
AATATCGAATCAATGC-1,-0.64935845,0.30026785,0.612351
GCGCCTCCCACTCCGA-1,-0.5918201,0.11006171,0.7961225
CGTTAAACTAGTTAGG-1,-0.68045163,0.06623839,1.0382646
TGAGTTAAAGACATTC-1,-0.56689155,0.030128391,0.91611266
AACAGGTAGTATGGAT-1,-0.6307491,0.03352208,1.0193083
GAACGCGGGTCACACG-1,-0.6034388,0.032070775,0.97517395
TGTTTGAGATCGTCAG-1,-0.66823095,0.035514176,1.0798798
ATCTCGTGAGCGAAAC-1,-0.64807606,0.034443017,1.047309
CTGAGAAAGTTCGGCG-1,-0.6658306,0.035386574,1.0760008
ATTACCACACTGCCTG-1,-0.64893365,0.03448855,1.0486947
CTGCTGTCTAACGAGC-1,-0.66357017,0.035266392,1.0723478
CGTGGAAGCCTCGTAC-1,-0.6002537,0.031901374,0.97002685
GGACTCACAAATTAGG-1,-0.6074928,0.03228611,0.98172516
CTTTGCTGTCATGGAT-1,-0.6383113,0.033923972,1.0315291
GGTGTTGGGCGTCTTA-1,-0.6407977,0.034056142,1.0355469
TACCATGTATTGATTT-1,-0.66795325,0.035499405,1.0794312
GGTCTCCAAGTAGTGC-1,-0.62905425,0.033432066,1.0165693
ATCCTTCTGAAAGAAC-1,-0.62482554,0.033207368,1.0097356
CCGGAAGTTATCAGTC-1,-0.6309018,0.03353031,1.019555
TTAGAGGGATATACAG-1,-0.07768829,0.0041288543,0.12554644
TTGTACACCTCGAACA-1,-0.14343673,0.0076231565,0.23179777
GTGGGTACTGAGCGTA-1,-0.03165145,0.001682159,0.051149625
CTTAAGCAGCGAGCCG-1,-0.1148671,0.29303193,-0.18948618
GCATTGACTTGCGGAA-1,-0.022719132,0.09418246,-0.084836274
CCATAACCTGTGCAGT-1,-0.14373116,0.59583944,-0.5367114
GGGCTACTATTTCGTG-1,-0.075730436,0.31394154,-0.2827876
GGCGAGCGAAACGGCA-1,-0.15328121,0.63542926,-0.57237256
GGAGACCATCTACATA-1,-0.08481809,0.3516145,-0.3167221
AGACCAAACCACACCT-1,-0.32874504,1.3628169,-1.2275779
CGACGCATCCGTACCT-1,-0.13868867,0.5749357,-0.51788205
CCTAGGTAAAGGTAGC-1,-0.2960564,1.2273057,-1.1055142
AGCGGCGGTTAGCGGT-1,-0.07588266,0.31457257,-0.283356
CTGGACGCAGTCCGGC-1,-0.25223643,1.0456494,-0.9418845
AGCCTAATACCCACGT-1,-0.059492648,0.24662754,-0.22215351
AATCTGGCTTTCTAGT-1,-0.12890074,0.5343597,-0.4813326
CACCCTTGGTGAGACC-1,-0.039350685,0.16312878,-0.14694074
GGATCTTGACTCAACC-1,-0.039350685,0.16312878,-0.14694074
ACGAGGATACCACTCT-1,0.0,0.0,0.0
GAGTTGATGGCAATTT-1,0.0,0.0,0.0
GTGGCAAACAGCGGCA-1,0.0,0.0,0.0
GATGTAACGAACCACC-1,0.0,0.0,0.0
AGCCGTGGCTAAATGT-1,0.0,0.0,0.0
CTCCCTCCTTTCGATC-1,-0.031806782,0.13185541,-0.118770786
TTGGAAGAATACAGTC-1,-0.026881639,0.11143818,-0.10037964
AGTTAAGTCAACCGCT-1,-0.022719132,0.09418246,-0.084836274
CTCATGGTAATTTGCG-1,-0.053763278,0.22287636,-0.20075928
AAAGTAGCATTGCTCA-1,-0.022719132,0.09418246,-0.084836274
TTGTGGTAGGAGGGAT-1,-0.031806782,0.13185541,-0.118770786
AGTCGTGGGCATTACG-1,0.0,0.0,0.0
ACCTAAGTACCTTTCA-1,0.0,0.0,0.0
GTAGAGGGAGACAAGT-1,0.0,0.0,0.0
GATCCTCGACACTGGC-1,0.0,0.0,0.0
CCTACATTCACAGACG-1,0.0,0.0,0.0
TTGACCGTGTTAATGA-1,0.0,0.0,0.0
TCTGTTACCCAGCATA-1,0.0,0.0,0.0
CTAACTGGTCCGGTTC-1,0.0,0.0,0.0
AGCGACAGGAACGGTC-1,0.0,0.0,0.0
TAATAGAACAGAGTTA-1,0.0,0.0,0.0
ACAGGTGGAGGTGAGG-1,0.0,0.0,0.0
TGCGAGAATATTACCC-1,0.0,0.0,0.0
TTGCGTCGGCCAACCG-1,0.0,0.0,0.0
AGGCTTCCCGAAGAAG-1,-0.029035486,0.120367,-0.10842239
GCGGACCGCGTTGTGG-1,0.0,0.0,0.0
GTAATCTGATTCTTCG-1,-0.026505653,0.10987954,-0.09897565
CCGCGGAATGCGTCAC-1,0.0,0.0,0.0
TTCCACACAGATTTGA-1,-0.031806782,0.13185541,-0.118770786
CTTCTATTAATGCTAG-1,0.0,0.0,0.0
CATTTGAGTGGTACGT-1,-0.031806782,0.13185541,-0.118770786
TCACAGCAAACTCGAA-1,-0.031806782,0.13185541,-0.118770786
CAGACGAACCTGATAC-1,-0.07811443,0.32382435,-0.29168966
TAGCTAGAAGGCATGA-1,-0.087347925,0.3621019,-0.3261688
ATCCAGAGCAACAACC-1,-0.022719132,0.09418246,-0.084836274
TCCGGTTCGTCCGGTC-1,-0.080080606,0.3319752,-0.29903167
CGCGCATGTTTGATTG-1,0.0,0.0,0.0
TGGCGATCAAGTTATG-1,-0.045438264,0.18836492,-0.16967255
CCCTTTGACAGGTCTT-1,0.0,0.0,0.0
CAGAGACGGTCACCCA-1,-0.024539467,0.10172868,-0.09163365
TAGCTCGCCTGATAAC-1,-0.022719132,0.09418246,-0.084836274
TTGTGTTTCCCGAAAG-1,-0.045438264,0.18836492,-0.16967255
TATACACAGACGCCTT-1,-0.16220452,0.67242086,-0.6056933
ACATTAGTTTATATCC-1,-0.12642694,0.4514562,-0.37711817
CCATCGCAGTTAAACT-1,-0.26039764,1.0794817,-0.97235954
AATTAGCGCTGCAGCG-1,-0.2697251,0.8512634,-0.67025465
TCCGCTTATCCCATTA-1,-0.2390827,0.9911203,-0.8927666
GTTTGGGCTTGTGAGC-1,-0.2255497,0.7051946,-0.5559441
CTTGTCAACATTCGAG-1,-0.22587104,0.9363512,-0.84343255
GGACCAACAGGATAAC-1,-0.27163795,1.1422285,-1.0706804
AAGCTAGATCGAGTAA-1,-0.43594694,1.7407744,-1.5770494
TACCGTGCCTCGGACC-1,-0.3372518,1.4677341,-1.3629475
GTAGCCAAACATGGGA-1,-0.52796394,2.3231082,-2.1571481
TGCCAGTACGTGGAGA-1,-0.37579298,1.626295,-1.5022122
ATAAGGTGGAGAACAT-1,-0.5673961,2.4007978,-2.2239637
CTTTAATATTGGTCGA-1,-0.30567992,1.3356404,-1.2404006
TGGTTCAACGGGTAAT-1,-0.3060385,1.2700576,-1.1788685
GCTGCTACTGCGTAGC-1,-0.13790834,0.5717009,-0.51496816
CTGCACAACTACATAT-1,-0.20633404,0.7942543,-0.7162293
ATATTCCACATAGTGA-1,-0.05634625,0.23358409,-0.21040443
TGGCAAACTAAATTAC-1,-0.17355847,0.71948886,-0.64809054
ACCGCAATAACTGCCT-1,-0.10009921,0.41496256,-0.37378383
TCGCACCAGGAGGCAG-1,0.0,0.0,0.0
ACTTCAGGCTGATCCC-1,-0.040507372,0.16792384,-0.1512599
ACAAATCGCACCGAAT-1,0.0,0.0,0.0
TCTGATGTATTCTGTC-1,0.0,0.0,0.0
CTTTACCGAATAGTAG-1,-0.019473543,0.080727816,-0.072716795
GCAGATCCATAAGACT-1,0.0,0.0,0.0
TTCCTCGGACTAACCA-1,-0.081014745,0.33584768,-0.30251983
TTATCCGGGATCTATA-1,-0.02103383,0.087196015,-0.07854313
CTGGAAGACACGGTGG-1,-0.1071145,0.44404456,-0.3999798
GTTCGTCTAAAGAACT-1,-0.04206766,0.17439203,-0.15708625
GTCTATTGGTTCCGGT-1,-0.066607125,0.27612072,-0.2487199
CTAGGCGCCCTATCAG-1,-0.02103383,0.087196015,-0.07854313
AACGGACGTACGTATA-1,-0.02103383,0.087196015,-0.07854313
AACACACGCTCGCCGC-1,-0.06933061,0.28741094,-0.25888976
GCTACTATAGTAGAGT-1,-0.021033831,0.08719601,-0.07854311
AGCATATCAATATGCT-1,-0.2075294,0.8603157,-0.77494234
CGAACAGTATGGGCGT-1,-0.16117221,0.7981922,-0.73917794
ACAATTGTGTCTCTTT-1,-0.546572,2.0692503,-1.8038989
GATCGCTACCCGATTT-1,-0.23153393,1.4542555,-1.3971938
ATTGCGATCAGTAACT-1,-0.46285436,1.8023967,-1.5623139
CAGCAGTCCAGACTAT-1,-0.2658005,1.4199563,-1.2884107
AGAGGCTTCGGAAACC-1,-0.6205048,0.80413127,-0.085757375
AAACAAGTATCTCCCA-1,-0.47115943,0.3819411,0.2801259
GGCAGCAAACCTATGC-1,-0.64054245,0.54100704,0.4161234
ACTAGTTGCGATCGTC-1,-0.5642549,0.49024838,0.26591197
TTGGACCATCTGGCAA-1,-0.5713281,0.50834,0.46634677
CCCTCCTCGCTCGTAT-1,-0.6690726,0.8462399,0.005436849
GAGCGCAAATACTCCG-1,-0.63756126,0.5946597,0.4151729
ATTACATGTCAGTCTT-1,-0.6436138,0.5570106,0.25902316
TTGGGACGTAAGAGTT-1,-0.65911084,0.3390345,0.70191103
CTTCGGCCAATTGTTT-1,-0.63798934,0.09402007,0.90827674
AGACCGCTCCGCGGTT-1,-0.5788952,0.061031967,0.8736719
GACCGCGTCTGACGTG-1,-0.6328427,0.033633314,1.0226916
CCAAATAACAAGATTC-1,-0.5799791,0.030823832,0.93726254
TCTTTAGAGTCTAACA-1,-0.61708444,-0.05172171,1.1077932
CTCCCAATGAGTCGCG-1,-0.4394215,-0.088452555,0.85638446
TAGTCTTTCCGAATTG-1,-0.5803025,0.030841017,0.93778485
GAGTAAACCGGAAAGT-1,-0.5093423,0.027069753,0.8231115
GATCTCGACGCTGTGG-1,-0.6370623,0.03385764,1.0295105
CTGACATAGAAATAGA-1,-0.6652291,0.015122258,1.0862551
TATACCGAGTGCCACA-1,-0.5704249,0.030316094,0.92182255
TCCGAACGTTGCCGCT-1,-0.61042637,-0.011264684,1.0107174
GCAGAAGGTAATCTCC-1,-0.6117436,0.03251199,0.9885946
GGTACTAAGTGCTTTG-1,-0.5546264,0.005537245,0.90957475
CAGAATATTCGTTATC-1,-0.72736055,0.038656715,1.1754348
TAATCAACCAAATGGG-1,-0.60598725,0.032206114,0.9792922
TCTGCTTAGAACAAGC-1,-0.6340834,0.033699352,1.0246965
AACTGAGTTATACTGA-1,-0.59951895,0.031862345,0.96883935
CCTCAACGATCGCTGT-1,-0.38658655,0.2761788,0.2344013
CGGTACGGCAAACCCA-1,-0.484935,0.4334089,0.15099175
CAGATGTTTGTCCCAA-1,-0.2139891,0.1951728,0.09507634
GTTTGTTAGCCAAGTA-1,-0.5717844,1.0584873,-0.5158846
ACGTGACAAAGTAAGT-1,-0.24557717,0.8161666,-0.6626287
TTGTCACCGCGGTATC-1,-0.6132429,1.328688,-0.8148839
GATCTAACCGTATTCA-1,-0.29547578,1.1276984,-0.9832036
ATGGAAATTTAAGGAG-1,-0.5342684,1.0212883,-0.60647523
ATTGATCACCACATTT-1,-0.4173793,1.2560247,-0.9832133
ACTGCTCGGAAGGATG-1,-0.50012374,0.93876666,-0.59102905
TCTAAAGAACAGTCTC-1,-0.5063467,1.7500083,-1.4693383
CTGGGTTGAGTTAAAG-1,-0.5404074,1.6984433,-1.3747854
CCCAGTAAACTTGGGA-1,-0.37112272,1.5384942,-1.3858219
AGATTCACAACCGATA-1,-0.5592443,1.3763365,-0.9666626
AGAAGGTACACTTCAC-1,-0.19689912,0.81624794,-0.73524773
GCAGGAACTTAGATCT-1,-0.13558055,0.20410536,-0.07832619
AATCTAGGTTTACTTG-1,-0.0321297,0.1331941,-0.11997661
CCCGGTGTATCGGAAT-1,-0.090052314,0.37331307,-0.3362674
TTATCCTCAAGGAATA-1,-0.024539467,0.101728685,-0.09163365
AGCATCATTTCGAAAG-1,-0.102236085,0.42382106,-0.38176325
CGCGAGTCTGCCGGGT-1,-0.0602878,0.24992387,-0.22512272
TGCGTCATGACTGAGC-1,-0.25844136,0.75624675,-0.62059397
GTATGAAATTTCACTC-1,-0.13220792,0.47627255,-0.43921897
TTGGTTGCGGTGCGCG-1,-0.3827967,0.88592064,-0.6374412
ACAGAACTGAGAACAA-1,-0.1322079,0.47627255,-0.439219
CTACTATCATAGGTTT-1,-0.40127692,1.053873,-0.82304376
CCTCTATCGATTAGCA-1,-0.11173608,0.4025238,-0.3712078
CCGTATCTCGTCGTAG-1,-0.1428613,0.4087431,-0.327716
TCACGATGTCCGTGGA-1,-0.02488756,0.103171706,-0.092933476
TCAACAAAGATAATTC-1,-0.13623285,0.564755,-0.50871164
ATGACGCGTTCTATCC-1,-0.04267328,0.17690264,-0.1593477
ATTTGCGCGAGTAGCT-1,-0.102067076,0.52384436,-0.5344734
TTCTTGGACGATCTGC-1,-0.04300701,0.25180894,-0.2750294
AGACGACGATGCCGCT-1,-0.1342133,0.6182497,-0.64236325
GGTCTCTGAATGGACT-1,-0.026335333,0.22498474,-0.27784592
GCTCAATCCGTTTATT-1,-0.22603336,1.0433755,-1.0404046
CCAGAAAGCAACTCAT-1,-0.06984268,0.3372761,-0.3343615
CACCGTTAGGGATCAC-1,-0.27658018,1.2565304,-1.1954492
AATAACACTAGAACAA-1,-0.029035486,0.120367,-0.10842239
CACCCGGTTTGTGACT-1,-0.23658468,0.9807649,-0.8834389
CCACCAACTTTACTGT-1,-0.0736184,0.30518606,-0.27490094
AACTCTCAGTGTGCTC-1,-0.23855086,0.9889158,-0.89078087
AAACCGTTCGTCCAGG-1,-0.09291355,0.38517436,-0.34695166
CAGCGATTCCCTTCAA-1,-0.14506407,0.60136503,-0.5416886
GCTAGCTTGAATAGCT-1,0.0,0.0,0.0
TTGCGGCATCAGAAAG-1,-0.17876726,0.6092839,-0.4692694
AATAGAACAGAGTGGC-1,-0.024539467,0.101728685,-0.09163365
GCCATCGAGCTGCGTG-1,-0.15823017,0.7199093,-0.6856388
ACACTGATCAAGGTGT-1,-0.12578489,0.52144283,-0.46969756
ACCAACGCTTATTTAT-1,-0.34310248,1.5504191,-1.4623324
GACATCGATTTATAAC-1,-0.117641345,0.48768374,-0.43928853
CAGACACCGATCGCTG-1,-0.4471195,2.1026635,-1.9712433
CCAAGAAAGTGGGCGA-1,-0.2517732,1.1201031,-1.0483813
GGTAGACCGTTGGGCG-1,-0.4743998,2.3889685,-2.2782981
TCGTTAGGAGTCCCTA-1,-0.17490366,0.77986,-0.7305513
ACGGCCAACATGGACT-1,-0.4857728,2.1067889,-1.9467579
GTGAGTGGTACAACGC-1,-0.11936251,0.54961354,-0.52315325
GAGACTTCGCGACCGA-1,-0.3326227,1.2698867,-1.1104597
GAAGTCAGTTGCACTA-1,-0.08343418,0.34587747,-0.31155437
GTTTGGTAGGGTCAAC-1,-0.35962346,1.2433957,-1.0290968
ACGGCACTTGCTTGGG-1,-0.13912356,0.40514356,-0.30070367
CCTCTGTACTATTCTA-1,-0.3593329,0.98935777,-0.71522194
CTATTCATGTGTCCCA-1,-0.22119512,0.5207837,-0.3209424
GCCCGATCTGTGGTCG-1,-0.45641407,0.80862933,-0.30460274
TTAGAAGAACATGACT-1,-0.51622117,1.2703462,-0.8259468
AGGATAAAGTCGGGAT-1,-0.67807007,1.1394464,-0.33571288
CGGCAAACATCGTGCG-1,-0.5296006,1.4950444,-1.0940032
CTAGTTACAACCCGGT-1,-0.5231717,1.3897517,-0.94338244
TTCGACAGAGCCCGTG-1,-0.35049912,1.4153464,-1.2531744
AAGCATACTCTCCTGA-1,-0.47003743,2.2950385,-2.0343573
GACGACGATCCGCGTT-1,-0.3763957,1.6459765,-1.4731627
GGTAGAAGACCGCCTG-1,-0.6366484,2.8665576,-2.5208366
GAGATGGGAGTCGACA-1,-0.6007327,2.6613204,-2.41746
AACGATAATGCCGTAG-1,-0.7042756,2.779002,-2.4211135
TGGTCCCACGCTACGG-1,-0.5209235,2.1594946,-1.9451973
CTGCTTGGCGATAGCT-1,-0.41305402,1.5131415,-1.2894865
ATCGGAGACAGACGGC-1,-0.12063619,0.5000989,-0.45047164
TAGCGTCCGGTGTGGT-1,-0.23884284,0.79094696,-0.63895893
GTTGAGTCCCGCCGGT-1,-0.18741414,0.7769277,-0.6998294
AAATAGGGTGCTATTG-1,-0.4891126,1.7982125,-1.5168666
AAGTGTTTGGAGACGG-1,-0.21622656,0.89636993,-0.80741876
AGCACTACCTCACCAG-1,-0.45831347,1.9143296,-1.667131
TGCCTTGGCCAGGCAA-1,-0.09770408,0.40503356,-0.3648401
TCGTCTTAGGCGTTAA-1,-0.24180521,1.1391755,-1.067678
TTCTGACCGGGCTCAA-1,-0.07724504,0.32022035,-0.28844333
CAGAACTTAGCCCTCT-1,-0.1447644,0.666336,-0.6422824
AGCTCCTTCGCACATC-1,0.0,0.0,0.0
ACAGGCTTGCCCGACT-1,-0.16888574,0.9603331,-0.8968357
GCTATACGTCTCGGAC-1,-0.045438264,0.18836492,-0.16967255
GAGCCAGCTACCTGTG-1,-0.10140037,0.5283145,-0.48638508
TGCTAAGTGTCTATTT-1,-0.045438264,0.18836492,-0.16967255
GTCCTACGAATAGTCT-1,-0.16317777,0.81159407,-0.7291935
CAGTGTCGGCTGGCCC-1,-0.06997773,0.2900936,-0.2613062
CTATCGACGAAATACA-1,-0.48631078,1.8932722,-1.6531463
CATCATTACCCTGAGG-1,-0.39822,1.485404,-1.2957937
TAAGTTGCGACGTAGG-1,-0.71629775,2.3630831,-1.9567246
AGTGCACGCTTAAGAA-1,-0.7173292,2.1879115,-1.7182239
TGTGCCGGTGCCGGAA-1,-0.83571184,1.6241215,-0.855301
AGGAGGCCTTCGCGCG-1,-0.7959056,1.9270424,-1.3120712
TCCGCGGCCCAATGAA-1,-0.91745245,1.337919,-0.27252573
TCCGTTAAGCTAATAT-1,-0.80434966,1.3884499,-0.64080054
AAATCTAGCCCTGCTA-1,-0.80319315,0.7400977,0.42034376
CGCAGGCGATCCAAAC-1,-0.7595826,0.7209924,0.3257145
CCATATGGAAACTATA-1,-0.66198343,0.42399666,0.77527946
CACCGTATCCCATCCG-1,-0.6318781,0.4309445,0.6981439
GGTCAAGACTACTTCG-1,-0.581309,0.29493374,0.8818671
CCCGTTTCGCAGATGT-1,-0.5765751,0.55211884,0.5555632
GTTATAATACGGTGAA-1,-0.6094655,0.24367565,0.8881789
ACTTGTGGATGGAACG-1,-0.68019587,0.4202447,0.70760113
GTTCGCTGAGACGTCT-1,-0.68488777,0.24644972,0.8148461
GACACTGGAACCCGAT-1,-0.73274106,0.2583602,0.86107695
CCCAGGTCTGAAGGCT-1,-0.7723393,0.30535513,0.8518649
CCTAAATTGTATCCTA-1,-0.41472083,-0.25173664,0.9406175
AGAAATTATGACTCGC-1,-0.2967941,-0.35827827,0.90914977
TCCAGCGCTATAAGCG-1,-0.42403847,-0.1600426,0.92411125
TCGTGTATTGGTCACG-1,-0.4217629,-0.13128266,0.88970405
CCACATACTGCACCCA-1,-0.5474679,-0.02553743,0.91503775
GTTGCGGACGGTCAGG-1,-0.4299371,-0.040238857,0.7297959
GTATTTAATGGCATAA-1,-0.59361035,-0.030889919,0.9939357
GTCGATAGGTGACTTT-1,-0.59424853,-0.11148909,1.0397072
AATAATCTTCGTATCG-1,-0.5921353,-0.049699783,1.0019454
ATTGTTCAACGATCCG-1,-0.5791384,-0.11392269,1.0707695
GTGCAGCGTAGAGTAG-1,-0.46193355,-0.11597219,0.9148733
TGTGGTAGGGTGCCTT-1,-0.4470042,-0.2519675,1.0700145
TGTGGACTATCTACGT-1,-0.5114935,-0.15875456,1.0698364
GGCGGGCTCTAAGAGT-1,-0.40377256,-0.18426032,0.921634
TGTGCCAGAGGCAAAG-1,-0.7701875,0.63622653,0.28097537
TGGCTTATGTATAATG-1,-0.7945355,0.7465878,0.14376296
GCAAGCTGGAAACCGC-1,-0.8961639,1.1693418,-0.2583068
GATATCAAGCAGGAGC-1,-1.1914779,1.4294374,-0.2773531
CACCAATCATCCGTCT-1,-0.87422854,1.47887,-0.69881916
CCACATGGCTCTTTAT-1,-1.1427552,1.2562997,-0.1453566
GTCCTACTCTACGGGC-1,-0.6646015,0.8107488,-0.20352979
CTCGAGACATACGATA-1,-0.89809954,0.2237836,0.42646685
TATCAGTGGCGTAGTC-1,-0.579499,0.2725106,0.20767367
TGACAGGACAAGTCCA-1,-0.57384646,-0.19353229,0.49171215
TATTAACACCAAAGCA-1,-0.63405544,0.53200555,-0.023638057
TAGGCGATGAGGTCTC-1,-0.39203426,-0.15283902,0.44461244
CCGCCGGAACTTCTCG-1,-0.70565057,1.2362105,-0.6743414
GCCATTAGCCTCAAAC-1,-0.9640173,0.91878426,-0.0035471376
GTTAGGCTACCCGTTT-1,-0.6489257,0.9150593,-0.35449603
GGGTATTCTAGCAAAC-1,-0.9387511,0.87372196,0.025160711
GCCCTAGCCGTCGCGA-1,-0.26164055,0.4032868,-0.17036109
CAGATCCTGGTTTGAA-1,-0.6190542,0.86311716,-0.32834467
CTTCAGTGGTCGCCTA-1,-0.48370102,1.2273093,-0.92858326
GGGCAACCGCACGTGC-1,-0.72772074,1.6839763,-1.1928777
GACCCAATTATGATAC-1,-0.4846786,1.2682707,-0.92612666
GAAGCTCGGACCCGTC-1,-0.8657129,1.6279231,-0.91460764
CGTCGGGTCTAAGCGC-1,-0.5000653,1.0873183,-0.6827318
GAGGCCCGACTCCGCA-1,-0.814556,1.0846575,-0.2541026
TTGCCATAGCCCGCTC-1,-0.6467824,1.203214,-0.6891913
TAACATACACGCGATC-1,-0.6734043,0.87236863,-0.2067616
CCGACGGGCATGAGGT-1,-0.46041733,0.89098597,-0.54429346
AATGTGCCCGAGGTGT-1,-0.5968189,0.9503973,-0.45242223
AGCTGTAACCTCAATC-1,-0.40205294,1.0387431,-0.7788249
CGAGTGAAGGTACCAG-1,-0.6656167,1.1800545,-0.6913664
AGTCTCACAAGACTAC-1,-0.43782824,1.2194211,-0.9783751
AAATTGATAGTCCTTT-1,-0.8086559,1.2083141,-0.6419285
TAAGTCGCCGAGTATC-1,-0.33401492,1.4132413,-1.3390912
GCGGAGAAACTTCGCA-1,-0.69895476,1.336249,-0.839718
GGCAAAGGCGCCAATA-1,-0.40969306,1.5220253,-1.4598936
ATTTCCGGGTTCTGCG-1,-0.6924402,2.0146875,-1.5678866
TAAACCCAGGAGGGCA-1,-0.57078886,2.2326405,-2.0195668
TTCGGGCGCTAGTCTT-1,-0.64911795,2.36206,-2.060214
GTGGAGTCGGCGGTTG-1,-0.60515827,2.3941026,-2.1462092
GCACGCCTACTTAGAT-1,-0.8074105,2.6941333,-2.2058158
CAATATTCTTGACCTA-1,-0.48815846,1.8506825,-1.6261082
CGTTTGTGTAGAGGGT-1,-0.74176455,1.9730995,-1.4273609
CATAGCGTTGCCCACC-1,-0.46375763,1.7149019,-1.4956692
TGATACATTTAGCCGT-1,-0.5502943,1.3130729,-0.827796
TTCCGGCCTTGAGGCT-1,-0.36241361,1.075264,-0.77091277
CCTATACCGTCCTGTC-1,-0.538195,1.2472672,-0.67189735
TCGTTGCTATCCGGTC-1,-0.36506894,0.935779,-0.5090001
TGGCGACTGCTCCAAA-1,-0.439263,0.7436255,-0.03996681
CAGAGGCGATGCATGA-1,-0.48336762,1.9134368,-1.7063909
TCACAGGAGAATAAGA-1,-0.7126744,2.3266826,-1.8971697
GGGTTAACATTTGAGT-1,-0.61339855,2.8017142,-2.6393068
GCGGGCGAGCCTTACC-1,-0.84798497,2.705966,-2.240289
TGCCAATGGGTACTCT-1,-0.65003544,3.0094247,-2.784292
AGGGACTCTACGCGAC-1,-0.7242269,2.2823434,-1.781401
GACGCCGTAAAGGCTA-1,-0.711343,2.7807443,-2.4677444
AAAGGCTCTCGCGCCG-1,-0.90355796,1.889736,-1.0807915
CTGGCTGGTTGTCAGT-1,-0.74839866,2.3144238,-1.8007326
ACATCCCGGCCATACG-1,-0.8851022,1.8229724,-0.9812411
CTCTTGTCCCGCTTGG-1,-0.69404656,2.071767,-1.5358628
TACGCCTCCATTCCGA-1,-0.73324805,1.3407134,-0.52696776
CGGAGCAATTTAATCG-1,-0.5338664,1.5741967,-1.2009304
AACTAGGCTTGGGTGT-1,-0.62224454,1.2836545,-0.68027645
GCGTCGCCAGGGTGAT-1,-0.52228415,1.2225364,-0.7664607
GTTGGTCATGCTATCC-1,-0.78071785,0.8864559,0.16793607
GCTGGCGGCGCATGCT-1,-0.62969613,0.6989237,0.21033482
TGAGCGGAAAGTGTTC-1,-0.6198571,0.32841682,0.6525952
CTTTCTGTGCGGGCTT-1,-0.73893553,1.0359062,-0.009473568
ATCTAATATCCTACGG-1,-0.540121,0.4817467,0.40198
AACCTTTAAATACGGT-1,-0.53566915,1.1075428,-0.40173337
TTCACTCGAGCACCTA-1,-0.473001,1.0103472,-0.23565596
CTGCACTCCAGTACAG-1,-0.30757707,1.8838887,-1.5680599
CCATTTCTACCTATTA-1,-0.34182164,1.161128,-0.5348508
CAAGCGGCACATAATT-1,-0.76206696,2.3031554,-1.6710901
GTTAACATCACTTAAA-1,-0.6256654,1.1651696,-0.31324342
ATATAAATGTAGCTGC-1,-0.62609476,1.248593,-0.5751402
GCCTCTATACATAGCA-1,-0.58670783,0.47494468,0.39386058
GTGTCGTATAGCGTTC-1,-0.5097263,1.0610018,-0.5648453
ATACGTACTTAGCCAC-1,-0.62068933,0.6736361,0.12860705
GCTATCATACTCATGG-1,-0.59047693,1.6196445,-1.1252878
TATCCAATTGGTTATC-1,-0.5466624,1.0071629,-0.1655553
TCTCCCTGGGCAGCGT-1,-0.6399717,2.1722448,-1.6104598
CCTATAATGAGTGCCC-1,-0.5508764,1.4555335,-0.6958477
CAATGCGAGAAGTATC-1,-0.50173044,1.882893,-1.540115
TACCAATAAAGTACCA-1,-0.44442257,1.4649762,-1.1265768
GCTAGGCACCACGGAG-1,-0.349444,1.6240366,-1.5018637
GGTGGACTGCTCTGGC-1,-0.47966743,1.6272889,-1.2214378
TATTCCGAGCTGTTAT-1,-0.26874363,1.4745812,-1.3589718
TTGAGAAGTTTAGCAT-1,-0.3748879,1.538089,-1.1640849
GTCCGGACCTGAAATT-1,-0.3167902,1.6587348,-1.4653862
CTGTGGTCGGGAGATA-1,-0.3403076,1.3918408,-1.0405847
CATGTAAGAGACATTT-1,-0.30631697,1.4610451,-1.2271407
CACGTTTCGTACACAC-1,-0.46283808,1.4121059,-0.8458335
CATCCTCTCAAAGATC-1,-0.51179594,1.8734164,-1.5002586
GATTAACCGAAAGCCC-1,-0.629231,1.2955731,-0.54981804
AACGCTGTTGCTGAAA-1,-0.6652521,2.2150214,-1.7697835
TTCAGCTGGCGTGCCC-1,-0.6595097,0.9199697,-0.09667271
TAGAGGTTCTACTTGT-1,-0.75160664,1.7481966,-1.0855771
GTATCAAACGTTAGCT-1,-0.57621676,0.14487036,0.7754745
AATCATGTAAAGACTC-1,-0.83757085,1.0097578,0.07332247
AGTCACTAGCTCTCGA-1,-0.6563727,0.24187447,0.83666223
GCGAAACGATCGGGAG-1,-0.6586344,0.58227783,0.44544455
CATGGATTGTCTTCCG-1,-0.64215344,0.29328352,0.8557444
ATTGGATTACAGCGTA-1,-0.67542166,0.40377164,0.9632399
CACACACGCTAACGAG-1,-0.7000063,0.31260303,0.96779686
CTATGGGAAGCGGAAT-1,-0.66212505,0.2647125,1.0070406
TGCCTAATTGAAGATT-1,-0.7359409,0.24367693,0.96711236
TGGCAATGGGACGGCG-1,-0.57218814,0.17295718,0.89367515
ACCTCCGCCCTCGCTG-1,-0.7054174,0.10464704,1.0200316
CGGCAATAAGATCGCC-1,-0.72633374,0.23034902,0.9072508
CCTTGACCACTTTATT-1,-0.8311387,0.32394266,0.84334505
TCATTTAGAAGTGTGA-1,-0.88231033,0.30592763,0.96321887
CAGAATAACACACGGA-1,-0.97457594,0.45805863,0.750386
CAACGTGGTGGAGTCT-1,-0.5214276,-0.26173624,0.6578533
CACAGTTCGCTTCCCA-1,-0.25008363,-0.5506016,0.8407675
TCTCTCGCCGCACATA-1,-0.26680374,-0.44294608,0.7553522
TGGGCAGGCCACCGCA-1,-0.3115539,-0.39059672,0.97762793
CTCCTGTTCAAGGCAG-1,-0.3896544,-0.26242387,1.1296873
TATTTGATTTGCACAG-1,-0.430432,-0.18385333,1.0685558
GCCACTCCTTACGGTA-1,-0.5758663,-0.091434635,1.1847329
ACCGATATTTAATCAT-1,-0.54099125,-0.08555612,1.0382946
TTATTATCTGGAAGGC-1,-0.5113035,-0.12416742,1.0211301
TACATGCCGGAATTGT-1,-0.507839,-0.19677095,1.0589741
GGCACTCAGCCGACCC-1,-0.230241,-0.39308855,0.87438333
AAACCGGAAATGTTAA-1,-0.39360544,-0.32222888,1.0588605
AGACAGGCATCTCAGC-1,-0.07265669,-0.51963305,0.7871052
GTGGTGATGGTTTGTG-1,-0.2280204,-0.39457405,0.88669527
CCGATATGACGTAAGG-1,0.062861785,-0.7557841,0.8420918
CATACACAAAGTCAGC-1,-0.7493167,0.23567583,0.8512798
TGCCGTTCTTAATCGG-1,-0.714871,0.25001934,0.8665375
TCGAGTCTACGATTCG-1,-0.74205554,0.27643442,0.7700186
ACTTCCAGTGGAAGCT-1,-0.6924553,0.1248385,0.9989836
CAATTGGGCCGCACTC-1,-1.0405254,0.7162556,0.41272926
AAATCGCGGAAGGAGT-1,-0.78188705,0.38268775,0.6923748
ATATCAATTCCAGCCT-1,-0.8629229,0.18018463,0.45269686
CTTTGTCGAATGCTCC-1,-0.5173183,0.027493604,0.8360009
TGAGGCATGTACTGTG-1,-0.65838766,-0.1471841,0.5355241
TTCGCCGCTCGCGCTA-1,-0.6110042,-0.025841959,1.0034832
GACTCCTTCCAATTGA-1,-0.5658625,-0.10121182,0.77163506
ACCGAAGAGTCTGGTT-1,-0.53857195,-0.08916429,0.84349114
TGGCATGAAGTTTGGG-1,-0.66782534,0.08772674,0.58087415
ACGAGGTTTACAACGT-1,-0.32926553,-0.30901802,0.7041401
AACCCATCCCATGATC-1,-0.9273444,0.48191053,0.4745015
TCGACAACTGAACCCG-1,-0.3444622,-0.27243415,0.659196
TATCTTGCAATACAAC-1,-0.74719864,0.6187016,0.076576285
TATTATGTTTGCCTGC-1,-0.54368734,0.40239453,0.12716646
GTCAAAGAAGTGGTGT-1,-0.6315951,0.93596023,-0.42668688
GGGACAGAGTTACTCC-1,-0.5988924,0.8758725,-0.44018337
AGCAACCGAAAGTAAT-1,-0.9627741,1.4927284,-0.7351518
CTCTCTAACTGCCTAG-1,-0.7291917,0.85040003,-0.21005534
ATACGGAACGTCGTTT-1,-0.8127606,1.0264226,-0.23463579
TCGGTCCCGACAATAG-1,-0.5759094,0.3429909,0.2436875
CGCGCAAATGTCCAGA-1,-0.6997639,0.5128229,0.22416806
TCTAATACTGCCTCAG-1,-0.548821,0.1928473,0.38919318
CTCGGTTGTCGGCCCT-1,-0.7089822,0.47251263,0.17732157
GGTAACCGGGAGGATA-1,-0.82392603,0.29168385,0.52355963
CAGGCGCACGGTGGTC-1,-0.98104924,0.7160236,0.20574315
TCATCGATGGTCCCAA-1,-0.8553285,0.4032862,0.409446
CAAAGATTATTGGGCC-1,-0.9363543,0.3998465,0.37564623
ACAATGAATACGGAGA-1,-0.8001242,0.14944825,0.696104
GCTCCTGACATACTGG-1,-0.63996094,0.3736306,0.14513998
GATGACAAGTAGGGCA-1,-0.6819949,0.17099538,0.5173805
TACGCCGAGGGTACCC-1,-0.6959692,0.6603832,-0.08627399
AAGCGTCCCTCATCGA-1,-0.7733858,0.71237767,0.076793745
CACTCCTATGTAAGAT-1,-0.8411871,1.6471629,-0.7564728
TCGAGCCAGGCAGGCC-1,-0.92844445,1.3559605,-0.20518343
TCGTCAAGTACGCGCA-1,-0.7239673,1.7072036,-0.8363137
CCCGTAGCTGGGAAGA-1,-0.84265935,1.337281,-0.36468172
ACCCTATGCCATATCG-1,-1.1226318,2.276977,-1.2361882
GTGGTATAGTCTGCCG-1,-0.90733975,1.1675956,-0.15002246
CCGGTTTGTAATTGTG-1,-0.9690386,2.2037218,-1.3827248
GTCGCCGTTGTGTGTT-1,-0.79610986,1.4079307,-0.70984155
TACTGAACAGATTTAG-1,-0.71862453,1.594371,-0.9175981
TATTAACCTGACCGCG-1,-0.88060707,1.4003528,-0.47329882
CTGTAGCCATCTCACT-1,-0.7237199,1.0872978,-0.15366161
TACTATGGTTCCTCAG-1,-0.8828505,0.81058246,0.41567016
GAGTCAGACCAGAATC-1,-0.8960615,1.4637855,-0.41072986
TAAGGCATAACATCAA-1,-0.9615509,0.9170529,0.25571108
CTTCCGCTCCGTGAAG-1,-1.001566,1.8572397,-0.9715263
GGGCTATGATCGATGG-1,-0.9589395,0.6312627,0.40155408
GGTCGGTCGTCCACAG-1,-0.75335336,1.2994263,-0.6426169
GGGACCCGTATATCTT-1,-0.8718808,0.24646832,0.76905346
GAAAGCAGTGCACTTT-1,-0.95958126,0.814975,0.101424396
AGCGCATAATGAATCG-1,-0.7680885,0.09430169,0.7882461
GCTGCTAAGTAGTCGA-1,-0.86385846,0.5109365,0.41272643
AATAGTCCGTCCCGAC-1,-0.6205988,0.15704864,0.7939139
AGCAGCCAGATGAATA-1,-0.8899507,0.7269775,0.46200934
CCTCGCGCTGTGCGAT-1,-0.76516366,0.13445085,1.0785435
TTGTGTATGCCACCAA-1,-0.7008576,0.30905202,0.726951
TGCTCGGCGAAACCCA-1,-0.59336543,0.03153526,0.95889515
CGATTAAATATCTCCT-1,-0.6565524,0.61834854,0.26565397
TGCCGTGGATCGTCCT-1,-0.5883285,0.03126757,0.9507552
GTGGACGCATTTGTCC-1,-0.6963224,0.33202887,0.751967
ACCCGGAAACTCCCAG-1,-0.6846523,0.036386784,1.1064172
CCGCATGTGGTACGAT-1,-0.5798352,0.030816128,0.9370298
GCAAACCTTGGCCATA-1,-0.6280275,0.03337733,1.0149099
ATTCACTGATGTTGGA-1,-0.58432895,0.22739121,0.79983777
ACTCCCTAATGCTAAA-1,-0.59089756,0.10733853,0.9001564
TCCTAAATTGGGAAGC-1,-0.45697188,0.3951322,0.46378937
GAACAGATTACTAAAT-1,-0.55542475,0.11270087,0.8376057
ATACAGGCCCTCCAAT-1,-0.3803988,0.5974998,0.09667167
CGATTCGCCTGGCTGC-1,-0.49071798,0.16543072,0.690689
TCCGCCTGTCTACAAG-1,-0.50471747,0.026823936,0.8156375
CACATCTCACCGACGA-1,-0.6895152,0.036645282,1.1142758
CGTCGTCCTTCGCGAA-1,-0.6687335,0.14889908,0.9265756
CGTTGAATACCGCGCT-1,-0.6208898,0.032998163,1.0033755
ACCAATATGCAAGTTA-1,-0.6520209,0.40155694,0.6787997
ACGGATGGTGCGGATA-1,-0.64211166,0.0912757,1.0113373
CACCCTAACAAGATCT-1,-0.6001653,0.5666391,0.47026467
AAGCTCTTTCATGGTG-1,-0.6183924,0.20754778,0.8561842
CATGGGTATGCCTTAT-1,-0.6067613,0.79669946,0.08331835
GCGCGTCATTGGTACA-1,-0.6338606,0.3000213,0.69972634
TCTGAAGCACGTGGTC-1,-0.57177895,0.9916347,-0.27398038
AAGTTCACTCCAAGCT-1,-0.6429491,0.3570656,0.6397429
TTGGACCTATAACAGT-1,-0.49547628,1.0848781,-0.45663932
ATCAGCCTCATGCTGC-1,-0.5615759,0.02984581,0.9075225
AGTACTCTTATGCCCA-1,-0.47944114,1.0342401,-0.34012386
GCGCTTAAATAATTGG-1,-0.5641717,0.25526822,0.7048303
TTGTGAACCTAATCCG-1,-0.5103558,0.52967036,0.32390872
AGTCGTCGACCACCAA-1,-0.5608399,0.16041544,0.81306213
TCCTTTAAATCCGCTT-1,-0.57747716,0.57966924,0.34239882
ACTGAAACGCCGTTAG-1,-0.57824993,0.09102041,0.8916675
GCACACACTGGTAGCC-1,-0.65361685,0.4537549,0.5597584
TAAGGGCCTGTCCGAT-1,-0.6354141,0.033770125,1.0268471
GCTAGAGTAGAGATGT-1,-0.6539414,0.17077674,0.87185466
CACAGGGCCATATAGT-1,-0.5932759,0.031530622,0.95875055
CCATGCCCTAGATTTC-1,-0.6552097,0.09238655,0.95603746
TCGCGTAGCAGTGTCC-1,-0.6662193,0.16010994,0.8537847
GACGAGGCTAATAAAC-1,-0.7648259,0.27002606,0.92017275
CTACACTCGCAGATGG-1,-0.73792785,0.24645336,0.8222781
ACGCATACGTTTACTA-1,-0.92836183,0.52158934,0.73918736
GGAGCAACATTTCAAG-1,-0.76367515,0.2726499,0.8192368
CGAGAGGGTAGCCGCG-1,-0.73774785,0.29342127,0.7377387
TCGTGTTCGACCACAA-1,-0.69418496,0.18458259,0.8576402
TCTACCCAATAGAGAG-1,-0.5700078,0.030293861,0.9211486
ATAAACGTTGCACCAC-1,-0.5563042,0.029565582,0.8990032
TCAACTGCAGAGTCAG-1,-0.63153523,0.10608297,0.89092386
AGCTCCATATATGTTC-1,-0.58508074,0.031094937,0.945507
GTAACATCTAAGATAA-1,-0.83619386,0.31596985,0.76723486
CCGACAATAGGCCGCC-1,-0.7813095,0.14270814,0.90331274
ATGCTTAGGAGTTGAT-1,-0.64363956,0.06333067,0.6047675
AACCCGAGCAGAATCG-1,-0.49018794,-0.19238587,0.772427
CGGGTTTGTTAGGGCT-1,-0.5217108,-0.2926796,0.7445693
AGGCACGTGACTGTCC-1,-0.49679607,-0.17825593,0.85229784
GACAAGAGATGAGATT-1,-0.4116985,-0.30212256,0.93612576
AGCCCTTGGACATCCC-1,-0.35565385,-0.23847324,0.89768654
GCAGTTCGATCCGAGC-1,-0.48332658,-0.20746559,1.1508207
TCGAGGGCAACAGACG-1,-0.25475895,-0.3921524,0.9698685
ACTTTGTCGACGCACT-1,-0.42115536,-0.22941914,1.0648842
GAGTATCAAAGTTACA-1,-0.23236227,-0.45912847,0.99230087
CCAGGCTGGCGTCTGA-1,-0.2623442,-0.35666308,0.90878963
GGACTCTTCCGGTTGA-1,-0.2638846,-0.47404352,1.0637316
TCCCAGCACACGACAT-1,0.0006829428,-0.73936045,0.92803955
GCTCCATGAGTGCAGA-1,-0.22374082,-0.4574308,0.9476737
GCAGTGCGGGCGGATG-1,-0.13750643,-0.5046712,0.86188823
GCGTTCTGACTAAGCG-1,-0.056109287,-0.6076009,0.85934365
ATTTGGAGATTGCGGT-1,-0.6697954,0.264612,0.7705611
AAGGGTTTGATTTCAG-1,-0.6108913,0.4236285,0.45506662
CCGGCCGCGAGCATAT-1,-0.70699054,0.33221343,0.74139404
GAGTTCTGTGGGTGCT-1,-0.5519822,0.28239107,0.54735047
AAACGAAGATGGAGTA-1,-0.55231196,0.14578162,0.73377657
AATTACGAGACCCATC-1,-0.71220964,0.22921048,0.89035034
CCTTTGAATTATGGCT-1,-0.7058382,0.12552421,1.0206317
CATGGTATTAGTTTGT-1,-0.64843845,0.12952541,0.91825545
AACGAAAGTCGTCCCA-1,-0.695363,0.1249675,1.0037035
ACATAAGTCGTGGTGA-1,-0.6000399,-0.021465164,0.99451953
GCACAACCTCGGGCGT-1,-0.5581636,-0.03332259,0.91937983
CGATGTTGTTATCTAC-1,-0.48240146,-0.23415367,0.84713376
GATGCCTTCTGCGGCA-1,-0.48848003,-0.14240095,0.66821057
GTGGAGCGTTTACCGA-1,-0.5067016,0.048928015,0.6046079
TCCCTGGCGTATTAAC-1,-0.45203945,0.62100834,-0.28749415
TGGACGCAATCCAGCC-1,-0.7537806,0.9742653,-0.32745856
GTATCTCAGTCTTGAC-1,-0.82849085,0.65787995,0.16405837
AGATGCAAGACGTGCA-1,-0.49246478,0.17725258,0.33942816
TTAAGGCCCGTACTTT-1,-0.7235665,0.2265629,0.5456748
AGTATGCTGGAGACCA-1,-0.6214966,0.17242679,0.503147
GCGGCAAAGTATTGCC-1,-0.7135855,0.16121481,0.7641566
GCGCAAATATATTCAA-1,-0.68227005,0.1541795,0.7209479
GAAGAAACGATATTGT-1,-0.6734702,0.22889566,0.64939034
GGACCTCTAGGCCGCC-1,-0.89809465,0.30945462,0.63343346
AACAGCTGTGTGGCAA-1,-0.9308556,0.51686513,0.5042443
TCGAATATCCCGCAGG-1,-0.843576,0.1988196,0.6822112
GCGACCCAACCATCTG-1,-1.0573606,0.80467314,0.21056645
AGAGAAGGAGTACAAT-1,-0.8847429,0.8050651,0.062263247
GGCTCCTCCACCTGTT-1,-1.2079355,1.0561774,0.04508475
TCAGTGTATACGTCAT-1,-1.0420225,1.2470233,-0.19850409
ATTATTATGTCCGTCA-1,-0.89282495,0.74118716,0.19783182
TTAGGTCATAACCGAC-1,-0.49578008,0.42341366,0.4236432
AAGATGGCACCGGACC-1,-0.7101494,0.13475849,1.019157
CTACAAGAAATAACCC-1,-0.71426976,0.599164,0.43471706
ACTATTTCCGGGCCCA-1,-0.9397714,0.898976,0.2935797
TTGTTTCACATCCAGG-1,-1.014797,1.6723478,-0.73212624
CGCTGTGTGGATGTTG-1,-1.0370526,1.4329829,-0.32399312
TCAACATAGCGCCCTA-1,-0.98338896,1.0433614,-0.052010477
GGCCGTTTGGGTTTCA-1,-1.0195236,0.9075065,0.510689
TACTCTTTCGTCTTCA-1,-0.74411386,0.3604059,0.80527675
TTCGCGCGCCATACGA-1,-0.7975133,0.26841703,1.0158615
CGGAAAGAATCAAACG-1,-0.813218,0.4520509,0.7728077
AGGCAGGGAGCGTACT-1,-0.66819066,0.07201938,0.97679806
CCTTTAAGGGAGCACT-1,-0.8612882,0.37267956,0.7352485
CGCCCAGCACGCCTAG-1,-0.6650361,0.07185169,0.97170013
AGTATTTGGCACGACC-1,-0.83030933,0.23394026,0.8192774
TATCCGCACCGTCGGG-1,-0.71741855,0.07192748,1.0639937
ACCCGTGTCATCAGTA-1,-0.7535892,0.036697295,0.94104016
CAACTGCTCATCCGAT-1,-0.6408241,0.034057476,1.0355898
CCGGAGCGTACTTTCT-1,-0.48783875,0.025926905,0.7883612
TACCGTAGGTTAACTA-1,-0.5869609,0.03119491,0.9485452
TGAGGAGTGCCAGCTT-1,-0.6990876,0.03715405,1.1297454
CCAGTCTTGTCATAGA-1,-0.58174944,0.03091798,0.9401235
GGGCAGAGCAATCGTT-1,-0.594736,0.031608183,0.96111023
TACCAAATAGCCCAGA-1,-0.6708963,0.03565584,1.0841873
TACCTACTCCCAGTAT-1,-0.6369558,0.03385203,1.0293382
TGTGAGACTAGCCCAA-1,-0.6757937,0.035916056,1.0921016
ATACCTAACCAAGAAA-1,-0.6314076,0.033556994,1.0203724
GTCGGGAAGCAGAAAC-1,-0.6788576,0.036078833,1.0970528
AATTAACGGATTTCCA-1,-0.57643634,0.030635457,0.9315372
GAACCCTCTGTGTTCT-1,-0.63295096,0.033639066,1.0228662
ATATAAAGCGCTCGTG-1,-0.6210008,0.03300391,1.0035546
CCTGGTCGAATGTGGG-1,-0.6205622,0.0329807,1.0028456
CTAGGTTCGGACGTGA-1,-0.6741559,0.035828955,1.0894548
TCGGGAGACAGCGTAC-1,-0.6706578,0.035643123,1.0838017
CATAAGAAGCTTGGCT-1,-0.63033944,0.033500336,1.0186462
AAGCACCCTGCGTATC-1,-0.67275107,0.03575443,1.0871845
AGTTTGCACCTGCCTC-1,-0.5787506,0.030758593,0.93527734
GACTGCAAATCGAGCT-1,-0.6324597,0.033613034,1.0220726
GTGTATATCAGCGGGC-1,-0.67499995,0.03587394,1.0908189
CTTCAACTCCACTTGG-1,-0.67303175,0.03576934,1.0876381
ACTTACGCATCCACGC-1,-0.5688733,0.030233685,0.91931534
CATGAGATGCACTCTC-1,-0.5759229,0.030608358,0.9307075
GAGCACCTGTGTCCAG-1,-0.6612219,0.035141706,1.0685532
CGCGACCGCGACAGAT-1,-0.62511414,0.033222623,1.0102022
GTCCCGCGACGTTATG-1,-0.61021286,0.03243071,0.9861212
GCAGTGTGGCTATAGG-1,-0.57120335,0.030357445,0.9230806
ATACTGCCTTACACCG-1,-0.6575432,0.03494616,1.0626082
TACAGAAACGGTGGGC-1,-0.6177954,0.032833666,0.99837494
GGCGCGGAGATCTTTC-1,-0.65924555,0.035036635,1.0653596
CGTTAATGTCCCGACG-1,-0.66421986,0.035300937,1.073398
GCTAACTGAAGTCTGA-1,-0.6638078,0.035279002,1.0727322
AGTGATAACCTGCGCG-1,-0.5821844,0.030940989,0.94082624
TATGATCTTCTCTTTA-1,-0.5968167,0.031718638,0.96447253
TGTACCTACACGAGGG-1,-0.5705199,0.030321077,0.92197615
ATATCGTTCCTCGAAC-1,-0.62928003,0.03344398,1.0169342
CGGCGCCATCAATCCC-1,-0.5735362,0.030481376,0.92685056
CCTGTTTGAAGACACG-1,-0.64166075,0.034102026,1.0369416
GCCACTCAGAGCGCGA-1,-0.5272272,0.028020227,0.8520139
TCGGCTTGTATCGACG-1,-0.6228715,0.03310348,1.0065778
TAGATGGTTCCTTACT-1,-0.45758316,-0.1321771,0.9441985
ATCGTTAGCTAGCGGA-1,-0.534607,-0.04403105,0.9587123
ACAGCGACATTCTCAT-1,-0.36041176,-0.29924136,0.9987958
ATTCAACCATTTAAGG-1,-0.5150463,-0.07899755,0.9391005
CACTCTTCTGCTAGCC-1,-0.15283234,-0.43316513,0.8128607
CTAACTGATAATCGCC-1,-0.6837091,0.18137538,0.8455858
TGATGTCAATTAAGTG-1,-0.33024207,-0.21843806,0.83118767
CGCCGTTCAGCATAGT-1,-0.66936547,0.10271583,0.961686
ATACTACCCGTACCAC-1,-0.51734596,-0.05075292,0.9384112
CCACTGTTTGGATTAA-1,-0.6080666,0.03231658,0.98265266
CACTACGGGAGCTGCC-1,-0.6459185,0.034328237,1.0438225
GACCAAACGTTGACTG-1,-0.548595,0.02915585,0.8865448
AAGAGGCCCTTTGGAA-1,-0.36545184,-0.22928873,0.9010203
ACACGTAGGCCACAAG-1,-0.57442164,-0.05398909,1.038849
TACTCTTACTTTACTG-1,-0.39397547,-0.22248857,0.8997955
AGAGCCGCCGAGATTT-1,-0.50959504,-0.14578433,0.97032565
GGCCTGCTTCTCCCGA-1,-0.4271693,-0.18510446,0.86142415
TCAAGCGCGGACGGTA-1,-0.52716094,-0.105597116,0.90921676
ACACTGGGACAGTCGT-1,-0.46726915,-0.114564836,0.88796455
TGTGTAGTAGCACGTG-1,-0.4676126,-0.098659895,0.8791124
CTAGCCACAGGCGAGC-1,-0.30079433,-0.34263277,0.9504362
CTATCGCGTAGAGAAC-1,-0.3270221,-0.32169467,0.9720614
GTTCCCGTAAACATAT-1,-0.33278105,-0.34770468,1.0109867
TCTTTCCTTCGAGATA-1,-0.12606001,-0.573811,0.96184117
ATATTGGAGAGGCCTT-1,-0.4491706,-0.17630993,0.9864429
AGGCGATAACTGGCGT-1,-0.3044699,-0.29871774,0.9025533
ACCCGGAGCACCACAA-1,-0.46589214,-0.15836076,0.9924578
TGAGCTCAACTGTATA-1,-0.31458008,-0.4084737,1.0634019
ACGACCCATGAGTTGC-1,-0.38563773,-0.2612298,0.9917598
CGGTCAGTCCATATTT-1,-0.15726723,-0.45072243,0.83840656
TCCGGCTGTCGGGTCG-1,-0.22536673,-0.4316462,0.9293473
ATTCCCGAAGGTACAG-1,-0.6861929,0.5719828,0.3798913
TTGTGCGGAAGCGGAT-1,-0.70546955,0.6680705,0.28140357
AGAACCCTCAATTGGG-1,-0.6203162,-0.058363263,0.9778809
ACGGCTGGATGTAGAA-1,-0.53866833,-0.09508986,0.9070775
ACTTTGGTCGTGCTCC-1,-0.5838895,0.0750601,0.8822591
TGTCGTTATCACATAT-1,-0.53063226,0.028201176,0.8575165
ACACATGATCAAATCT-1,-0.7854925,0.34133062,0.70357364
TATCCATCTCGGTTAG-1,-0.8194916,0.34731987,0.7960299
CTCGTCGAGGGCTCAT-1,-1.1174225,0.7811118,0.5292938
ATCAATGCCGTGGCTG-1,-1.3092618,0.828566,0.7257266
GAAACATAGGAAACAG-1,-1.3690449,1.0394837,0.41134858
TAATAGGTCACCAGAA-1,-1.3465469,0.87902606,0.58188415
CACCAGTCAGCATGCA-1,-1.1390123,0.6951527,0.50868744
GAGCGCTGTTAGGTAA-1,-1.1723995,0.6371102,0.54365486
CCCTATGTAGAGCAGA-1,-1.0864024,0.5234278,0.50993925
GATCGCTATATCTCAG-1,-1.0487325,0.41368487,0.6469845
AAGGGACTATGCATTC-1,-0.82055515,0.23739058,0.70594805
CTCGGGTTCTCTGGCC-1,-0.8521695,0.29056132,0.76252913
TATATATCGAGAAATG-1,-0.73482096,0.2440755,0.7287455
ACCCGAGCGAAATTAC-1,-0.772575,0.44146883,0.4868359
TTGTTTCATTAGTCTA-1,-0.8069769,0.71587515,0.027523454
ATGGGACCTGCTGAAC-1,-0.7692114,0.4834556,0.4305258
TGCGACGGCCGAACGT-1,-0.88478804,0.6446721,0.22480278
AGCTAACAAGCAATGT-1,-0.77139235,0.3496509,0.63349414
CGTGTCTCGTTACGAC-1,-0.9470917,0.696622,0.19197674
CTAAATCCGGTGTACA-1,-0.59681743,0.20734666,0.5715054
GAATAGTGCTCGATTA-1,-1.0577768,0.83609116,0.06542199
AACAATACATTGTCGA-1,-1.1094081,0.6628065,0.6120307
CACATCGTGCACGCGC-1,-1.0527008,0.6281933,0.72698337
ACCGTGACCACGTGGG-1,-1.2380818,0.91468483,0.6357512
CCCAATGAGATTTGCA-1,-1.0271049,0.7586424,0.78145343
TCAGCAGTAGGCCCTG-1,-1.1148242,1.0013318,0.5536264
CTACTCAAGGTATAGT-1,-0.9690593,1.0135281,0.40196538
TAGTAGCTTATACCAG-1,-0.9195482,0.7434617,0.6586705
ACGTTCGTTCAGGAAA-1,-0.930154,0.6845371,0.6568219
TTAGAATAAGGGTCGG-1,-0.67561644,0.38590756,0.6799567
TTCTAGAAAGTCTTAT-1,-0.8112871,0.38343644,0.8973506
CCTTCAGTTAAAGTGA-1,-0.6315348,0.11042795,0.93721074
TAGCTAGTGATGATGG-1,-0.7116268,0.17812975,0.99782234
AGCCCGGTAGCCTGTA-1,-0.67734563,0.035998523,1.0946096
TACCTCAGTTGTCTGT-1,-0.6619851,0.03518217,1.0697865
GACGGGTTGGCCCGTA-1,-0.6179291,0.032840732,0.9985907
GAAACCTATACAAATG-1,-0.655164,0.034819648,1.0587633
TCCACCTCTAGCCTTT-1,-0.65807337,0.034974277,1.0634649
AAGACCCAACTGAACA-1,-0.60791004,0.0323083,0.9823997
CATACACGGTTCCCAC-1,-0.6512773,0.034613173,1.0524824
ACTACGCGTTAGAATT-1,-0.66269636,0.035220023,1.070936
CTTGGCCAAGCTGGGA-1,-0.6501632,0.034553945,1.0506818
TTACCCTAGGGATTGG-1,-0.65476245,0.034798358,1.0581146
TTCGCACTGTACGACA-1,-0.6494018,0.03451341,1.0494516
TAGGTGTTCCACAGAT-1,-0.6147314,0.032670867,0.9934232
GAAGCCTGCACATTCC-1,-0.65643036,0.034886967,1.06081
GGCTTTCAATAAGGGT-1,-0.56974304,0.030279865,0.92072076
TCCAGGGTATATACGA-1,-0.68039095,0.03616039,1.0995308
CTCGCCGAATGTAGGG-1,-0.6367575,0.033841383,1.0290179
AGGAAGCTGTCCGCCG-1,-0.5973986,0.03174964,0.96541274
GTCTCAAGGCCCGGCT-1,-0.6409197,0.034062613,1.0357441
ACCGACACATCTCCCA-1,-0.53117096,0.028229937,0.85838693
TATACGCGTCATCACT-1,-0.6340098,0.033695422,1.0245771
ATCTGGGCTGTTCTTG-1,-0.68826985,0.036579136,1.1122632
TCAAATTTGAGACTCA-1,-0.67408216,0.03582515,1.0893354
GTTAAGGGTGCGATGT-1,-0.62939113,0.03344992,1.0171137
AGCAAAGGCCGCTAGT-1,-0.5681677,0.030196162,0.91817486
TTATAGGTAATTGTCT-1,-0.62670183,0.033306897,1.0127677
TTGTGCAGCCACGTCA-1,-0.578005,0.03071891,0.93407226
ACGGACTCTCAAAGCG-1,-0.53340006,-0.14068684,1.0831244
ATGCTCTGGCGCGGTA-1,-0.49608287,-0.07363744,0.932509
ATAATCTTGGAGAACC-1,-0.41461173,-0.22575036,0.9941821
CTCATTGCTCTAACAA-1,-0.41732335,-0.16353959,0.91736746
TAGGTGACGATAACCT-1,-0.40794477,-0.2801675,1.0541344
CGGATCCTCAAGGACT-1,-0.60480505,-0.040300325,1.0721542
GGGCGTGGTTTCCCAG-1,-0.5323103,-0.11659682,1.0497727
TGGCTATGTGACATAC-1,-0.6200226,0.032951955,1.001974
CTTAGTGTAGTAGCAT-1,-0.60862356,0.032346096,0.98355275
GGATTGCTGTGACTCC-1,-0.62224126,0.033069808,1.0055593
ACTTCCATGCGGGACA-1,-0.6291812,0.033438735,1.0167744
ACTCAAGTGCAAGGCT-1,-0.6247282,0.033202093,1.0095782
ACAAGGATGCTTTAGG-1,-0.5762183,0.030623965,0.9311848
TTGAACGACGTGCTGA-1,-0.61120874,0.03248362,0.9877305
ATTCATCGTTGAGGCA-1,-0.5918352,0.031453926,0.9564222
TGCAACCCATCTGCGG-1,-0.61111856,0.032478772,0.9875846
AGTGCTAAACACAGCA-1,-0.55863065,0.029689237,0.90276265
AACTCCAGAGCGTGTT-1,-0.56448317,0.03000027,0.9122205
TCTCCACAAGTTGAAT-1,-0.5193776,0.027603092,0.83932865
CTTTGCATCGCTCTTG-1,-0.5755247,0.030587014,0.93006384
TCACAAACCGAGGTAC-1,-0.6343741,0.033714682,1.0251662
CCGTAGGAAATCCCTG-1,-0.5288929,-0.05013931,0.95707124
AAACATTTCCCGGATT-1,-0.53390396,-0.11651214,1.0523481
GCCTCCGACAATTCAC-1,-0.4080554,-0.26808771,1.0385177
TCTGCATACCTTGCTT-1,-0.3426983,-0.32492837,0.99259084
ACCCATTTGTCCCTCT-1,-0.08004373,-0.6394,0.951617
CTGCAGAGAATCAGAG-1,-0.15313064,-0.5465245,0.9534791
GGAAACTAAATGGGCC-1,-0.14350174,-0.56358385,0.95939475
CAACCTACCGAGCAGT-1,-0.09555903,-0.63410175,0.97100943
CCGTAGGGTTGTTTAC-1,-0.35413066,-0.32551378,1.0132692
GGTTTGTGACCTGAGG-1,-0.4223322,-0.27940282,1.077385
TAACCTAGGGAGTCCA-1,-0.5391878,-0.11623126,1.060887
TTCCATCGACAGCGTG-1,-0.42138937,-0.16474204,0.925794
ATCTCCCACGGAATAT-1,-0.37021568,-0.2303305,0.9104129
GTTTCAAACGAGTTGT-1,-0.33526948,-0.3093692,0.9347858
GGAACTTTGGCGATTA-1,-0.20058765,-0.41477156,0.7310487
CTGCAAGCACGTTCCG-1,-0.0032537368,-0.57808006,0.5113438
CACAGTCCCGCTTCGC-1,-0.1259763,-0.5356999,0.65201014
TACGCTCGGTATTGGA-1,-0.34431437,-0.104746334,0.34006268
CTGGTAAAGTGTGGGC-1,-0.29201865,-0.37164432,0.8045948
CAACCAGTGGCCTACC-1,-0.3504128,-0.3014819,0.93155754
TCTTCGCGGTGAGAGG-1,-0.37339342,-0.22201253,0.8663292
TTCGGGTTGCCACGGG-1,-0.14839318,-0.62236995,1.0003041
ACCGATAGGCATAACC-1,-0.18982485,-0.344835,0.7647195
CTTATAGATGGCTGTT-1,-0.35080108,-0.33893213,0.916237
AGACGCCCACTTCGCC-1,-0.46848404,-0.15090859,0.9870776
AGGTCGCCTCCCAACA-1,-0.49579188,-0.20256399,1.0502238
CCTCACGTCAGCTAAT-1,-0.5998162,-0.04636991,1.0716856
CCACCTGTATGGAATA-1,-0.47476694,-0.15057468,0.99723095
GGACTCGAAGCTTTCA-1,-0.3775388,-0.33205125,1.0707588
AAGCCGGAGAGCAGGA-1,-0.34839973,-0.19282159,0.8395002
GCCTATCAGGTAAGAT-1,-0.1719952,-0.5437445,1.001245
TCAGAGTGTGAGCATG-1,-0.25662735,-0.4406428,1.0090175
ATCATTGTACCGCATT-1,-0.6020683,0.1947203,0.7443821
TCAGCTTGAGCTTTCG-1,-0.68711317,0.38624683,0.65761745
CCGCGCAAGATACCCA-1,-0.64552516,0.19077766,0.85333544
CTATACTTAAAGCGAG-1,-0.7149423,0.20340312,0.92233515
ACCGTCCACTGGGCCC-1,-0.68943745,0.21346807,0.86502904
AAGACCAAATAACTCA-1,-0.6643602,0.09404745,0.9216937
TGTTTCTGAAGCGTGC-1,-0.8890445,0.2748541,1.0597385
TTCTCTTACAGGTGAT-1,-0.77710766,-0.015768005,1.0961664
AATTCATTGTCATGCA-1,-0.7456117,0.032450065,1.033108
GCCCGAGAGTCTAAAT-1,-0.58109707,-0.13035434,0.97288626
ATATAGAGTATTGGTC-1,-0.75469744,0.045924835,1.0690036
TTGAAGGATGGGCGCC-1,-0.49213496,-0.05226044,0.8318084
TAGTACCACAACTTTC-1,-0.6137675,0.032619543,0.99186546
ATCCCATCCACAGCGC-1,-0.6417541,0.034106925,1.0370926
CTTAGGTATAGACCAG-1,-0.65526354,0.034824915,1.0589242
TGACTCCGAATCATAC-1,-0.73997647,0.17527731,0.96724164
ACTACATCCCGACAAG-1,-0.8066339,0.22036025,0.9556138
TTGCCGCAGACCTACA-1,-1.1455585,0.6230307,0.7907102
TAAGAGGGACAGGGAC-1,-1.0925177,0.5723053,0.7629746
CGAATGAAGTCATTGC-1,-1.4590412,1.0216668,0.6006775
AAGGGAACGACTGGCT-1,-1.114942,0.7779031,0.4378146
CGAATCTGCTCGACGC-1,-1.152716,0.7427528,0.48962384
ATCGTGGAAAGTCTGG-1,-1.1028707,0.90769243,0.25367585
CCTATGGCTCCTAGTG-1,-0.941017,0.46985477,0.4503521
CGTCGCTTGGTTATAC-1,-0.56199634,0.17958766,0.65578455
TGCTTAGAGAGAATGC-1,-0.8571948,0.25521314,0.83154404
GATTGCTCCAGTTGCA-1,-0.64026845,0.06114021,0.958291
CGTGCTTCTACCTAAA-1,-0.76437116,0.20370658,0.8867193
ACTCCAATATCATCAT-1,-0.613816,0.032622144,0.99194396
GCCGACCCACGACTGC-1,-0.64614046,0.13883732,0.852425
GAGGGTAGTAACAAAG-1,-0.6360831,0.13672684,0.88770247
GGCCGAGACTCTGGTG-1,-0.67172134,0.1324452,0.9079887
TATATAGGGCTTTACG-1,-0.67983633,0.3220285,0.70882845
TGCCGGATGTACGAGC-1,-0.5992881,0.28263816,0.6269254
AGGTAGATCGAGATAT-1,-0.76333886,0.43688083,0.6936156
GATCAACATAAAGGGA-1,-0.7416112,0.56827486,0.42103514
TAACAGCGTTTGTGCT-1,-0.89127207,0.88443244,0.273088
CTATAGGCGTTGATGT-1,-1.0498091,0.93277395,0.3544778
GGTTTAATTACCATCG-1,-0.9345874,0.8723863,0.34652758
CTCTTCTGGAAGTTAG-1,-1.0982214,1.0274955,0.48217753
ATCTGACATGGAAGGA-1,-0.90451896,0.6950873,0.6106112
TACGTACTAGTGCTGA-1,-0.97440153,0.722711,0.69326377
ATGACTATCAGCTGTG-1,-0.6685389,0.18535638,0.8937429
CTTTGGGATTGTTGCA-1,-0.6972376,0.30749705,0.7965735
AGACTGTTACCGGGTC-1,-0.6685971,0.035533465,1.0804718
TCCTAACCGTCGGGCA-1,-0.58002716,0.030826336,0.93734014
ACGCAAACTAATAGAT-1,-0.62373245,0.033149116,1.0079691
AAGTGAGTCGGGTTTA-1,-0.6342001,0.03370545,1.024885
TAAAGCGGTATTTCCA-1,-0.46579507,-0.13043757,0.9402957
CTCCTCCAGCTCACAC-1,-0.5856582,0.031125665,0.9464399
CGGTCCGTCGCAAGCC-1,-0.31422785,-0.26132023,0.8545679
CCTATATTTGTCCTGG-1,-0.5492937,-0.06941077,1.0166694
TCCAATAAAGGCTACC-1,-0.2754669,-0.30317152,0.8508257
AAAGGCTACGGACCAT-1,-0.5573725,0.02962243,0.90072966
CGTGACCAGTCCTCTG-1,-0.50624615,-0.14263222,1.0399003
GATCTGCTATCTAAGG-1,-0.65132535,0.03461566,1.0525601
CGAATGACGCATAATG-1,-0.6098182,0.032409657,0.9854832
GCTCAATGTAATACCG-1,-0.64468837,0.034262896,1.0418345
CTATGCCCGAATGCAA-1,-0.6069341,0.03225635,0.98082256
CACAGGGCCGTTGTCA-1,-0.64760786,0.03441806,1.0465523
TCAATACGCCGTCATG-1,-0.6622673,0.035197143,1.0702425
AGCGGACACTTCGTAG-1,-0.6130532,0.032581605,0.99071103
ATACGTTATGCACGGA-1,-0.6288157,0.03341933,1.0161837
GAGTAGATACTAGTTG-1,-0.60288835,0.03204136,0.9742844
CCAGCTCGAACGCATT-1,-0.50401014,-0.093216665,0.9714846
TGCTTCCCAAGCAGTA-1,-0.55235094,0.029355507,0.8926144
GTAGACACGCCTGACT-1,-0.5723256,-0.079130195,1.0682058
CTCACATTTACTAAAT-1,-0.5950187,0.031623125,0.96156675
GAATGCGAATCGGTTC-1,-0.60958356,-0.06902386,1.117785
TAAGGCCCGTCACCCT-1,-0.58704907,0.031199556,0.9486876
GAGTATGCGCGTGCAT-1,-0.6277557,0.033362973,1.0144707
ATCCACATCGACAGAA-1,-0.6241745,0.033172615,1.0086833
TAGACGAAACGCCAAT-1,-0.6604418,0.03510013,1.0672925
CAGCAGTCTGTGCTGC-1,-0.5413912,-0.0625164,0.99432987
CTCACTGTGATACTTA-1,-0.5133975,-0.14174983,1.0507997
TTAATTGCTTTGGGTG-1,-0.39729902,-0.23971182,0.98326516
GTAGTCTACGATATTG-1,-0.32674718,-0.32170948,0.9716172
TTGCCGCTTTCTAGTA-1,-0.20448567,-0.5324594,1.0412459
GAACCTTTAACGATCC-1,-0.40256244,-0.28045362,1.0454363
TGGACCAATCTAAGAT-1,-0.40381023,-0.26831335,1.0316573
CTAGTAGAAAGGGATT-1,-0.530079,-0.116715334,1.0461669
AACCTCGCTTTAGCCC-1,-0.58459765,-0.041374296,1.0394982
GAGTGTCAACCAGAAA-1,-0.65678775,0.03490598,1.0613872
GTGATCCTTGTCATGA-1,-0.6619394,0.03517976,1.0697125
CTCAACTAACCCGGAT-1,-0.6672659,0.035462823,1.0783201
AGTGGCGTCTGAAGGT-1,-0.6244389,0.033186726,1.0091106
GGGAAGGGCTTTCTCA-1,-0.62270147,0.033094347,1.006303
AGGCCTGAGAATCTCG-1,-0.5676082,0.030166319,0.9172707
AGCCACAGGTTACCCG-1,-0.6694957,0.035581183,1.0819238
TGCAATCTAACACGGT-1,-0.6586655,0.03500569,1.0644218
GTTTGGGTTTCGCCCG-1,-0.6229892,0.03310958,1.0067681
CCTATGTCCACTCCAC-1,-0.6103507,0.03243791,0.98634386
CTGCCTTTCTAGTAAA-1,-0.6383853,0.03392791,1.0316484
TTAGTAAACCTGCTCT-1,-0.5841523,0.03104559,0.9440064
TTGTGGTGGTACTAAG-1,-0.628254,0.03338941,1.015276
CCTCCTGTTGTGTCGT-1,-0.61631167,0.032754716,0.9959767
ACAAAGCATGACCTAG-1,-0.61487967,0.03267862,0.9936626
ATAGCAACTAGGGAAG-1,-0.5892825,-0.04112534,1.0470691
CCGCTCTTCCGAACTA-1,-0.62112844,0.02964821,1.0965779
TAGAATAGCCGATGAA-1,-0.32694,-0.28805286,0.9169768
GGTCTCCGTCCAGGTT-1,-0.40375847,-0.07642579,1.0242338
TAATTACGTCAGTAGA-1,-0.28126097,-0.29390493,0.9432406
TACGTAAAGCGGAGTG-1,-0.3237081,-0.15700878,1.0805469
GCTACAATCGAGGATA-1,-0.37256792,-0.22962297,0.9724777
TCAGCCAATCCGTAAA-1,-0.2529887,-0.10140028,0.8044173
ATCATAGCCCTATGTA-1,-0.44636083,-0.16199636,0.9642928
GAGGCCTGTTGATACA-1,-0.43018088,0.19941695,0.72544396
ATATACGCTCGTGACG-1,-0.55225056,-0.065094724,1.0724754
CCCTTTAATGGAGTTC-1,-0.35149503,0.5774592,0.39408502
TTACACGATCTGCGAC-1,-0.50563544,0.17760333,0.77886903
TCGCATAAAGGGCGCA-1,-0.5399341,0.2924105,0.7320504
TGTAGCCATCCCATTC-1,-0.4935384,0.070466876,0.68328327
GGGTCTATCGCTTTCC-1,-0.61367744,0.06536253,0.9219787
GGAGGGTCAAGTAAGA-1,-0.35285693,-0.18888697,0.84186566
TACGGCATGGACGCTA-1,-0.47937617,-0.078561336,0.9107906
CACGTCAATCAATGGA-1,-0.40725708,-0.32197183,1.048455
CGCTTGGACGGATAGA-1,-0.44956106,0.06654905,0.58620715
CGCGGTACGGTATACA-1,-0.3224222,-0.47943375,0.96704286
CCTACTCAACACGATT-1,-0.17255461,-0.4951651,0.59085584
CGTTTGGTGTTGTGGG-1,-0.28746063,-0.5054397,0.94213474
GTTGTTGCAAGATGGC-1,-0.13487023,-0.5770402,0.85254914
CATTCGTCGTAGCGGT-1,-0.369276,-0.3058772,0.9680879
CAGCCTCGATAGCGGT-1,-0.073044755,-0.6599317,0.96800464
TCATAAGTCCAAGAAG-1,-0.14723885,-0.49988773,0.8986677
AAAGTGCCATCAATTA-1,-0.1925768,-0.5418945,1.0224521
GTTGCAGTCGACAACA-1,-0.30100983,-0.48840672,1.1435652
TAAATGGGCTACTGAG-1,0.012265964,-0.6023796,0.75293875
GGACAAGCCATGATCG-1,-0.53830713,0.12954853,0.68949217
TCCAATGCGTCGCCGC-1,-0.65015423,0.2501628,0.6651455
AAAGAATGACCTTAGA-1,-0.65440243,0.18857963,0.8135344
CCTATTATTCCGGCCG-1,-0.7146635,0.25363278,0.76962465
CAGTAAGGGACGTCTC-1,-0.726745,0.21625157,0.9531592
GGGATGGACCCGCGTC-1,-0.7746399,0.28236908,0.86681646
GACGCATACCCGTCGG-1,-0.7889061,0.29093155,0.84961665
GGGCAGGATTTCTGTG-1,-0.70563084,0.24576497,0.7005631
TATCTGAGCCGATATT-1,-0.8881459,0.32773012,0.8730841
AATGTATGGCACTGTA-1,-0.8842241,0.42142832,0.53307515
GCCTTTGTCAGTGGAC-1,-0.75421464,0.32140565,0.56845427
AACCATAGGGTTGAAC-1,-0.6324919,0.14932398,0.5389261
AAACTTAATTGCACGC-1,-0.60412073,0.06320071,0.8456613
TAGGCGGCTGCAAAGA-1,-0.5354848,0.028459087,0.86535823
TCCATCAATACTAATC-1,-0.69201756,0.03677828,1.1183196
ACCTCGAACTTATGCT-1,-0.6635893,0.03526737,1.0723789
ACAAACCATGCGTCCT-1,-0.5806443,0.030859144,0.9383375
ACACCGGTCTGACCGC-1,-0.48397014,0.025721291,0.78210926
ATGGCAGCATTACGAT-1,-0.74843013,0.15614276,0.9363668
CTGGTGAATGGGCCTA-1,-0.67461985,0.067158945,1.0019777
CACAGAGACGAGGACG-1,-0.964593,0.46634558,0.76493824
GCACAAACCCTAGATG-1,-0.75537896,0.18418308,0.93756133
ACTATGTCCAGCTGCC-1,-0.9490377,0.6096257,0.55539584
AAGCCGCCGTGAAATC-1,-0.7243821,0.2416289,0.84907573
ATGGGTGTATACCTCC-1,-0.7957887,0.38020566,0.72896725
TAAGCGCGAATCAAAT-1,-0.66934556,0.12364967,0.96160495
AGCCCGGCATTAGAGG-1,-0.679703,0.12420008,0.9783429
GTGATCAAGCGTGCAC-1,-0.6865028,0.09446813,0.94613695
CTGCCTTTAATACCTT-1,-0.65862054,0.0639961,0.9827208
TACCTCCACACCAATG-1,-0.7772823,0.17411216,0.9083178
GAGCATCAACAACTTG-1,-0.7298641,0.20213304,0.8627049
CATACGAACTAGCTGG-1,-0.75984883,0.3153275,0.690928
GGGAACGGTTTCAGAT-1,-0.7617944,0.42325345,0.63298947
AGGGTGCCGTTCTTTA-1,-0.89802724,0.5288567,0.61548054
ACGACTGGTCATACTC-1,-0.8023446,0.42280164,0.7295063
GGATCTTACTGCCCTT-1,-0.771818,0.3112389,0.801838
TACTCCTCTAGTTGAC-1,-0.70528233,0.45801738,0.5355037
GTAGCTCCGGGAGGCT-1,-0.63564116,0.27985427,0.6573117
GGACTCGTGAGTGGTC-1,-0.65723747,0.30328032,0.69673383
GTAGTTCGAAGGCGAA-1,-0.5965225,0.03170312,0.9639968
CTCAAACCACTGCCCG-1,-0.71532995,0.24194963,0.8978356
GAGGGAGTCAGATCGC-1,-0.6905717,0.036701463,1.1159832
GCGTCCCTAAGACATA-1,-0.6721026,0.105886936,1.0100331
TCTCTTACCGCGAACC-1,-0.62933195,0.033446733,1.0170181
GGCTACTATACACTCC-1,-0.61821574,0.0328559,0.99905425
CGTTGCCCGCGTGGGA-1,-0.5453902,-0.062303785,1.0007926
TATAGAGTCGCTTGAA-1,-0.6679968,0.03550161,1.0795016
ATGTTGTAGTCTGTTT-1,-0.36983064,-0.24020885,0.92248005
AGTATACACAGCGACA-1,-0.43424767,-0.22202301,1.0080823
TGTGGTTGCTAAAGCT-1,-0.11290377,-0.3837327,0.66789573
TGATTCCCGGTTACCT-1,-0.105921015,-0.40130186,0.66871953
CACTGACGATTGTGGA-1,0.28948033,-0.79132694,0.4953782
AACATTGTGACTCGAG-1,0.2459794,-0.71733135,0.48079383
GTCCAATATTTAGCCT-1,0.03779901,-0.49149904,0.5537673
GCTCTTTCCGCTAGTG-1,-0.16229339,-0.39134523,0.7685605
GGGTCAGGAGCTAGAT-1,-0.3825092,-0.16365315,0.85122967
AGGTGGTGACCTTCGC-1,-0.5168359,-0.057049587,0.9457889
CCCGGGTCGTTCAGGG-1,-0.6107176,0.03245741,0.9869367
AGCCAAGCTTTGTGTC-1,-0.6204775,0.032976054,1.0027092
TGTGGCGGGCTTCTGG-1,-0.58033323,0.030842546,0.9378348
CGAGGGTATCCAGGTG-1,-0.6742575,0.035834342,1.0896192
CGTTCAGACCCGCGAA-1,-0.42822385,-0.08904761,0.8382891
TCATATGAGCTTTGTT-1,-0.6123169,-0.05197506,1.100089
AGTTGACGGTCCTTGC-1,-0.25264394,-0.39771646,0.93101
ATAATTAGCTAAGTAG-1,-0.3884733,-0.23921815,0.95260686
GGTCTTGAGCGCTCTT-1,0.015102673,-0.6187425,0.7499304
CGTTGTCGGCAATTGA-1,-0.3502784,-0.2527569,0.9104473
TCTTGCTCCCGATACT-1,0.22381295,-0.89865375,0.7428614
AGCAGAAGGAGAAAGA-1,-0.16706914,-0.43110484,0.8182561
GAAGCCACTGATTATG-1,-0.031380657,-0.62766206,0.8384015
TGCTCTTGAGAGTTTG-1,-0.47910073,-0.094540514,0.9312304
GACATCCGTCGAACTG-1,-0.24857777,-0.32683286,0.82986057
AGATATAATACGACTA-1,-0.6005464,-0.040526684,1.065272
TCGCTACTGGCTTTGA-1,-0.41355902,-0.2677952,1.0474117
GTGACAGCTTCCCACT-1,-0.53368425,-0.11652378,1.0519929
GTGACGCAGGTTTCAT-1,-0.40415615,-0.2803689,1.0480118
GGGAAGACGGTCTGTC-1,-0.54334587,-0.049371157,0.9804279
CGTCGCATGTGAGCCA-1,-0.47751817,-0.14415906,0.9934751
AGAAGGTTGTAGGTCG-1,-0.47258905,-0.14442103,0.9855096
GGCCGGCGTCTGCTAT-1,-0.59159833,0.031441417,0.9560392
TTGACCAGGAACAACT-1,-0.61289465,-0.039870434,1.0852269
AGTCGTATAAAGCAGA-1,-0.50586957,-0.073117256,0.94832444
GGCGTAGGGAAAGCTG-1,-0.61589015,0.032732427,0.9952957
AAACCTAAGCAGCCGG-1,-0.48767355,-0.14361931,1.0098864
ATTGCCTTTATGTTTG-1,-0.56694174,0.030130962,0.91619366
CAGGCAGTCTTACCAG-1,-0.56693345,-0.048117593,1.018546
AGCTAAGTACGCAGGC-1,-0.57527405,0.03057371,0.92965895
AAATCCGATACACGCC-1,-0.62842435,0.033398394,1.0155513
CGAGAGCTTTCACTAC-1,-0.67057526,0.03563854,1.0836685
CGCCCAGCGTTTCACG-1,-0.6241021,0.03316863,1.0085666
TTAAGTATTGTTATCC-1,-0.6157526,0.032724924,0.9950735
AAACGGGCGTACGGGT-1,-0.61519617,0.032695416,0.9941742
GTATCCTTTGGTAACC-1,-0.62415546,0.03317161,1.0086526
CATAGTCAAATACATA-1,-0.6703556,0.03562703,1.0833132
TCTATGCTATAACGAC-1,-0.62998277,0.033481304,1.0180697
ACGTTCTGTACAAGTC-1,-0.57588506,0.030606227,0.93064624
CGCGAAGTGGCATACT-1,-0.5817723,0.030919043,0.94016016
ACCAACCGCACTCCAC-1,-0.63239795,0.033609655,1.0219727
GTCATGCGCGAGGGCT-1,-0.6562553,0.033168733,1.103495
TAGGCTAAAGTGGCAC-1,-0.57081276,0.027054207,1.0328878
TGGCTACACTCTACCT-1,-0.5275433,0.02211812,1.1025982
TGTCCACGGCTCAACT-1,-0.44025913,0.2902899,0.63587916
AATTGCAGCAATCGAC-1,-0.33043563,0.12287565,0.94658154
GTCAACCAGGCCTATA-1,-0.23330644,0.38250276,0.63152355
ATCTTATCGCACACCC-1,-0.29189923,0.273056,0.7571753
GTCTATTGCATGCTCG-1,-0.20492388,0.72659314,0.3275386
GCACGTGGTTTACTTA-1,-0.27731708,0.8589625,0.1522633
ATTCGCGCCTTGAGAG-1,-0.3586377,1.2467073,-0.104092255
AGCGATGCGCCTAATA-1,-0.1832486,1.055251,-0.1725611
TCTATAGGTGGGTAAT-1,-0.451278,1.1487324,-0.14790006
AGATACCAATAGAACC-1,-0.298121,0.42333624,0.34343982
CGTGTATGGGAGCTGA-1,-0.37846762,0.31970033,0.34212786
ATGTACATGCGGTGAG-1,-0.52228403,0.15465066,0.77370137
TTGGCTCAATATGTGT-1,-0.35806954,-0.041970447,0.6530555
GTTCGGAGCACTCAAC-1,-0.46722838,-0.010783367,0.7967194
TCCCTCTTCTCAAGGG-1,-0.6734478,0.8200384,0.014823535
TTACGTATCTATGACA-1,-0.6738625,1.3214428,-0.66568494
CCCATATAGGTCGATT-1,-0.7560789,1.0916588,-0.21343608
GTCCACGTCGCATTCG-1,-0.6509266,0.8673229,-0.15599713
AATTGTGGTTGCCAAA-1,-0.43890402,0.18323551,0.41203368
AGGAACGAACGACTTC-1,-0.2919397,-0.2513285,0.6451208
TAATTCCAATGCTTCA-1,-0.077383794,-0.6092779,0.8443878
AGGGCCCTAATGTTCT-1,-0.063228205,-0.6731099,0.9094242
AGGTGTTGCCGACCAC-1,0.19622509,-0.76972765,0.6386823
CTGAGAGTAGAAATAC-1,0.084360726,-0.73676974,0.79313177
TAGAAGAAGGGTTACA-1,0.44651335,-0.7968333,0.33773896
GGTGACTGATAGAGAG-1,-0.03749177,-0.49142656,0.69317335
TACCCTCGGTAACCCT-1,0.54331684,-0.80064315,0.19504368
TGTAAGACTGATAAGA-1,-0.625655,0.3025123,0.52964133
GTCACTCATGAGCGAT-1,-0.5908016,0.3068509,0.46196416
CGGTTTACTGAACATT-1,-0.7133861,0.38302806,0.53583795
GAGATCGATCTTACTC-1,-0.59955037,0.22089247,0.6019997
TCTTTCATCCGTCCTT-1,-0.6444726,0.21010509,0.72734076
TCGGATCTGGATGACC-1,-0.6471073,0.16389617,0.8142516
GTCCTAGGATACCTTA-1,-0.70507693,0.20144153,0.79865307
TGTACCCGACCCTAAT-1,-0.5193554,-0.0054186606,0.7692613
AGGTTCTCCTTTCCGG-1,-0.6656697,0.14148958,0.6647617
AATTGCGTGGATTACA-1,-0.5358749,-0.054015603,0.74760723
CGATAGCGATACAGTG-1,-0.47700453,-0.08278918,0.48853892
CGCCCTAATTGTTCAA-1,-0.3188695,-0.19546945,0.5354349
ATTATGAGACCCAATT-1,-0.40134594,-0.097140245,0.5030162
CCTCCTAGCTAGAGTC-1,-0.54162943,-0.05166245,0.91947097
CGAAGGGTTTCAGATT-1,-0.6509292,0.034594513,1.0519197
CACAAGCTAAGAAAGG-1,-0.67893904,0.036083147,1.0971847
CACCGGTAGAGACATT-1,-0.5929275,0.03151194,0.95818746
ACTCATGGCAGCCTTC-1,-0.6591713,0.13402416,0.94377476
CATCCAATATAGTTTG-1,-0.5712692,0.030360913,0.9231871
CAGATATGAAGATGAC-1,-0.7309683,0.2221913,0.9563186
GCAAAGGGCGTTAGCC-1,-0.6614535,0.03515394,1.0689272
CTGTTGTTCAGTCGTA-1,-0.68510336,0.12810534,0.99465376
AAAGGCCCTATAATAC-1,-0.64400154,0.03422645,1.0407244
AACATTGAAGTTGATC-1,-0.6457669,0.03432023,1.0435773
GCTAGCGATAGGTCTT-1,-0.59693646,0.031725086,0.96466607
ATTGCCTATTAGACCG-1,-0.5531945,-0.08629585,0.9478377
GGGCGTTTACATTCAT-1,-0.66000456,0.0083596865,1.015932
CCTCTACAAGGATTGG-1,-0.55488867,-0.22097802,0.9238125
AGTGACTGTGACACAA-1,-0.62753564,-0.10700229,0.92687297
AGCCCTCCCTGGTGGC-1,-0.35868362,-0.40127158,0.70067483
CGGTTGAGTATCCTTC-1,-0.69643253,-0.0036273317,0.74907404
CATTATCCCATTAACG-1,-0.2625841,-0.5417579,0.69754255
AATGTGCTAATCTGAG-1,-0.5594299,-0.07839713,0.7711171
CTTAGTTGAGGAATCG-1,-0.4912585,-0.22071987,0.84819895
CTTCTGGGCGTACCTA-1,-0.71256727,0.08701855,0.89344376
AGTCAAATGATGTGAT-1,-0.6162749,-0.044853214,1.0198773
TGAACAAGCAGGGACT-1,-0.53745055,0.035987053,0.7776942
AATACCGGAGGGCTGT-1,-0.58975106,-0.069058955,1.004396
GTTTGGTGATCGGTGC-1,-0.57584745,-0.031878803,0.959673
GACTGCTGGTGAGAAA-1,-0.5541756,-0.12326976,1.0704502
CGATCCTCGCAACATA-1,-0.5377899,-0.06151066,0.9721954
CCAACCTTATGTAACT-1,-0.5634458,-0.09908314,1.1302847
CGTGGTACCCAAAGGC-1,-0.59996516,0.061955627,1.0759914
AACCCGACAACCCGTG-1,-0.39404532,-0.054027896,0.91345364
TATGTAAAGTGCTTAA-1,-0.47963598,-0.15708776,1.0139586
GCAAGTGTAAAGCATG-1,-0.26568866,-0.32832575,0.9781254
GTAACTGCCCAAGGAG-1,-0.18108365,-0.46016425,0.88169086
GGTGCATAAATGATTA-1,0.07018329,-0.7748173,0.84786296
TAGTCCCGGAGACCAC-1,0.03584417,-0.6454758,0.73448557
CGGCCAGAGCGACCAT-1,0.15498321,-0.80233085,0.7288357
TGAATGAGTGTTTCCC-1,0.15165886,-0.7473091,0.67724234
TTCACTTCCTAGAACG-1,-0.15908968,-0.45428473,0.8402489
CGCTTAGTATTGATAC-1,0.0024938434,-0.47871748,0.5938235
AACGCGACCTTGGGCG-1,-0.3166545,-0.15460373,0.73599446
GTGCACCAGCTTCAAC-1,-0.2873746,-0.17718098,0.707963
TTCTATTAAACGCAGC-1,-0.46536046,-0.06549222,0.9181204
TGGCAAGCACAAGTCG-1,-0.6155807,0.032715816,0.9947956
ATCTGCTGTTATCGCC-1,-0.31542936,-0.23402463,0.9281258
AATTCCAAGCATGTAC-1,-0.6780197,0.036034215,1.0956988
AAACGGTTGCGAACTG-1,-0.49930385,-0.05918021,0.91902494
GAAGGAGTCGAGTGCG-1,-0.5504918,-0.06203275,1.0090368
GGCAAGCCCATAGTGG-1,-0.46070173,-0.21699394,1.0604142
TGACCAAATCTTAAAC-1,-0.32989243,-0.3345835,0.9937609
TTCGGTACTGTAGAGG-1,-0.39340374,-0.2399187,0.97697026
ATGTACGATGACGTCG-1,0.013742045,-0.6984531,0.8680121
ATCTAGCTTGTGAGGG-1,-0.18721794,-0.41078115,0.8437318
AGCGGGTCTGACACTC-1,0.123746194,-0.7894698,0.78280723
GAGGTACGCGTGTCCC-1,0.018104777,-0.6426028,0.7902574
GCACTGCCTACCTTTA-1,0.12454838,-0.79284835,0.78577405
GGAGCGAGGCCTACTT-1,-0.1517253,-0.54121345,0.9500313
AAACTCGGTTCGCAAT-1,-0.09733584,-0.53292435,0.8353367
GGCGCTTCATTCCCTG-1,-0.26178175,-0.39121154,0.9491763
TGCTCGGTGGGTCACC-1,-0.31509075,-0.35754594,0.9988519
AAGCGCAGGGCTTTGA-1,-0.34772113,-0.28336814,0.95681125
GACCTTCCACGTCTAC-1,-0.20337524,-0.5204444,1.0236562
GTTAGCCCATGACATC-1,-0.29805765,-0.32323408,0.92525417
AATTCGATTCGAGGAT-1,-0.33045822,-0.3215121,0.9776143
AGTCTTTAAAGTGTCC-1,-0.5421344,-0.062476896,0.99553096
GACTAGGCCGTTAGGT-1,-0.63510716,0.03375369,1.0263506
TCCAAGCCTAGACACA-1,-0.60143626,-0.052553378,1.0825052
GATTGGGAAAGGTTGT-1,-0.5912489,0.03142279,0.95547444
GATGAGGAACCTTCGG-1,-0.30808237,-0.33574268,0.9585153
TGAATACCGACGCGTA-1,-0.34766263,-0.32059777,1.0054171
AATCGTGAGCCGAGCA-1,-0.11460664,-0.59755564,0.9625632
GCGAAGAATCTGACGG-1,-0.41762948,-0.29172677,1.0855805
GAACAACTGGGATGAA-1,-0.2720486,-0.3636863,0.92099816
TCGCCGACATATTCGC-1,-0.4218939,-0.16329674,0.9247535
CGTAGAGAGTAATTAT-1,-0.4599841,-0.17639011,1.0060856
CGATAGTCGTACTGCA-1,-0.6312809,0.0335502,1.0201676
CGCATGCCGAATGCGT-1,-0.5750709,0.030562904,0.9293306
CTCTAGCCCTCGGAAA-1,-0.6654703,0.035367284,1.0754186
TCCAACTCAGCTATCT-1,-0.6164426,0.032761667,0.9961886
GTCTAGTGAGCCGCTT-1,-0.6639497,0.035286523,1.0729613
TACCGAATAATTGTAA-1,-0.61222833,0.032537762,0.98937804
ATATAACACGGGCGCA-1,-0.67173076,0.03570007,1.0855356
GCATGCTAATAACGAT-1,-0.57588506,0.030606283,0.93064624
TCCGGGCTTGACGGGA-1,-0.64140713,0.034088574,1.0365318
ATTATTCAGAGTCACT-1,-0.63926935,0.03397496,1.033077
TAGCAGTATGACTAAA-1,-0.60356784,0.032077573,0.97538227
TATGAAGAATTAAGGT-1,-0.531429,0.028243665,0.8588038
CAAGGCCAGTGGTGCA-1,-0.5549022,0.19381231,0.67336065
TGCGTACGGCTAATTG-1,-0.4879768,0.02593429,0.788584
CAGATAATGGGCGGGT-1,-0.41919467,0.29076162,0.49436936
GAGAACGGTTCTGACT-1,-0.55625325,0.29905778,0.53255993
CGCTTCGGTCTAAGAC-1,-0.42223164,0.8190011,0.12017305
AGCATTACGAGGCAAG-1,-0.4777236,0.48686427,0.35070106
AAGTTGTGATGTTATA-1,-0.39968818,0.6782087,0.13234855
TTGCTCATAGTACGTG-1,-0.5806586,0.39548862,0.6405579
TACTTAAACATGTACA-1,-0.48578158,0.6030032,0.35877693
AGTGAGTCGAATTAAC-1,-0.5155446,0.06346932,0.8752659
TAGGCCTATATAGTCT-1,-0.51518613,0.37137052,0.45159444
ACTCGCCGTTCGATAA-1,-0.5041912,-0.14223908,1.0359222
GGTACGTTGCGGCCGG-1,-0.54086447,0.15378404,0.70295733
TATTGCCGGGCTTGTA-1,-0.40120718,-0.1866948,0.9204949
GGTAAACTCTGCGCTG-1,-0.3947285,-0.028294077,0.6969546
TCCCTTGTCTGAAACT-1,-0.32265896,-0.25188547,0.8631057
CATGATCGCTTTGAGA-1,-0.44461092,0.18750897,0.48231032
GGACGGGCGACCAACC-1,-0.057354458,-0.46968523,0.6725635
GAGAGGCCTATGTGTA-1,-0.33843285,0.084646456,0.428853
TCGTAACTCCCAAGAC-1,0.19762751,-0.69586104,0.61100084
CGTATCTAGAACTAAG-1,-0.06848877,-0.5447276,0.8354707
GCACCTTCCCGAAGGT-1,0.35938197,-0.75213885,0.4724812
TACCTCTTTACCATCC-1,0.14818843,-0.70032734,0.6952545
TGACTCTAACTGGTAA-1,0.5747432,-0.88384926,0.3189286
GAGAAACTGGATCCCA-1,0.66503704,-0.8336472,0.08870775
ATCCGGACCAGCCTGA-1,0.84427494,-0.62957025,-0.234164
TTATTTAGGTTCCTTA-1,0.97319657,-0.890114,-0.26836386
CGAATTCCCGGTTCAA-1,1.016567,-0.5607776,-0.5998483
ACGTCGGGCAACTCGG-1,-0.46780193,0.13951667,0.5181366
ACTTGCTCTATCTACC-1,-0.33054358,-0.15601143,0.7184725
ATTACGGGCTACGGTT-1,-0.47584575,-0.031570476,0.7843969
GCAAACGTAAGCGACC-1,-0.19788682,-0.38718176,0.83986557
TTCGGACTGGGCATGG-1,-0.39901653,-0.058973994,0.7497155
GGGCCATTCGTGCTGG-1,-0.33253986,-0.28915045,0.93878686
GAGTTGTCACCAGTCT-1,-0.5100032,-0.093779534,0.94248587
AGTAATTTGCAAGCGT-1,-0.45952472,-0.037940342,0.8241888
GTGGCCGGTTTCTCGG-1,-0.47408134,-0.11263359,0.84231347
ATCTTAGGGCATTAAT-1,-0.5880997,0.031255417,0.9503857
CTACATATCGCGGGAC-1,-0.62386936,0.033156455,1.0081905
ATGGTATTTACTGATT-1,-0.6386812,0.11092665,0.97626686
CCGTCAACCTCTGGCG-1,-0.6697928,0.03559707,1.082404
GCTTCGACGTTCAATC-1,-0.5805758,0.29828286,0.69651204
GACCGATTAAATATGT-1,-0.654249,0.13376257,0.9358204
GTCGAATTTGGGCGCT-1,-0.65673155,0.72206086,0.23829143
TCACGGCCCAAGAGAG-1,-0.6883724,0.40436,0.70575553
CTACGATCCTATCCTA-1,-0.83436084,0.86919045,0.36787543
TGCAGTGGTAGGGAAC-1,-0.71155065,0.30594328,0.8206628
TTGCCTAATCCAAAGT-1,-0.730225,0.31914085,0.8423822
AGCGAGACGTGAAGGC-1,-0.67254096,0.21936233,0.86145175
TTCTACCTCAATCGGT-1,-0.54602647,-0.062214218,1.0080051
TACGCTGCTGTGTTAA-1,-0.57955813,-0.02704662,0.96351206
TAGTCCTGCACTAAGC-1,-0.4494254,-0.28244036,1.0359766
AGCACACGTTTAGACT-1,-0.55364364,-0.2062263,1.0044059
GTTCGACAATTGTATA-1,-0.47629428,-0.3271858,1.0239639
CCATGTTCATCTATAT-1,-0.40821713,-0.33106118,0.82390887
CCCTCGATAATACACA-1,-0.48080024,-0.30987075,0.93313617
ACTGCCCGCCATTCTC-1,-0.1425435,-0.58521414,0.54321605
CTATATCCAGCCTGGC-1,-0.23869434,-0.510082,0.818775
CGCACGTCTGTTTATG-1,-0.16205955,-0.5506839,0.72577465
AATCAGGTTTCATTTA-1,-0.14337492,-0.5261053,0.7880756
AGAGAAACACCAGAAA-1,-0.25027964,-0.4393877,0.88900197
ACCCGATTGGTTCCGA-1,0.0059897094,-0.53857315,0.6594868
TACCAGGAATCCCGTC-1,-0.41784307,-0.25233996,0.9698846
AAGTGCTTCTCTATTG-1,-0.078907914,-0.5533405,0.82005095
TGCATGTGACCCATAG-1,-0.51889026,-0.2157336,1.0572491
TAGATTCAAAGTGCGG-1,-0.33513016,-0.29360154,1.0613505
AGGGTCAGAGCACTCG-1,-0.5412309,-0.18466786,1.2129459
GTGAGATAACCTTATA-1,-0.35640302,-0.16806398,1.1781682
GTGTCAGTGTACGTGG-1,-0.43404222,-0.088074364,1.291769
CTGTAGTGAGGATCGA-1,0.13833477,-0.6890796,0.8758114
GATAGTGCGAGTAAGT-1,-0.16114292,-0.39261675,0.987413
AGGGTTCAGACGGTCC-1,-0.08229326,-0.51885676,0.7561665
GGACTCGACAGCGCAT-1,-0.07449036,-0.6231604,1.037141
CACTCTCAAGCATCGA-1,-0.20606627,-0.5014104,0.82456756
GAGCGGAATGCGGTGT-1,-0.06203136,-0.5749252,0.8205479
CAGTTCGAGGACCCGA-1,-0.41891366,-0.2829924,0.90868074
CGTAACTTCGACACTT-1,-0.22340268,-0.45375755,0.8982731
TGATCACCACACTGAC-1,-0.31404462,-0.38717264,0.9144014
CATACTTCTTTCTCCG-1,-0.37622476,-0.22101858,0.9232887
CAAGTAAGTGATAGAC-1,-0.17946899,-0.43857214,0.8775526
AGCCCGCAACAAGCAG-1,-0.2578611,-0.32330483,0.9398736
GCTCCATGCAAAGCAA-1,0.22301312,-0.69420934,0.62478197
TCGTACCGACGTCAAG-1,-0.103476964,-0.48709866,0.9523456
ATTATCGGAATGTACG-1,0.6847001,-0.8822107,0.19888115
ACCTACTATAAATCTA-1,0.15138999,-0.63871276,0.73989075
TATCCTATCAACTGGT-1,0.6198624,-0.8491496,0.21916807
GCGCGGTCTAGTAACT-1,-0.16313152,-0.4210843,0.8974327
CCTTCGTATAGAATCC-1,0.036886934,-0.54239017,0.65957874
TGGGCGATACAATAAG-1,-0.45865542,-0.20502876,1.0413117
TGACATGTAACGTGAC-1,-0.41239676,-0.2924008,0.98125136
TTGGGAAGACGAGCCG-1,-0.45041797,-0.2233449,1.0513889
GGTGTAAATCGATTGT-1,-0.31243563,-0.34406748,0.88558805
GAACTGTGGAGAGACA-1,-0.32876474,-0.26769835,0.90435976
TCCACATCGTATATTG-1,0.1370166,-0.7057663,0.64563483
CCTATGGTCAAAGCTG-1,-0.2057188,-0.52592564,1.0297008
TCCTTGTCCTTTAATT-1,0.021198994,-0.6502704,0.7900253
AAGTTTATGGGCCCAA-1,-0.10239846,-0.527197,0.8493015
GTCCGGGTTCACATTA-1,0.30561692,-0.6938406,0.35013646
ATGTAGCGCGCGTAGG-1,-0.3625932,-0.17052832,0.8300877
TACGGAAGCCAAACCA-1,-0.55966014,0.029743988,0.9044262
GCCCTGAGGATGGGCT-1,-0.35378808,-0.1669163,0.81469274
CGGGCGATGGATCACG-1,-0.6104004,0.03244058,0.98642397
TGCGGACTTGACTCCG-1,-0.5734015,-0.054043278,1.0372005
TAATACTAGAACAGAC-1,-0.65310556,0.03471021,1.0554368
TCAAATTGTTGTGCCG-1,-0.6554594,0.034835268,1.0592407
GGGCAGTCAACGCCAA-1,-0.5843235,-0.04719335,1.0466489
TCGCTGCCAATGCTGT-1,-0.53383666,-0.06291795,0.9821217
TACGTGGGCCCAGGGC-1,-0.34792465,-0.25353536,0.91694367
GCCTACGTTCTGTGCA-1,-0.12078955,-0.46826628,0.7987556
TTGCGTGTGTAGGCAT-1,0.06213778,-0.5739332,0.6181954
TCCTAAAGATTCAGAC-1,-0.039521478,-0.6112378,0.8501055
TGGGTGCACAAGCCAT-1,0.026380563,-0.6483853,0.77465904
GGGAGCGACCGTAGTG-1,-0.14193015,-0.42669412,0.7828317
CATAGAGGAGATACTA-1,-0.34763584,-0.34624922,1.0345583
CTTCGATTGCGCAAGC-1,-0.5701024,-0.04794912,1.023667
GTGCCTGAGACCAAAC-1,-0.6199361,-0.03949613,1.0966065
TCATCCTCAGCTGCTT-1,-0.6705343,0.035636537,1.0836022
TGCAACTACTGGTTGA-1,-0.53839487,0.028613804,0.8700612
ATGTTGATTAGAGACT-1,-0.6019959,0.031993907,0.9728421
GTTTCTAGAGGCGCGG-1,-0.5891775,0.031312693,0.9521273
TACAAGGGCTTCTTTA-1,-0.58389115,0.031031713,0.9435844
ACAGGCACGGATCCTT-1,-0.52119035,-0.056818116,0.9528256
CCCAAGTCATTACACT-1,-0.6607012,0.035113927,1.0677116
ACTCTGACCTAATAGA-1,-0.39150953,-0.2154217,0.92976034
GGATGGCTTGAAGTAT-1,-0.65525293,0.034824386,1.0589072
ACCCTCCCGTCAGGGC-1,-0.54041463,0.028721087,0.8733253
AGCTTCTTCTCGAGCA-1,-0.6671435,0.035456304,1.0781225
TTGCGCTTGATCAATA-1,-0.5347334,-0.10762785,1.0358896
TGGGTGTAATAGATTT-1,-0.58059525,0.030856567,0.9382583
CATGGTTTATTAATCA-1,-0.43076247,-0.13688894,0.8891351
TTGCCTTCTCGCCGGG-1,-0.57668287,0.20292567,0.7144127
TTAAAGTAAGTCGCCA-1,-0.57625043,0.17365324,0.7761808
AGTTGGCAAGGCTAGA-1,-0.5546976,0.15026207,0.7978599
CCGCACTTGCAATGAC-1,-0.5889678,0.07374593,1.0444616
AATGTTGTCGTGAGAC-1,-0.5245981,-0.057249848,1.0481567
CCAAGGTTGCCCTTTC-1,-0.24577492,-0.38228795,1.0195118
TGTGACTAGAGTTTGC-1,-0.43255818,-0.19815692,1.0406027
TTGTGATCTGTTCAGT-1,0.24149886,-0.7638093,0.5727995
GGAGTTGATTCTGTGT-1,-0.043873597,-0.50341,0.71825504
GTAGTGAGCAACCTCA-1,0.6221496,-0.96513474,0.23540655
AAGACATACGTGGTTT-1,0.17558303,-0.69469774,0.5760359
CATCCCGAGATTCATA-1,0.8343561,-0.9773785,-0.073579885
GGCCGCAGGAACCGCA-1,0.40413967,-0.87139964,0.43576992
CCAGAAACTGATGCGA-1,0.719844,-0.83648294,-0.065386966
ACCCGTAGTCTAGTTG-1,0.7106525,-0.8722593,0.0009139583
AGGGTCTGGACGCAGT-1,1.0872835,-0.7949376,-0.5719873
TTGAAACCCTCATTCC-1,0.7950879,-0.77776164,-0.15084158
TCAATCCCGCGCCAAA-1,1.0641332,-0.64247835,-0.7111033
AGGACATCGGCACACT-1,0.751307,-0.67782974,-0.107604936
GACAAGACGCCCGTGC-1,0.81808937,-0.48809913,-0.57059175
GAGTAAATTAAGAACC-1,0.7463157,-0.693085,-0.15489967
TAAGTCGGTGAGCTAG-1,0.78308547,-0.3380682,-0.6087471
CTTACTGACTCCTCTG-1,0.8469711,-0.49463525,-0.50612473
TTAACTGATCGTTTGG-1,0.44159985,-0.13919494,-0.41639605
GCTGAAGGGTTCTTGG-1,-0.20287834,-0.3784459,0.8368506
TAATTGCGCTGATTAC-1,-0.25097102,-0.36125028,0.8956204
TCGCGCGTTTACATGA-1,-0.18841578,-0.46676594,0.92802846
TAACTGAAATACGCCT-1,-0.29890737,-0.33450964,0.9414371
CCTGTCGTGTATGAAG-1,-0.39332974,-0.24968904,0.9896272
CGGGAACGCCCTGCAT-1,-0.2809355,-0.35432625,0.818347
AGTTGCGGTCCTCAAC-1,-0.47935542,-0.0745703,0.86919963
GGGTCCTTGGAAGAAG-1,-0.45985588,-0.17642601,0.90107834
CGGGAAGTACCGTGGC-1,-0.4576246,-0.08129451,0.7887013
ACGGTCACCGAGAACA-1,-0.3472334,-0.20052731,0.69537944
TAGACTCAGTTGGCCT-1,-0.5030106,0.1702578,0.5779011
CCTTCCGCAACGCTGC-1,-0.33623347,-0.0330658,0.28450108
CAGTGTTAATCTCTCA-1,-0.44277492,0.66749084,-0.11815281
CAGGCCAGTACCACCT-1,-0.39580473,0.3312323,-0.46359155
GATCGCTGTGGTGCGT-1,-0.5210745,0.67313814,-0.039263915
GTATCTCGGGCGCTTT-1,-0.19868611,-0.19386832,-0.316467
CCGGGCTAAGAATTTC-1,-0.54781353,0.14108339,0.60215396
CTTCACGCCCTGGTAC-1,-0.2662208,-0.21595037,-0.033735886
CGGATGAATGCTGTGA-1,-0.46607092,-0.14141656,0.8488777
CTCTGCAGGCATTCTT-1,0.06256178,-0.6798396,0.57054204
TCAAAGTCACGGCGTC-1,-0.20964578,-0.42711428,0.897174
TGGGTTTCGGGCGTAC-1,0.2392144,-0.81248325,0.5176701
TGCTATGGCAAAGGGA-1,-0.2263561,-0.34121642,0.7174812
TTCACGGTCGTCACGT-1,0.40989262,-0.8638359,0.27149838
CGTAAAGCAAGAAATC-1,-0.38196695,-0.3121853,0.8787302
CTGATCCCTTTATGCA-1,0.19190527,-0.7009615,0.2626023
GAGTATACCCTAATCA-1,-0.25243697,-0.3840078,0.7277105
CCACGGCAGGTGTAGG-1,-0.029721797,-0.47742504,0.50444436
ACGTACTTTGGCACGG-1,-0.21596071,-0.5474679,0.8546668
CCTGAGAATAAATGCA-1,0.1756686,-0.5911833,0.31355473
TTGATGCCGCTCGTCG-1,0.38569734,-0.79274094,0.3536825
GCCAGGAAAGAACACT-1,0.6578403,-0.82927185,-0.2213912
TCCGACCGCTAATCAA-1,0.49701428,-0.86897993,0.31174612
TATATCAAAGTGATCT-1,0.6282242,-0.78002065,-0.07934303
CCTCGGTTTCCTTGCC-1,0.06817557,-0.5478153,0.782428
TAAATTTAGTAACACC-1,0.10873918,-0.5235579,0.72099614
CTCGTTACGGCTACCA-1,-0.11151103,-0.34872326,1.265855
GCCGTCGGTTTCGGGC-1,0.04717631,-0.48895466,0.96354926
GTTCCGTCCGCCTGCA-1,0.06181918,-0.53876936,1.0001692
CTAGGGATAGGGACAA-1,0.39823577,-0.72178,0.32168996
GTCCAGGCACGTGTGC-1,0.19287074,-0.85054255,0.64888024
GAGGAATATCTCTTTG-1,0.33322406,-0.8218955,-0.021343322
CGTTCAAGGAAACGGA-1,-0.16248454,-0.55729276,0.53808546
GTGGGAACAAACCGGG-1,-0.034645155,-0.7101551,0.3150634
GGGCACGTAGTACTGT-1,-0.25698224,-0.5401881,0.6044386
ACTACAAAGAGAGGTG-1,-0.0068198456,-0.6830406,0.36880532
GGTGTAGGTAAGTAAA-1,-0.19638571,-0.51736194,0.71805775
CCTGTTCAACCTCGGG-1,0.12052544,-0.6830811,0.40210298
TGAGGTGTGTGGCGGA-1,0.07510499,-0.64416677,0.6182875
ATTGTCTGTTTCATGT-1,0.3661667,-0.5702081,-0.10831281
GCCGGTCGTATCTCTC-1,0.37487105,-0.68449634,0.14827974
ATATGGGATAGCAACT-1,0.69192314,-0.709566,-0.6044523
GATAGAACCCGCTAGG-1,0.6852174,-0.7617703,-0.28027678
ATCCCATTTCCGTGGG-1,0.9042051,-0.57085735,-1.1808456
GATGCTACCTTCGATG-1,0.938194,-0.78328866,-0.4837988
TGCAAAGTTCGTCTGT-1,0.872023,-0.6522442,-1.0303767
GTTCAGTCGCCAAATG-1,0.64795697,-0.7953862,-0.18280591
GTCTCCGCCTCAATAC-1,0.7856116,-0.7397834,-0.7624087
AGTAGAAGGCGCCTCA-1,0.18690057,-0.57284945,0.18579026
GTTGTAGATTTATGAG-1,0.598915,-0.5994037,-0.7965366
CTATTTGCTTGGAGGA-1,-0.057675723,-0.48553032,0.43179914
AGCCATATAGTATGTG-1,0.51497763,-0.5470817,-0.7200961
TGTTCCGGCCTGAGCT-1,0.14850754,-0.5916542,0.20009486
TGCCGTGGGACCCAAT-1,0.78931934,-0.7092849,-0.67063874
TTGCAAGAAGACTCCT-1,0.37908328,-0.7849622,0.3562964
CCGCTCCAGGGCGATC-1,1.0391058,-1.04105,-0.41656175
CAAACCCTCCGGCGGG-1,0.34392822,-0.8451434,0.49023342
CGGACCTTTACGTCCC-1,0.56837416,-0.76064163,0.0852548
ACGTAGGAGAGTCGCT-1,0.07697852,-0.43452975,0.44772577
CTGCGACCTCGCCGAA-1,0.34299946,-0.7439438,0.36514825
GGCCCAGCTGGTTTGC-1,-0.16773355,-0.3477888,0.7088672
GGATTAATCATGGACC-1,0.073231764,-0.65559006,0.71749645
GAGATGGCTTTAATCA-1,-0.3849874,-0.22345042,0.92754185
AGTACAGAAGCTTATA-1,-0.04306005,-0.62820625,0.8510845
GCGGCTTTAGCAAGTT-1,-0.37403607,-0.282067,0.98564047
ACCGAGTCTCCTTATT-1,-0.043847915,-0.65938073,0.9068362
GACCACACTTCCCTTT-1,-0.2842409,-0.38149408,0.9632634
TGTAGCCAATTCCGTT-1,0.06334555,-0.6884923,0.7617917
CTCGTCTGTGCCTTCG-1,-0.1538071,-0.4508855,0.8426415
GGACTCTTTGACTAAG-1,-0.12577268,-0.4536212,0.79378873
TCATCGACGACCGTCG-1,-0.07068231,-0.37853426,0.59839255
TACTACGTGCAATGCG-1,-0.123623714,-0.47810623,0.8186591
CCCTACTTGAACAATG-1,-0.16875255,-0.33934957,0.7226027
GCAGCTGTCAACGCAT-1,-0.43926704,-0.08846078,0.85613483
ATCTACCATCTGCTCC-1,-0.52247924,-0.0579485,0.956477
TCTCAAATCAATCGGG-1,-0.6581835,0.03498008,1.063643
ACTCCGGCCGACCACT-1,-0.5436573,0.028893473,0.87856543
TACACCTCTTCGAATC-1,-0.56279993,0.029910807,0.9095005
GTGGCTGTTTCTGTTC-1,-0.5402736,0.02871363,0.87309736
ACGACTCTAGGGCCGA-1,-0.13124439,-0.25292072,0.5419695
TCGTTTACGCGACCCT-1,-0.41124097,-0.06943339,0.78400356
AGGATATCCGACTGCA-1,0.33534497,-0.65848076,0.26409018
GACACTTCCAATTACC-1,-0.062447626,-0.41831613,0.62887484
ACGGTACAGTTCAATG-1,0.7878048,-0.976065,0.0014735605
CTTGATGACCATCCAG-1,0.2555661,-0.65979594,0.41018856
CTGGTAAAGACTTACA-1,0.946928,-0.9590016,-0.20777549
CTTGCCCACCCACGCA-1,0.11819669,-0.57469076,0.5294656
CATTACGCAGGAAGGG-1,1.1162492,-0.9707053,-0.4251678
GGACAACCATGAAGCC-1,0.34627086,-0.7275697,0.4146219
GTTATCAAGCTATCGA-1,0.71439004,-0.9756048,0.14417696
AGGTGCACGTCCACAT-1,0.043684054,-0.5611574,0.6360288
AAAGAATGTGGACTAA-1,-0.03295179,-0.5655878,0.7679915
ACCAAGTCATCGGCAG-1,-0.3875124,-0.18837397,0.93294
AGTAACTATAGCAGCC-1,-0.23995705,-0.32244262,0.8555825
GGGAAAGAATGCCAAC-1,-0.41921937,-0.153121,1.0086588
AATCGGTATAGCCCTC-1,-0.032872044,-0.5637751,0.68602127
GGCACTGCGGTGGTTT-1,-0.088739656,-0.5166967,0.83693224
CGTCCTCATCGCGTGC-1,0.43777314,-0.9037753,0.3505864
CTTAACTTACAGTATA-1,0.7957373,-0.94595563,-0.08283178
GTGAGTCGACTAATAG-1,0.7477947,-0.95572597,-0.0047010314
TGTACTTCCGGGCATG-1,0.8091773,-0.8958642,-0.12710494
CACAAACCGCAGAACT-1,0.7969658,-0.80324745,-0.19706307
GCTTTACACAACTGGG-1,0.7397704,-0.7824845,-0.14922674
CACCGATGATGGGTAC-1,0.686757,-0.68746006,-0.17148247
TCAATATACAGGAGGC-1,1.0652928,-0.73544234,-0.60429126
AACGACCTCCTAGCCG-1,0.6186151,-0.47827825,-0.3020355
GTTACCAAGGCGTACG-1,0.9898094,-0.5171421,-0.74791896
TAGCTCACTGTGTTTG-1,0.39641127,-0.16648418,-0.3599108
TCGGCAGGGTTAAGGG-1,0.7425758,-0.30676264,-0.6617335
TGTTAACAAAGTGACT-1,0.27550307,-0.10058284,-0.2997751
CAGAGCGATGGATGCT-1,0.44176927,-0.16996524,-0.4449035
CATAGTGGGCACGCCT-1,0.071453825,-0.014704822,-0.09660317
AAACGCTGGGCACGAC-1,0.0739399,0.0019470812,-0.08809067
TGTTCTCATACTATAG-1,0.062490623,0.001645584,-0.07445022
CGAAGCCACAGCATGG-1,-0.22441688,-0.4207181,0.809937
ACCCGTAGCAGAGAAT-1,0.11213358,-0.62492394,0.43340585
AGCTTGATCAGGGTAG-1,0.01867496,-0.53039634,0.47854227
CTATAAGTAGGGTTTG-1,0.3534293,-0.82672983,0.22812487
TATAGTTAGGTGTACT-1,0.16383769,-0.82631963,0.49737453
TACGCTGATAGTTGTA-1,0.5023752,-0.8801743,0.08583585
TTCTCAATTGCTACAA-1,-0.017149812,-0.45658,0.20436007
GTTGCCCTAACGGGTG-1,0.55560315,-0.60577667,-0.5909704
GACATTTCGCCCAGCC-1,-0.23613621,-0.055154793,-0.1378321
GTAACTACGTAGACCT-1,0.4140717,-0.20610334,-1.2477185
CCAGTGTACAGACCGA-1,-0.03614154,-0.012086735,-0.9929286
GCCCGATGCCCAGTTC-1,0.3721291,-0.10217498,-1.5561179
CGAACCTCTTTCCTAG-1,-0.009529551,-0.22014447,-0.9807007
CATGCACATGAGAGGC-1,0.22085573,-0.2098549,-1.1671475
CCAAATCAAAGGGCAA-1,0.04333378,-0.5832658,-0.0141016785
GTAGTTTAAGCACACG-1,0.39732325,-0.5666354,-0.7428762
TAAGTGAATAGTCTAC-1,0.3347376,-0.83071965,0.16066843
GGTCCACGTCTATTTG-1,0.6323777,-0.7184897,-0.39312834
CCCTCAGATCGAGAAC-1,0.34480947,-0.8675422,0.36049056
ACATTCGCGCGGAATA-1,0.29167598,-0.8108648,0.5251023
CTATGAACACCTTGCC-1,0.35909355,-0.8314011,0.25165117
CGAATGGTAGGTCGTC-1,0.13347656,-0.70300406,0.62541014
TCGACATAGCGTAGCG-1,0.33108854,-0.74198693,0.22112922
GACGTTGCTCGGCGGC-1,0.46433485,-0.8511097,0.23242751
CTCGAGGCAAGTTTCA-1,0.14669001,-0.6601139,0.37658
GCTGGGAGCGCGTCAA-1,0.7141354,-0.7593637,-0.205249
GACGATATCACTGGGT-1,0.60663015,-0.614947,-0.43756497
CAGCTCTGGGCTCACT-1,0.99468684,-0.64088964,-0.9787424
TAGTCTGCGGCACATT-1,0.9202301,-0.75398135,-0.85946524
TGGTCGATATACCTCT-1,0.8373988,-0.60784113,-1.0797547
TTCAGTTCAAGAGGAG-1,0.4650809,-0.61401594,-0.35527995
GTCTGTAGGTTGAACA-1,0.57075185,-0.544902,-0.7933543
GAGAGTCTCGGGAGAG-1,0.24420719,-0.52328926,0.18364374
TTGTTTGTATTACACG-1,0.7155046,-0.49616823,-0.9279365
GCACAGCACGGGCCGA-1,0.82881093,-0.5393948,-0.9596923
AAACAGTGTTCCTGGG-1,0.9687041,-0.5210233,-1.2400709
TGGAGAATAATCGTCC-1,0.59727377,-0.50588965,-0.8822574
CGCCGCGTTCTGAACG-1,0.67638206,-0.57592,-1.0103223
CATGCGTTGAGAGGAG-1,0.1160142,-0.5947787,-0.016136296
TACGCTCCTAGAACTG-1,0.45593145,-0.46160942,-1.0317453
CCTTGTGAACGTGGTT-1,0.26637855,-0.58184403,-0.43153882
TTAAAGGCGATGCTCG-1,0.62044585,-0.55761695,-0.955215
TAAAGTGCACGTCTCG-1,0.32476592,-0.70883006,0.03127911
TGTCCGCAAACAATTC-1,0.56223553,-0.6600143,-0.48739356
AGGCCTATCATACCAA-1,0.49223855,-0.81333435,0.05309674
ACTGGGATGCCAGTGC-1,0.30522627,-0.7471968,0.12725715
CGATCCACCATTGTTG-1,0.38419363,-0.70338464,-0.14683722
GGGCATGCATGTCGAG-1,0.405285,-0.740877,-0.09478278
TCCAGGCAGGACGATC-1,0.37591383,-0.47182494,-0.6571471
CAATGACCCTTAATTT-1,0.89660466,-0.49953917,-1.1472784
ATCAAGATCCCAGGAC-1,1.0226303,-0.61422145,-1.4479394
CTCAGAGCTAATGTCG-1,1.0960691,-0.5362353,-1.4392006
CTGCGATTTCGAGATT-1,0.8126485,-0.61384416,-1.0884651
ATGGTATTGGGAACCG-1,1.3055477,-0.8310104,-1.2022628
TAGGTTCTGCTGAGAA-1,0.7939034,-0.5982021,-0.96971226
GCCTGTCCCGGTGCAT-1,0.95658714,-0.7575481,-0.85766405
GGCCTGCTCTGATGTT-1,0.784889,-0.5503232,-1.0652406
TAGAGGGAGTTTATCT-1,0.84894675,-0.6647309,-0.9723485
CTCTACATCCTGCGTG-1,0.883174,-0.6121518,-1.1583858
ACACATTTCCGTAGAC-1,1.1342442,-0.67920697,-1.1927173
TGGGTGTTAAGTAGAA-1,1.1477907,-0.8323547,-1.0238762
GAGCTCAACATGAGCG-1,1.5633233,-0.8033927,-1.4726183
GCACACAGCTATTACC-1,1.2984663,-0.9027816,-0.88747245
GCGACGGTAGTCTCCT-1,1.4208691,-0.87807184,-1.0412123
GTATCAAGGTACTTCC-1,0.9059065,-0.9594779,-0.19456904
GGAAAGGGAATTGAGC-1,1.0493966,-1.0430237,-0.33560973
TACACAGCCGTGGTGC-1,0.76633483,-0.994321,0.03082865
CGGTTGGGCAGGGTCC-1,1.0688854,-0.911245,-0.47764334
GCACGCCGATTCCCGC-1,0.33153117,-0.7785147,0.45852897
CGCTTTCCGCCAAGGT-1,0.59527814,-0.7923081,0.043906283
TGCCCGATAGTTAGAA-1,0.30581078,-0.83362806,0.57052934
TCAGAACGGCGGTAAT-1,0.54372644,-0.79730636,0.1623716
CCACTCAGATCCGCAA-1,0.39251333,-0.8704485,0.43243632
GAAGGGTCATTAAGAC-1,0.77427524,-1.008509,0.048313014
GCGGTCTTGCTTTCAC-1,0.13673915,-0.78610027,0.7494547
GGAAGGACACCGTATA-1,0.36406085,-0.8640163,0.48247525
CGCGGGAATTCCTTTC-1,-0.0023475687,-0.6605764,0.82973677
TCTATCCGATTGCACA-1,0.27105924,-0.8023063,0.59311897
TACTCGTTTGAATCAA-1,-0.34545413,-0.28821403,0.94901067
GTCTGCCGACTCGACG-1,0.082594045,-0.5607525,0.5727608
TACGGGTAATAACATA-1,-0.35205886,-0.2734153,0.9511021
CCAGTTCGGTAACTCA-1,0.047925733,-0.44819406,0.50317854
CGTGCACACCACTGTA-1,-0.33132458,-0.19197159,0.7999261
CTTCAGTTGGACAACG-1,0.21100922,-0.47591332,0.30938166
TGATCTATCACACTCT-1,-0.114367135,-0.26959187,0.52024
TAGCAGATACTTAGGG-1,0.58818054,-0.74926275,0.027247224
CACCGGGCATCACAAG-1,0.29614496,-0.6260747,0.31748563
AGTGGCCCGCAAATGG-1,0.75967973,-0.8837412,-0.059070967
CTCGCTAGGTAAGCGA-1,0.9937593,-0.9893539,-0.26354778
GATAGATAGTACAGTC-1,1.4129965,-0.94288546,-0.8591036
CGAGACTACTGCTGCT-1,1.3571044,-1.032747,-0.6783479
ACATTTGAAACCTAAC-1,1.7160362,-0.87936765,-1.3696729
GACACAGCCGGGACTG-1,1.6429541,-0.89352477,-1.1885821
ACGGAACACGAGTGCC-1,1.305693,-0.8522008,-0.92139834
ACGCCAGTGCGTTTGC-1,1.1891228,-0.9837466,-0.5595376
GCACCTAGGCGAGTCC-1,0.5882051,-0.7675735,-0.03039154
TCACTATCCCTTCGGT-1,0.5082119,-0.87595403,0.24909545
TGAGTGTAACAACGGG-1,0.11941266,-0.6582122,0.53246224
ATTGGTTGTGCATTAC-1,0.19546369,-0.66495246,0.4951856
CTGGCGATTTACATGT-1,0.09398416,-0.5434098,0.43492946
TCCACCAAGACATAGG-1,0.010128634,-0.54721963,0.62229496
AACGTCGCTGCACTTC-1,0.09416161,-0.35978726,0.06465961
GTCTCCCGAGTCCCGT-1,0.20015702,-0.6083733,0.26378432
AGCCCGCACTACAATG-1,0.13519026,-0.42681333,0.07562678
ATAGCCATAACAGTCA-1,0.56238985,-0.75629264,0.03784349
TAGGAGGCTCGAGAAC-1,0.1275896,-0.25454098,0.064711854
GTCGGGTGAAGTACCG-1,0.34099302,-0.43094793,0.006695888
CACCCGCGTTTGACAC-1,0.0620247,-0.0957974,0.020525696
TCTCAGGCTACTCGCT-1,0.38409245,-0.3233593,-0.15718877
TAGATTCTCTAGCAAA-1,0.108208306,-0.07105312,-0.064865634
CCCATTATTGTATCCT-1,0.25977466,-0.17565419,-0.1508759
GTTAATAGCGTCATTA-1,0.06302735,-0.025950402,-0.05251462
TACTCATTGACGCATC-1,0.14265229,-0.058734562,-0.118858404
TAGTGACAAGCTCTAC-1,0.0,0.0,0.0
ATCGCCGTGGTTCATG-1,0.0,0.0,0.0
CTGCTCTCAACACACC-1,0.0,0.0,0.0
GCATGACACAAAGGAA-1,0.0,0.0,0.0
CAACGATCGATCCAAT-1,0.0,0.0,0.0
TCATCCATCTGATCAC-1,0.60538465,-0.9343718,-0.08590509
AGAACACGGCGATGGT-1,0.86912566,-0.8539116,-0.55161935
CCGCTCCGGATAAGCT-1,0.78843325,-0.81803954,-0.53956145
TGGTCGGGTACAGGGC-1,1.1384982,-0.7158161,-1.1887947
ACGGACGCAGCGACAA-1,1.095689,-0.65868497,-1.466015
ACATGCTTACGGCAGC-1,1.2071238,-0.5210204,-1.6688845
CAGGGAGATAGGCCAG-1,0.81876034,-0.24515593,-1.6147395
TCGCCACCCGGATTAC-1,0.8440263,-0.20060246,-1.7857839
TCTTGGTCAATGATAC-1,0.6688839,-0.16387062,-1.7242599
CATAGGGACACTTGTG-1,0.7786142,-0.23518586,-1.8740436
CACGAGCAAACCAGAC-1,0.32203707,-0.31314424,-1.0192947
GGGATATTGATCGCCA-1,0.7019421,-0.41559175,-1.2426275
TAATGTCGGTTCATGG-1,0.96256185,-0.77910334,-0.77401054
CGATTTGTCATTAATG-1,1.7381481,-0.88584626,-1.4662578
TTAAGATACCCAGAGA-1,0.89173394,-0.8336906,-0.36459392
CGACCGTTGGTATTCG-1,1.683058,-0.83892334,-1.5240046
ACTACCATCCGAGGGC-1,0.2405758,-0.711384,0.49155942
TCTACGCACGATCTCC-1,1.0758587,-0.63948315,-1.2259166
AAGCCACTTGCAGGTA-1,0.5693447,-0.7551008,-0.06423028
ACGTTGTCGTTGAAAG-1,1.0528114,-0.6939598,-1.1358463
ACCGCTAGTCATTGGT-1,0.83256155,-0.69709957,-0.42152426
CATGAGTCCATCACGG-1,0.90236884,-0.6089802,-1.167199
ATGTCTTGTTTGACTC-1,1.0077523,-0.652223,-0.6902619
TCCCAAACATCCTCTA-1,1.1385039,-0.64145684,-1.3467435
CAACGCGATGAGCCAA-1,1.0307031,-0.6915478,-1.0288627
GACACCCAAAGACGCG-1,0.87269956,-0.5739631,-0.9843264
ACGTTCACTATGCCGC-1,0.8389976,-0.5526678,-1.197131
ATGGACTGCTTAGTTG-1,0.67843634,-0.388767,-1.2367337
CCATGGCAAACGCTCA-1,0.8998955,-0.4997253,-1.2265307
TTGTCTCGGCAAGATG-1,0.75724566,-0.28754526,-1.1944331
TTCGAACGAAACATGC-1,0.8416703,-0.40500268,-1.0836132
GGAAAGTCTTGATTGT-1,0.83151084,-0.37055767,-1.2072344
ATCATAGATCGACGAG-1,0.7036607,-0.46020892,-1.1206646
GATTAGAAACAAGCGT-1,0.6132916,-0.35523364,-1.2126864
GCTGCGAAGAATTATT-1,0.5826155,-0.49915886,-1.0859733
TTCCAGTGGGTTTCGT-1,0.471041,-0.2847851,-1.1731393
GCTCATTGATCATATC-1,0.62420005,-0.44861102,-1.2399775
ATACGAGGTTTGTAAG-1,0.5259242,-0.37596747,-1.2342645
GTCTATACACGCATGG-1,0.69936466,-0.5640403,-1.128277
GATTTGCGCTAACACC-1,0.92993927,-0.52401435,-1.4658988
TGGTGCCCTGCCTTAC-1,0.69259596,-0.77508414,-0.5126032
TCGAATCGCAGGGTAG-1,0.6263122,-0.60850215,-0.85953337
GGTAGGCCAATATCAC-1,0.56712025,-0.835151,-0.17937984
CGTAAATAACAAAGGG-1,0.69178295,-0.64478314,-0.8369296
GACTCTAGAGTTCCAA-1,0.9860069,-0.733384,-0.9323459
ACTTGTTACCGGATCA-1,1.1650717,-0.44880965,-1.7584134
GGCATTGAACATCTCA-1,1.4569153,-0.6661,-1.530055
AACCCGCTGTATTCCA-1,1.4136789,-0.5348843,-1.7282354
TAACAGGTTCCCTTAG-1,1.425577,-0.74376786,-1.2899604
GTTCTTGTAACTCAAT-1,1.4191105,-0.71601385,-1.371734
GATTCTGTTAATGAGT-1,1.1278441,-0.8570315,-0.7197461
GGACACCTCGGTGTTG-1,1.1263374,-0.7181424,-1.0559944
CGATCGAGAAGCACCA-1,0.8436357,-0.8302547,-0.4623505
CTGCTCTGACGGCAAA-1,0.78906626,-0.72619146,-0.6208133
CCCAGGAAGAATTCGA-1,0.44951668,-0.63297,-0.18191767
TGTCGTGGGTATAGGC-1,0.85969615,-0.51054716,-1.1322755
ATATGTCTAGAGCGTG-1,1.2472591,-0.60953933,-1.3591636
GCGGGCAGACGGGTGA-1,1.2779708,-0.52910906,-1.7268348
CGAAGATCAGTTTCAT-1,1.4416214,-0.62559885,-1.5634425
ACGCCACTCGAAACAG-1,1.159471,-0.5386453,-1.4844704
CTTAGATGTTTCATCC-1,1.0312345,-0.8330342,-0.5718096
GCGAATGGACTAGCGA-1,0.7362685,-0.6965374,-0.5644374
TAAATTGTGGGTAAAG-1,0.8368373,-0.8554975,-0.27873
ATTTATACTGGTAAAG-1,0.9759954,-0.56699103,-1.1123893
GCGTCGTAACATGGTC-1,0.8310141,-0.56288606,-0.66676253
CGGTATGGGCACTCTG-1,1.1651311,-0.49510303,-1.6202207
CTATCACAACGCTGGA-1,1.2676729,-0.7510748,-1.0384445
ACCACACGGTTGATGG-1,1.163039,-0.58312804,-1.4746735
TCAGCGCACGCCGTTT-1,1.0539272,-0.92173195,-0.48778498
AATGTTAAGACCCTGA-1,0.8215604,-0.53605336,-1.0254619
CTTACATAGATTTCTT-1,0.8703218,-0.8312541,-0.3660412
AACATAGCGTGTATCG-1,0.531874,-0.4664352,-0.64186996
AGCAGTCGAAGCATGC-1,0.6743452,-0.863244,-0.016513025
GTACTACGGCCTCGTT-1,0.61194855,-0.50747365,-0.56497484
TTGGCCAAATTGTATC-1,0.47382572,-0.7755526,0.1491915
TCAGAGGACGCGTTAG-1,0.50585085,-0.43609163,-0.6309276
AGTAATCTAAGGGTGG-1,0.44672793,-0.67228436,0.013597352
AATTATACCCAGCAAG-1,0.63882,-0.4019186,-0.9404785
CCCTACCCACACCCAG-1,0.59165573,-0.63678837,-0.26822367
CTCTGTCCATGCACCA-1,0.6766766,-0.38961414,-0.7820203
TCGCCTCCTTCGGCTC-1,0.5447488,-0.5570394,-0.18692468
CCTGATTCGCGAAGAA-1,0.41067684,-0.35636643,-0.22658315
GACTTCAACGCATCAA-1,0.54543144,-0.64214355,-0.03430445
GCTTCCCGTAAGCTCC-1,0.5317129,-0.45537126,-0.24552663
AGAACTGTACTTTGTA-1,1.0459605,-0.7643858,-0.6095523
CCTTAAGTACGCAATT-1,0.50746316,-0.33376393,-0.360556
GGCCAATTGTATAGAC-1,1.2521217,-0.6742726,-1.0024612
AGAATACAGGCTATCC-1,0.73356116,-0.3306598,-0.8737989
AATACCTGATGTGAAC-1,1.184965,-0.61527026,-1.0863477
TAGAGTGTTCCGGGTA-1,0.43874002,-0.28379306,-0.47667834
GCTTCCATGTAACCGC-1,0.5590071,-0.5259054,-0.40898138
GGTTCGCATTTGCCGT-1,0.06309542,-0.20189749,-0.010590732
TCAATCCGGGAAGTTT-1,0.04797558,-0.45763686,0.29056945
CCGGAAGTGCAATATG-1,-0.0859679,-0.15760593,0.1493408
CTCATAAATGTGTATA-1,-0.098162256,-0.2885811,0.3329208
GACGGGCATCGAATTT-1,-0.04803364,-0.14136387,0.021353943
GCTAAGCCCAGTATGC-1,0.052385688,-0.2933439,0.08913349
GCTATAAGGGCCAGGA-1,0.015877672,-0.1130766,-0.04856724
GCGGATTACTTGTTCT-1,0.086392924,-0.31785765,0.011993115
TACAACAGCGCATACA-1,0.0543089,-0.13083494,-0.05973524
TCTAACCTAGCCTGCG-1,0.17648691,-0.24282679,-0.13801545
CGTTTCGGTTATATGC-1,0.08277713,-0.081347756,-0.018300561
TACGCTGCACGGTCGT-1,0.0,0.0,0.0
CGTTAAATACGACCAG-1,0.0,0.0,0.0
TCGACTGACGATGGCT-1,0.0,0.0,0.0
ACGCTACTGAATGGGC-1,0.0,0.0,0.0
AAGGGTTAGCCATGCG-1,0.0,0.0,0.0
ACGTTTCGGTGCACTT-1,0.0,0.0,0.0
TTAACCCGAGGCGTGT-1,0.0,0.0,0.0
GCCCGTCAAGCCCAAT-1,0.0,0.0,0.0
ATTCGTCCCGAGGTTA-1,0.0,0.0,0.0
GGTTAGGGATGCTAAT-1,0.91241515,-0.5843832,-0.8633081
CCAGGCGAGATGGTCT-1,1.2042849,-0.428296,-1.8347466
CGACTTGCCGGGAAAT-1,1.0935119,-0.25586212,-1.9240913
GTGCCAAACGTTTCGA-1,1.20658,-0.28204602,-2.083887
TGCTCAAAGGATGCAC-1,1.0031986,-0.23977098,-1.9062512
GCCTCAGGTACCGGTC-1,0.9717577,-0.2339603,-1.9198766
ACAAGTAATTGTAAGG-1,1.0716234,-0.38475448,-1.777101
TTAGAGTATTGTCGAG-1,1.070859,-0.45976248,-1.7309471
GTCATCCCAAACTCAC-1,1.3260654,-0.5954664,-1.6450326
CTCCTAGTAATCGTGA-1,1.5961254,-0.6727797,-1.602487
CCCTCATCACAGAGTA-1,1.77275,-0.74850696,-1.8428626
GGAAACAGAGCTTGGG-1,1.7890186,-0.78897136,-1.7835267
ACATCGCAATATTCGG-1,1.3824136,-0.61553884,-1.4901959
TTAGCCATAGGGCTCG-1,1.5659261,-0.68851036,-1.9138124
CGGATTCTGCCTTATG-1,1.0853084,-0.5076301,-1.611822
TTGTTGGCAATGACTG-1,1.0939655,-0.5351162,-1.6984838
GGATCTACCGTTCGTC-1,0.9711424,-0.4971913,-1.5023752
GGTGGGATTAGGTCCC-1,0.9544016,-0.55038524,-1.3645759
AATAGGCACGACCCTT-1,0.8751607,-0.4697634,-1.4772705
GAGGTCCGTTCGCTGT-1,0.7815038,-0.340894,-1.5716257
TGACAACTTAAAGGTG-1,0.8988731,-0.4671034,-1.5072081
AGCTAAGCTCCGTCCG-1,0.76189303,-0.362835,-1.4555371
CTAGCCCGGGAGACGA-1,0.62332064,-0.24547002,-1.5545793
CCCAGATTCCCGTGAC-1,0.50923216,-0.16251452,-1.4689662
GCCCGTTCACACAATT-1,0.5410701,-0.19952622,-1.4309708
ACAAACTCCATCAGAG-1,0.61519337,-0.21158808,-1.5143089
GGTTCCGTACGACTAA-1,0.61291194,-0.18833883,-1.4950538
TTGCGGAAAGCTGCCC-1,0.6183356,-0.20705731,-1.281792
GGAACTCGTGAATACG-1,0.31138468,-0.083096564,-1.078699
GGTTACCGCTCCCTAC-1,0.5558519,-0.20087315,-1.1960818
AGCGACTTTGAAGACA-1,0.48690382,-0.15964252,-1.2498428
CCGTTTCCTTTCCGTG-1,0.32168263,-0.18509594,-0.94613105
TGGATGGCATCTTGGA-1,0.292388,-0.11158705,-1.1722693
CAAGTCGTTGAAATCT-1,0.38935006,-0.18493953,-1.2949394
TGCAAACGTACTAGTT-1,0.7426459,-0.24754049,-1.62264
GGCTGTCCTACTGCGG-1,0.7397979,-0.23703954,-1.6216918
TACTGCATGATTAAAT-1,0.62629205,-0.22076195,-1.4941069
CGGACCTCTGTAGTTA-1,0.59311485,-0.24398033,-1.5186821
CCCTAGCTCTAAGGTC-1,0.66889334,-0.40819594,-1.2336226
GTAACAGGTTAACGGC-1,0.9300384,-0.4910578,-1.6244103
CCCGCAAATAATCATC-1,0.6833852,-0.3543029,-1.496227
AATCCCGCTCAGAGCC-1,0.900839,-0.44196925,-1.6348139
AACGTCATCCGGCTTG-1,0.82486385,-0.29952273,-1.6623929
CTCGTGGCACTGAAAG-1,0.95326346,-0.33156934,-1.7928602
CTTTATCCGACGCATG-1,1.0528588,-0.31424326,-1.9113017
AAATGACTGATCAAAC-1,1.4049382,-0.49521217,-1.9424956
TTCGTGCATGTTATAG-1,1.2247854,-0.46248648,-1.578576
ATCAAAGAGCCGTGGT-1,1.4180992,-0.62822664,-1.6942546
ATGTCATAATAAACGA-1,1.2995116,-0.5538388,-1.6581662
CTTAATCGACTTAGTA-1,1.1602423,-0.5819894,-1.5068775
CTAAAGGATGAGATAC-1,1.0584432,-0.510094,-1.3760844
GTGCTATCCAGCTGGA-1,0.878829,-0.40848863,-1.3777968
GACAGAGGTCTTCAGT-1,0.84028935,-0.35871127,-1.4230826
TCGATTTACGAAACGA-1,0.8818353,-0.35242823,-1.5372415
AGGCTTAAGTTGCACA-1,0.7851246,-0.2986892,-1.4423826
TAGGATCTTAACCGCA-1,0.991655,-0.394271,-1.5817317
GACTTTCGAGCGGTTC-1,0.7797431,-0.35133797,-1.1741375
CCCTGGGAGGGATCCT-1,0.91407704,-0.47883722,-1.320367
TAGTAGTTGCCGGACA-1,0.503686,-0.34263134,-0.76956415
GCCCTAAGTGCAGGAT-1,0.6305356,-0.3406349,-1.032446
ACTTGGGCTTTCGCCA-1,0.54768693,-0.26398048,-1.0362779
CATGATACGGTGAAAC-1,0.9431743,-0.2969863,-1.7979101
TCCTGCAGCCGCCAAT-1,0.9535563,-0.22510815,-2.003661
GTCCGTTAGAGGGCCT-1,1.1070317,-0.3287537,-2.065665
GCTTTATTAAGTTACC-1,0.7980857,-0.14914228,-1.8624054
AATCGAGGTCTCAAGG-1,0.92731386,-0.32082185,-1.9314524
GTGCTGTTAGAACATA-1,0.57214564,-0.22768675,-1.371009
GGCTTCTCGTGGGTGG-1,0.5094453,-0.27915746,-1.0411481
CCTACAGTTGAGGGAG-1,0.42157087,-0.21446356,-0.9526363
TATCCCTCGATCTGCA-1,0.31980157,-0.1039865,-0.954922
CCGGTATCTGGCGACT-1,0.31980157,-0.1039865,-0.954922
CTCTAACACCGGCAGC-1,0.40944067,-0.08190578,-1.0770386
CTTCATCACCAGGGCT-1,0.42878285,-0.098808095,-1.0715809
GGCTGGCAATCCCACG-1,0.6092486,-0.16314268,-1.4262468
CAAACCATAAGCGTAT-1,0.53366196,-0.08775936,-1.3853439
CATGTGGGCTCATCAC-1,0.5704827,-0.15605167,-1.2914238
CCCGTGACAGTGCCTT-1,0.37951767,-0.10499986,-0.85797447
GATTATCTTGCATTAT-1,0.16233389,-0.10501081,-0.27546662
GAGTCCACCAGGTTTA-1,0.28151217,-0.09100392,-0.56052786
TGTACTATCGCTCGTT-1,0.24523102,-0.19830671,-0.15511261
TTAGCGAATAGATAGG-1,0.2911258,-0.18686548,-0.26521698
ACATACAATCAAGCGG-1,0.39633444,-0.24701825,-0.31166506
ATTCGTGTACCCATTC-1,0.33790505,-0.1739747,-0.34573352
GCTAGCAACGCACCTA-1,0.30477083,-0.1352423,-0.34166804
ACCTCAGCGAGGCGCA-1,0.22581284,-0.10366411,-0.28425348
TCCGGGCCACTAACGG-1,0.119415134,-0.05789682,-0.18048784
TCCCAATATCGACGAC-1,0.067608625,-0.042532958,-0.18829973
GGATTGAAGTAGCCTC-1,-0.005892695,-0.024777772,0.0041598724
GGCGCACAGTTTACCT-1,-0.0005973743,-0.03472423,-0.04862767
CCCGGCACGTGTCAGG-1,-0.018371629,-0.059001453,0.0094732605
AGTAAGGGACAGAATC-1,-0.010386022,-0.04356506,-0.026294684
TTGCGCACAACCACGT-1,-0.01400305,-0.07373054,-0.04566502
CCTGCTACAACCATAC-1,0.00045714818,-0.0354386,-0.056361314
CTGGGCTACTGGAGAG-1,0.0027807208,-0.035860997,-0.073584795
AGCTACGAATGGTGGT-1,0.008379828,-0.010845806,-0.076083414
ATTCGTTTATCGTATT-1,0.005596342,-0.0072432077,-0.050811157
GGCATTCCCTCCCTCG-1,0.0048465743,-0.006272801,-0.044003747
AGTTATTCAGACTGTG-1,0.0025407006,-0.0032883675,-0.023067927
CCACTTTCCTTCTAGG-1,0.0023522314,-0.0030444365,-0.021356748
AGGAGCGTTTATTATC-1,0.0,0.0,0.0
TTCCCAAAGTACTGAT-1,0.0,0.0,0.0
CTGCAGGGTGACGCTC-1,0.0,0.0,0.0
TCATGGAGGCCTTTGT-1,0.0,0.0,0.0
ATGGCCCGAAAGGTTA-1,0.0,0.0,0.0
CGTAATATGGCCCTTG-1,0.0,0.0,0.0
AGAGTCTTAATGAAAG-1,0.0,0.0,0.0
GAACGTTTGTATCCAC-1,0.0,0.0,0.0
ATTGAATTCCCTGTAG-1,0.0,0.0,0.0
TACCTCACCAATTGTA-1,0.0,0.0,0.0
