,embedding0,embedding1,embedding2
AAACAAGTATCTCCCA-1,0.3419095,0.89314765,-1.0510156
AAACACCAATAACTGC-1,0.13024183,0.058862016,-0.90054667
AAACAGAGCGACTCCT-1,-0.2340498,-0.67511237,0.9136854
AAACAGCTTTCAGAAG-1,0.1645845,-0.31152442,-0.53418714
AAACAGGGTCTATATT-1,0.3826142,0.86030936,-1.3923398
AAACAGTGTTCCTGGG-1,0.0,0.0,0.0
AAACATTTCCCGGATT-1,0.22690791,0.4643,-0.9230589
AAACCCGAACGAAATC-1,0.25965214,0.69310766,0.021554023
AAACCGGAAATGTTAA-1,0.15379232,-0.46467838,-1.477403
AAACCGGGTAGGTACC-1,0.1892694,0.7526563,-0.3762008
AAACCGTTCGTCCAGG-1,0.32576293,0.7381607,-1.093332
AAACCTAAGCAGCCGG-1,-0.038875483,-0.14430863,0.08348918
AAACCTCATGAAGTTG-1,0.008320554,0.13887484,0.13684297
AAACGAGACGGTTGAT-1,0.09419268,0.6414762,1.2401412
AAACGCCCGAGATCGG-1,-0.15898515,-2.000688,-0.86590385
AAACGGGCGTACGGGT-1,-0.29969934,-0.8834568,0.004891105
AAACGGTTGCGAACTG-1,0.0,0.0,0.0
AAACGTGTTCGCCCTA-1,-0.05709861,-0.53866583,0.49922237
AAACTAACGTGGCGAC-1,-0.35070544,-1.8010386,0.1383071
AAACTCGGTTCGCAAT-1,0.0,0.0,0.0
AAACTCGTGATATAAG-1,-0.05954354,-1.1095626,0.6609353
AAACTGCTGGCTCCAA-1,0.21303844,0.54129314,-0.6360502
AAACTTAATTGCACGC-1,0.1987042,-0.20365378,-0.65129375
AAACTTGCAAACGTAT-1,0.36956254,1.053211,-0.5187478
AAAGAATGTGGACTAA-1,-0.36895466,-1.443108,-0.7606603
AAAGACCCAAGTCGCG-1,-0.24796213,-0.81990856,0.8224343
AAAGACTGGGCGCTTT-1,0.12570107,0.2073097,1.3622345
AAAGCTTGCCTACATA-1,-0.05166876,-0.1835282,0.058110725
AAAGGCCCTATAATAC-1,-0.06868031,-0.28832927,-0.8736675
AAAGGCTACGGACCAT-1,0.0,0.0,0.0
AAAGGCTCTCGCGCCG-1,-0.19523212,-0.80418795,-0.60091233
AAAGGGATGTAGCAAG-1,0.07185248,0.61444074,1.6454544
AAAGGGCAGCTTGAAT-1,0.1016769,0.5657089,1.2235212
AAAGGTAAGCTGTACC-1,-0.37650192,-2.1899786,0.57940996
AAAGTAGCATTGCTCA-1,0.20607598,0.4680954,-1.5166159
AAAGTCACTGATGTAA-1,-0.09839925,-0.664063,0.083141476
AAAGTCGACCCTCAGT-1,0.3116072,1.0384593,0.56235516
AAAGTGCCATCAATTA-1,-0.45076275,-2.3082364,-1.0813268
AAAGTGTGATTTATCT-1,0.30244434,0.9934613,-0.15924592
AAAGTTGACTCCCGTA-1,0.27080333,1.1475562,0.6098451
AAATAACCATACGGGA-1,-0.0367365,0.01188268,1.1672297
AAATAAGGTAGTGCCC-1,0.006579315,-1.1203878,-0.013852494
AAATACCTATAAGCAT-1,0.15960369,0.38915935,-0.62131625
AAATAGCTTAGACTTT-1,0.3237014,0.8478711,0.22211683
AAATAGGGTGCTATTG-1,0.26791036,0.75187176,-0.9031393
AAATCCGATACACGCC-1,-0.28873354,-0.83447814,0.10035993
AAATCGTGTACCACAA-1,0.33255747,0.8616984,-0.6692614
AAATCTAGCCCTGCTA-1,0.25377065,0.72721016,-0.5783941
AAATGATTCGATCAGC-1,0.114860535,-0.5572592,1.0203046
AAATGCTCGTTACGTT-1,-0.088477954,-0.04644656,0.9836694
AAATGGCATGTCTTGT-1,-0.14570715,-0.17221692,1.4528967
AAATGGCCCGTGCCCT-1,0.23814335,0.7211827,-0.9680312
AAATGGTCAATGTGCC-1,0.28940773,1.0157491,0.075808674
AAATGTATCTTATCCC-1,-0.3009956,-0.8326962,-0.37245208
AAATTAACGGGTAGCT-1,0.3006986,0.9905603,-0.05195243
AAATTAATAAGCGCGA-1,-0.123469904,-0.3387308,0.07731667
AAATTACACGACTCTG-1,-0.25483313,-0.558996,1.3990593
AAATTACCTATCGATG-1,0.06308537,0.1529854,1.2964269
AAATTCCAGGTCCAAA-1,0.17493074,-0.63019717,-0.36299226
AAATTGATAGTCCTTT-1,0.27191362,0.17978148,-1.1192708
AAATTGGTGAGAAGCA-1,-0.07661859,-0.70770663,0.25238234
AAATTTACCGAAATCC-1,-0.11825568,-0.75994176,0.14689901
AAATTTGCGGGTGTGG-1,0.109189734,-0.06768684,-1.0580262
AACAACTGGTAGTTGC-1,0.20561881,0.78934556,0.27118325
AACAATACATTGTCGA-1,-0.11668105,-0.32408735,-0.17433164
AACAATTACTCTACGC-1,0.16734622,1.0033337,0.540504
AACACACGCTCGCCGC-1,0.29356182,0.817974,-0.60079706
AACACGACTGTACTGA-1,-0.14398177,-0.50165147,0.8939168
AACACGAGACGCGGCC-1,0.29490572,0.7774174,-0.08678327
AACAGCTGTGTGGCAA-1,-0.10151612,-1.0925814,-1.1960459
AACAGGAAATCGAATA-1,0.065846585,0.4349622,1.0350617
AACAGGATGGGCCGCG-1,-0.0023701354,0.3387924,0.18285255
AACAGGTAGTATGGAT-1,0.3265806,0.95436656,0.01752274
AACATATCAACTGGTG-1,-0.2094783,-0.7820715,0.8840328
AACATCGATACGTCTA-1,-0.033295017,-0.8644437,0.7683696
AACATTGAAGTTGATC-1,-0.25344825,-0.81286156,-1.0479237
AACATTGTGACTCGAG-1,0.0,0.0,0.0
AACCAAGACTTCTCTG-1,0.19913386,0.58583575,-1.5888165
AACCAGTATCACTCTT-1,-0.17574726,-0.8901024,0.23730323
AACCATAGGGTTGAAC-1,0.18217352,-0.10346355,-0.5859491
AACCATGGGATCGCTA-1,-0.056612417,-0.3551655,0.5160754
AACCCAGAGACGGAGA-1,-0.2547209,-0.46290234,1.2861807
AACCCATCCCATGATC-1,0.29228792,0.7604985,-1.0842785
AACCCGACAACCCGTG-1,0.0,0.0,0.0
AACCCGAGCAGAATCG-1,0.39566824,0.8437421,-1.5872376
AACCCGCTGTATTCCA-1,0.0,0.0,0.0
AACCCTACTGTCAATA-1,0.2852682,1.1181301,0.9238858
AACCCTGGTGGAACCA-1,-0.13777018,-0.24175358,1.1195632
AACCGAGCTTGGTCAT-1,0.20974307,0.79426366,0.9050974
AACCGCTAAGGGATGC-1,0.25537962,0.7666287,-0.2799546
AACCGTTGTGTTTGCT-1,-0.10529168,-0.08814242,1.0752217
AACCTCGCTTTAGCCC-1,0.010239057,-0.8767372,-1.0181066
AACCTGTCACGGAATT-1,0.10213845,-0.42319274,0.22912258
AACCTTTAAATACGGT-1,0.21641353,0.51228464,-1.0254875
AACCTTTACGACGTCT-1,-0.2516771,-0.75659955,0.8164614
AACGAAAGTCGTCCCA-1,-0.12539844,-0.9976757,-0.7234502
AACGACCTCCTAGCCG-1,-0.11794419,-1.0391471,-0.81436867
AACGATAATGCCGTAG-1,0.28585958,0.8154215,-0.6456399
AACGATAGAAGGGCCG-1,0.14061983,0.5969477,1.1466076
AACGATATGTCAACTG-1,0.12007162,0.88877267,1.124081
AACGCATGATCTGGGT-1,0.015379815,-0.29179475,0.15243426
AACGCGACCTTGGGCG-1,0.0,0.0,0.0
AACGCGGTCTCCAGCC-1,0.07872081,0.6720345,1.8219306
AACGCTGTTGCTGAAA-1,0.32461673,0.9154785,-0.6034028
AACGGACGTACGTATA-1,0.31291646,0.84748995,-0.6039872
AACGGCCATCTCCGGT-1,0.29100138,0.59825176,-0.9068596
AACGTACTGTGGGTAC-1,0.3046965,0.7362174,-1.2020385
AACGTCAGACTAGTGG-1,-0.017833773,0.38728896,0.7756406
AACGTGATGAAGGACA-1,-0.31532475,-1.1436745,0.2450213
AACGTGCGAAAGTCTC-1,0.22818969,0.7896821,0.8661891
AACGTTATCAGCACCT-1,0.06828594,0.44338614,1.0828162
AACTACCCGTTTGTCA-1,0.28303114,0.9224981,0.18785161
AACTAGGCTTGGGTGT-1,-0.5071233,-1.7245029,-0.6195031
AACTCAAGTTAATTGC-1,0.27851617,0.9431094,-0.28072438
AACTCCAGAGCGTGTT-1,0.22249565,0.65275085,-1.1668602
AACTCCTAATCCCATG-1,-0.26004848,-0.7230869,0.9155636
AACTCGATGGCGCAGT-1,-0.19424641,-0.5574153,0.099783756
AACTCTCAATAGAGCG-1,0.2980998,0.8736358,0.85259134
AACTCTCAGTGTGCTC-1,0.317086,0.7996131,-1.2257082
AACTGAGGTCAGCGTC-1,-0.46368495,-2.063853,0.24484411
AACTGATATTAGGCCT-1,0.14031671,0.68856907,1.0621139
AACTGGGTCCCGACGT-1,0.1824992,0.91525716,0.9891031
AACTGGTGTGGGCCTT-1,-0.05967638,-0.2044147,0.14507025
AACTTCTGCGTCTATC-1,-0.12842216,-0.20840405,0.5764715
AACTTGCCCGTATGCA-1,0.15920599,1.1092505,0.8239049
AACTTGCGTTCTCGCG-1,-0.019636488,-0.0018554656,0.05254413
AACTTTACGGGAGCTT-1,-0.06560244,-0.28469083,0.13369924
AACTTTCTCGATCATG-1,-0.20168431,-0.7315582,0.05873553
AAGAAATCACCAGATT-1,-0.08726287,-0.4406005,0.16236757
AAGAAGGATCAGTTAG-1,-0.30927345,-1.0018657,0.74102247
AAGACATACGTGGTTT-1,-0.23831622,-1.0603782,-1.2266309
AAGACCAAATAACTCA-1,-0.17609748,-1.1230524,-1.0111338
AAGACCCAACTGAACA-1,-0.044627,-0.091689356,-0.048055153
AAGACTGCAAGCTACT-1,0.2201441,1.2007152,0.3423851
AAGAGATGAATCGGTA-1,0.19424888,0.8054217,1.1474718
AAGAGCTCTTTATCGG-1,0.15494378,0.68653005,1.3239416
AAGAGGATGTACGCGA-1,0.2404545,0.87350273,-0.9493326
AAGAGGCATGGATCGC-1,0.13081251,0.76770157,1.3833628
AAGAGGCCCTTTGGAA-1,0.2593053,0.5740292,-0.7758683
AAGATGGCACCGGACC-1,-0.059088524,-0.17690632,-0.0005458038
AAGATTGGCGGAACGT-1,0.02127419,0.382478,1.8621771
AAGCACCCTGCGTATC-1,-0.4034355,-1.2907039,-0.6273412
AAGCATACTCTCCTGA-1,0.2920682,0.92186487,-0.70809203
AAGCCACTTGCAGGTA-1,0.0,0.0,0.0
AAGCCGAAGCGGTTTA-1,0.295834,0.8995587,-0.23600715
AAGCCGCCGTGAAATC-1,0.01144444,0.046646796,-1.3995578
AAGCCGCTTTACCTTG-1,-0.21979406,-1.0555507,0.29211456
AAGCCGGAGAGCAGGA-1,-0.13206996,-1.2722989,-1.6880836
AAGCGCAGGGCTTTGA-1,0.0,0.0,0.0
AAGCGGAGTGCGCGCA-1,-0.07015784,-0.17026089,-0.054710865
AAGCGGCGTCATGGGT-1,-0.46523646,-1.746019,1.3020098
AAGCGTCCCTCATCGA-1,0.09351024,0.21198754,-0.7304154
AAGCTAGATCGAGTAA-1,0.25079498,0.36493206,-0.668879
AAGCTCGTGCCAAGTC-1,0.17046744,0.83557844,0.82932216
AAGCTCTTTCATGGTG-1,0.3385372,0.6512288,-1.367902
AAGGAGCGGTTGGTGC-1,-0.1465301,-0.6038761,0.48573798
AAGGATCGATCGCTTG-1,0.29315692,0.88607097,0.51473683
AAGGATGAGGGACCTC-1,0.024116812,0.1790494,1.3396423
AAGGCAGGCTGTCTCC-1,0.26194462,0.39835224,-0.40061158
AAGGCGCGTAAAGCTT-1,0.07311889,0.74278533,0.96825826
AAGGCTGTGCTCATCG-1,0.117293954,0.7333294,1.1859391
AAGGGAACGACTGGCT-1,0.013493475,-0.22592033,-1.2090441
AAGGGACAGATTCTGT-1,-0.022723068,0.2443661,1.5260396
AAGGGACTATGCATTC-1,0.35854217,0.919922,-0.8903846
AAGGTATCCTAATATA-1,-0.031330418,0.12074661,1.2279507
AAGGTGATAAACCAGC-1,0.2924736,1.065973,0.03890932
AAGTAGAAGACCGGGT-1,0.20499392,0.7225203,0.90443045
AAGTAGTGACGCGAGG-1,0.3405194,1.4640462,-0.54171866
AAGTCAATTGTCGTCA-1,0.26951325,0.87694013,0.17931785
AAGTCTAGTAGCTGCC-1,-0.13767722,-0.5791416,0.20556277
AAGTCTTCTGTGGCCT-1,-0.18716215,-0.9788735,-0.35827354
AAGTGACGACCGAATT-1,0.28708914,1.483755,-0.7964798
AAGTGAGTCGGGTTTA-1,0.0,0.0,0.0
AAGTGCAAAGGTAGAC-1,0.10807622,0.33634776,0.842077
AAGTGCCTTGACTGTA-1,0.29714867,0.86043596,-0.014431942
AAGTGCGTTAGAATCT-1,0.3827697,0.9701255,-1.7393639
AAGTGCTTCTCTATTG-1,0.0,0.0,0.0
AAGTGTTTGGAGACGG-1,0.21804075,0.5819456,-0.62816423
AAGTTCACTCCAAGCT-1,0.26157495,0.14442198,-1.5218327
AAGTTCAGTCTGCGTA-1,-0.021620722,-0.4696651,0.24637355
AAGTTCGGCCAACAGG-1,0.20316982,0.322984,-0.7053713
AAGTTGTGATGTTATA-1,-0.19720618,-0.8779329,-1.3294153
AAGTTTATGGGCCCAA-1,0.0,0.0,0.0
AATAACAACGCTCGGC-1,0.329908,1.0066853,-1.0458053
AATAACACTAGAACAA-1,0.38438636,1.0243161,-1.4527671
AATAATCTTCGTATCG-1,0.08144029,-0.5823362,-0.8488005
AATACAATGTTTCAGG-1,0.09310343,0.4108629,1.3217192
AATACCGGAGGGCTGT-1,0.0,0.0,0.0
AATAGAACAGAGTGGC-1,0.32966134,0.84536517,-0.896402
AATAGAATCTGTTTCA-1,0.26342544,0.7485197,-0.569467
AATAGCAAGCCTCCTG-1,-0.37752503,-1.7668273,0.16831
AATAGCTACCGCGTGC-1,0.11536767,-0.4603054,0.8982519
AATAGTCCGTCCCGAC-1,-0.34390864,-0.90403265,-0.4506011
AATAGTCGCGAGTCGG-1,0.12656485,0.38376492,0.91818166
AATATCAAGGTCGGAT-1,-0.010873818,-0.045308586,0.028542655
AATATCGAATCAATGC-1,0.33201537,1.0357848,-0.07729043
AATATCGAGGGTTCTC-1,-0.2225892,-1.0014192,0.6772147
AATATTGGAGTATTGA-1,-0.24256575,-0.78934455,-0.813213
AATCAGGTTTCATTTA-1,0.0,0.0,0.0
AATCATGTAAAGACTC-1,0.31652647,0.9027831,-0.5779884
AATCCAAGGGCCTGAG-1,0.014884658,0.17561837,0.5806029
AATCGCCTCAGCGCCA-1,0.16913192,1.0370781,1.3351613
AATCGCGCAGAGGACT-1,0.31929213,0.70731634,-0.32502916
AATCGGGACACTACGA-1,-0.18948437,-0.59061813,0.37088466
AATCGGTATAGCCCTC-1,-0.29316685,-1.2953737,-0.7714452
AATCGTGAGCCGAGCA-1,-0.010187296,-0.038443137,0.020024376
AATCTAGGTTTACTTG-1,-0.06563625,-0.19065303,0.17460236
AATCTATGCCGGAGCC-1,-0.022174243,-1.1705976,0.43824732
AATCTCTACTGTGGTT-1,0.18023694,0.42335907,0.88007444
AATCTGCGTTGGGACG-1,0.05586582,0.2674868,0.9941724
AATCTGGCTTTCTAGT-1,-0.15095854,-0.6008476,0.2513006
AATGACAGCAATGTCT-1,0.4262468,0.88067037,-1.7896087
AATGACGTAGGATGTC-1,0.2765916,0.8429693,-0.62149507
AATGACTGTCAGCCGG-1,0.13348795,0.6839905,1.0537275
AATGAGTTCGCATATG-1,-0.04845823,-0.010752633,0.26425996
AATGATGATACGCTAT-1,-0.117748484,0.0053558717,1.2128022
AATGATGCGACTCCTG-1,-0.24740544,-1.0962768,1.0128144
AATGCAACCGGGTACC-1,0.19602542,0.97860414,1.4021939
AATGCACCAAGCAATG-1,-0.036350925,-0.14002623,0.11630553
AATGGTCCACCGTTCA-1,-0.0015559315,-0.013485859,1.0373029
AATGGTTCTCACAAGC-1,-0.087811135,0.3751945,1.6151999
AATGTATGGCACTGTA-1,0.008903811,-0.7463196,-0.8543503
AATGTGCCCGAGGTGT-1,0.25000072,0.6523217,-0.45761615
AATGTGCTAATCTGAG-1,-0.10417727,-0.2877459,-0.07178368
AATGTTGTCGTGAGAC-1,-0.27472267,-1.2037684,-2.024921
AATTAAAGGTCGGCGT-1,0.32107356,1.0992045,-0.49128434
AATTAACGGATTTCCA-1,-0.23914224,-0.7691139,-0.5478973
AATTAGCGCTGCAGCG-1,0.2729253,0.768284,-0.54600865
AATTCATAAGGGATCT-1,-0.15323026,-0.4221229,1.2473253
AATTCATTGTCATGCA-1,-0.07298098,-1.0439944,-0.9194597
AATTCCAAGCATGTAC-1,0.0,0.0,0.0
AATTCGATTCGAGGAT-1,0.0,0.0,0.0
AATTCTAGAGTTAGGC-1,0.38497853,0.8918398,-1.1800698
AATTGAACGCTCTGGT-1,0.22468778,0.6035596,-0.58864915
AATTGCAGCAATCGAC-1,0.10349371,0.33466873,-1.109525
AATTGCGTGGATTACA-1,0.07869146,-0.09686321,-0.56639814
AATTGTGGTTGCCAAA-1,-0.47190684,-1.6117452,0.37775198
AATTTGGGACATAGTA-1,-0.13674335,-0.3272152,1.105344
AATTTGGTTCCAAAGA-1,-0.12451077,-0.38272178,1.1854128
ACAAACCATGCGTCCT-1,0.09237978,-0.053055592,-0.5860256
ACAAAGCATGACCTAG-1,-0.25145197,-1.0411881,-0.9177351
ACAAATCGCACCGAAT-1,0.17894085,0.5559632,-0.26660037
ACAAATGGTAGTGTTT-1,0.24858153,0.66579264,-0.3079619
ACAAATTCAGATCTGA-1,-0.120859385,-1.1057894,0.38011888
ACAACAGCATGAGCTA-1,0.28280056,1.3825799,1.1654209
ACAACGGTCCCTGCGA-1,0.084835924,0.27591833,0.3908137
ACAAGCAGTGCCTAGC-1,0.12745357,0.940486,0.6893662
ACAAGCTATATGGAAG-1,-0.3220879,-1.2754928,-0.4091218
ACAAGGAAATCCGCCC-1,0.28150627,0.9940215,-0.16710038
ACAAGGACAAGAGGTT-1,0.12603126,0.7359246,0.79819983
ACAAGGATGCTTTAGG-1,0.056872677,-0.4156483,-0.763869
ACAAGGCCTACCAGCC-1,-0.18794534,-1.901006,-0.8071344
ACAAGGGCAGGCTCTG-1,0.21626678,0.6167691,-0.6970631
ACAATAGTCGTACGTT-1,0.194177,0.98248106,-1.1397015
ACAATCCATTTAAACC-1,0.41595072,1.2271341,-1.3769497
ACAATGAATACGGAGA-1,0.17402375,0.17310862,-0.7211717
ACAATGATTCTTCTAC-1,-0.40070948,-1.7288438,0.09843821
ACAATTGTGTCTCTTT-1,0.33488336,0.9350403,-1.0745866
ACAATTTAGGAGGCTC-1,0.025868595,-0.1586696,0.17461483
ACAATTTGAGCAGTGG-1,-0.15139848,-0.5211434,0.6964643
ACAATTTGGCCATATT-1,-0.11437126,-1.5756334,0.21740943
ACACAAAGACGGGTGG-1,0.18987453,1.057439,1.6872772
ACACAAATATTCCTAG-1,-0.28813848,-0.9584124,0.08458625
ACACACCAGGACCAGT-1,0.2776529,1.0128552,0.15333897
ACACACTTTCTACACG-1,-0.14138056,0.0047809947,1.8566344
ACACATGATCAAATCT-1,0.26888877,0.3352628,-1.0698962
ACACATTTCCGTAGAC-1,0.0,0.0,0.0
ACACCACATAATTAGC-1,-0.18778074,-1.1296153,0.23540297
ACACCCAGCATGCAGC-1,0.16463526,0.7869066,0.7741824
ACACCCGAGAAATCCG-1,-0.026786251,0.6301665,1.3730147
ACACCGAGCGCTCTTT-1,0.046545878,-0.17692892,0.8366499
ACACCGGTCTGACCGC-1,0.14388612,0.31816754,-0.7538328
ACACCTTAAGTAGGGC-1,0.10286473,0.6938645,-0.06868168
ACACCTTACTACTTGC-1,0.28747848,0.8639657,-0.041429445
ACACGAGACTCCTTCT-1,0.2708282,1.2381114,0.79683006
ACACGGCACTATGCAT-1,-0.074316055,-0.25906715,0.7026529
ACACGGGAACTTAGGG-1,0.05261605,0.35720935,1.3855911
ACACGTAGGCCACAAG-1,0.34595114,0.8419876,-1.0495727
ACACTCCAATGTCACT-1,-0.15490225,-0.30085126,0.56764776
ACACTGATCAAGGTGT-1,0.23974022,0.3538031,-0.87177616
ACACTGGGACAGTCGT-1,0.26000172,0.21018055,-1.998038
ACAGAACTGAGAACAA-1,0.1251676,-0.1644196,-1.0741401
ACAGATTAGGTTAGTG-1,-0.1335193,-0.35131118,0.40577367
ACAGCATAGAGCCAGT-1,-0.23818988,-0.2964868,0.9708884
ACAGCGACATTCTCAT-1,0.22409783,0.5526574,-0.6037974
ACAGCGCACCCGCAGC-1,-0.27535802,-0.7122248,0.27565694
ACAGGCACGGATCCTT-1,-0.043219235,-0.048856437,0.035879456
ACAGGCTTGCCCGACT-1,0.29772103,0.9678444,-0.53293437
ACAGGTGGAGGTGAGG-1,0.36751366,0.895741,-1.5958313
ACAGGTGTGTTGTTGC-1,-0.26667008,-1.2279272,-0.41560468
ACAGTAATACAACTTG-1,0.19713514,0.36262992,-1.0341469
ACAGTATACCGTGGGA-1,-0.04580562,-1.2216365,-0.32470223
ACATAAGTCGTGGTGA-1,0.09638533,-0.44335958,-1.0881788
ACATAATAAGGCGGTG-1,0.1883044,0.86474884,1.2870533
ACATCAGCTGGGACGC-1,0.20751938,0.36681607,0.04926757
ACATCCCGGCCATACG-1,-0.32413894,-0.970685,-0.40024003
ACATCCTGGTAACTGT-1,0.28430706,1.0531774,0.3122094
ACATCGATCGTTTACC-1,0.362261,1.2927253,-1.34034
ACATCGGTCAGCCGCG-1,0.1515862,0.33426717,-0.29370406
ACATCGTATGCAATGG-1,0.2086025,0.6418216,-0.5837941
ACATCGTTAACCTAGT-1,-0.17867695,-0.4394901,0.4498138
ACATGCTTACGGCAGC-1,-0.15275846,-0.5108758,-0.32487267
ACATGGCGCCAAAGTA-1,0.24582729,0.93864954,0.81949365
ACATTAGTTTATATCC-1,0.30742216,0.795679,-0.7512261
ACATTCGCGCGGAATA-1,-0.07484058,-0.21728937,-0.09546601
ACCAAACACCCAGCGA-1,-0.034176968,-0.79072005,0.5251314
ACCAACACCACACACT-1,0.14672802,-0.45567885,0.6068344
ACCAACCGCACTCCAC-1,-0.20213974,-0.72087747,-0.9353637
ACCAACGCTTATTTAT-1,0.16151434,-0.13462521,-0.82764137
ACCAAGAACGCGTGTC-1,0.18562876,0.72462994,0.9699662
ACCAAGTCATCGGCAG-1,-0.27775264,-1.2661984,-1.1779132
ACCAATATGCAAGTTA-1,0.3039077,0.8096219,-1.0609426
ACCACAACTCAGAACA-1,-0.04335492,-0.40778515,-0.0019080704
ACCACAAGTTTCTATC-1,0.12924816,0.8293632,0.97923684
ACCACACGGTTGATGG-1,0.0,0.0,0.0
ACCACCAATGTAACAA-1,0.30399036,1.0738752,0.31886727
ACCACCCTCTCTTCTA-1,-0.47532707,-1.8369236,-0.06288964
ACCACGTGCAGCTATA-1,0.2455428,0.90482086,-0.16519794
ACCAGACCATAACAAC-1,-0.24828094,-0.9479432,-0.26049682
ACCAGTGCCCGGTCAA-1,-0.4201003,-2.0495536,1.1483462
ACCAGTGCGGGAGACG-1,0.4225566,0.97216177,-1.202205
ACCATATCCGCAATAA-1,0.32725537,1.1247537,-0.5208716
ACCATCCGCCAACTAG-1,-0.11799778,-0.85412914,-0.79175407
ACCATCGTATATGGTA-1,0.28167403,0.87223333,-0.2906683
ACCCAACGCCCGTGGC-1,0.021989826,0.112751134,1.0107023
ACCCACCTACATGCTC-1,0.07537532,0.6363059,1.5136995
ACCCATCTTGAGGGTA-1,0.33430105,1.234502,-0.49581042
ACCCATTTGTCCCTCT-1,0.2814879,0.61455643,-0.91323054
ACCCGAGCGAAATTAC-1,-0.07071576,-0.48177806,-1.5476837
ACCCGATTGGTTCCGA-1,0.0,0.0,0.0
ACCCGGAAACTCCCAG-1,-0.3225513,-1.3814967,-1.4387249
ACCCGGAGCACCACAA-1,-0.04158228,-0.93084514,-1.5608095
ACCCGGATGACGCATC-1,0.2903339,0.7925797,0.5841559
ACCCGGTTACACTTCC-1,0.25391266,0.9437069,-0.12125202
ACCCGTAGTCTAGTTG-1,-0.2325338,-1.0470437,-0.4543926
ACCCGTGTCATCAGTA-1,-0.35113445,-0.7732342,-0.50970495
ACCCTATAGGACTGAG-1,-0.14485404,-0.40643623,-0.21406539
ACCCTATGCCATATCG-1,-0.10921319,-0.6522884,-1.0954335
ACCCTCCCGTCAGGGC-1,-0.24724407,-0.7041081,-0.50243306
ACCCTCCCTTGCTATT-1,0.30118868,0.8433973,-0.5022989
ACCCTGGTAACGCCCT-1,-0.15561384,-0.812911,0.29652512
ACCCTTCATCTGCGAA-1,-0.2267717,-0.42355978,1.5924872
ACCCTTGCCTGGGTCG-1,-0.2848946,-0.9628185,0.0634297
ACCCTTTAGTTCTCCA-1,-0.15130726,-0.6607687,-0.2226152
ACCGAAAGGGCCCTGC-1,-0.064679325,-0.4137011,0.24426329
ACCGAAGAGTCTGGTT-1,0.09063721,-0.46514934,-0.5510875
ACCGACACATCTCCCA-1,-0.010265475,-0.04128009,-0.035694014
ACCGACTGAGTCCCAC-1,0.2241586,1.1278683,1.7339191
ACCGAGTCTCCTTATT-1,0.0,0.0,0.0
ACCGATAGGCATAACC-1,-0.034342427,-0.64387906,-1.0413804
ACCGATATTTAATCAT-1,-0.021128649,-0.79814523,-1.6540174
ACCGATGGTAGCATCG-1,0.25828567,0.9803148,0.9114115
ACCGCAATAACTGCCT-1,0.24540062,0.7308934,-0.445407
ACCGCGGTGGAAGTCG-1,0.30080506,0.936272,-0.06916274
ACCGCTAGTCATTGGT-1,0.0,0.0,0.0
ACCGGGCCTTTGTTGA-1,0.345987,0.8273097,-0.26887324
ACCGGTCAGGTACACC-1,0.19654031,0.17262222,-0.7502319
ACCGTGACCACGTGGG-1,-0.03647264,-0.10315053,-0.054914095
ACCTAAGTACCTTTCA-1,0.2981452,0.5841852,-1.5370556
ACCTAATCGACTTCCT-1,0.22210746,1.2105172,0.3221116
ACCTACAGTATGTGGT-1,0.36461553,0.8784077,-0.36045292
ACCTACTATAAATCTA-1,0.0,0.0,0.0
ACCTCCGCCCTCGCTG-1,0.28812474,0.87950295,-0.89161247
ACCTCCGTTATTCACC-1,0.1464081,-0.75348824,-0.11629594
ACCTCGAACTTATGCT-1,0.22962388,0.4548827,-0.71602917
ACCTGCGTGTCATGTT-1,0.27316442,1.0192454,-0.49419037
ACGAAATGGGCGGCAC-1,0.12176097,0.44424215,0.7690581
ACGACCCATGAGTTGC-1,0.29521933,-0.109845266,-2.1757314
ACGACTCTAGGGCCGA-1,-0.0057600853,-0.021405306,0.012859924
ACGACTGGTCATACTC-1,-0.25733256,-0.7192007,-0.22652666
ACGAGAACCCATCACG-1,-0.08257428,-0.19337517,0.015860753
ACGAGATATTTGCTTA-1,-0.27536535,-0.85116106,0.17688993
ACGAGGATACCACTCT-1,0.05951256,0.064306594,-0.1553141
ACGAGGTTTACAACGT-1,0.22249037,0.30419275,-0.81157076
ACGAGTACGGATGCCC-1,-0.05562643,-0.8311285,0.9427804
ACGATACATAGAACTA-1,0.15822637,0.6065829,0.37479317
ACGATACCTATCCTGA-1,-0.09752779,-0.354987,0.11761911
ACGATCATACATAGAG-1,0.059468612,0.60525,1.6259063
ACGATCATCTTGTAAA-1,0.31032774,0.8138306,0.57588303
ACGATGCATATGTTAT-1,0.20496714,0.6535289,-0.3061201
ACGATGGATCCGATGC-1,-0.25107014,-0.6057635,0.89561856
ACGCAAACTAATAGAT-1,0.0,0.0,0.0
ACGCAATCACTACAGC-1,-0.1446605,-1.627758,0.29451224
ACGCATAAATGACATG-1,-0.35923243,-2.0627043,-0.23697571
ACGCATACGTTTACTA-1,0.2940484,0.87284994,-0.3710877
ACGCATTCGTGAGTAC-1,0.29559466,0.98424065,-0.04981713
ACGCCACTCGAAACAG-1,0.0,0.0,0.0
ACGCCAGATGATTTCT-1,-0.11399749,-0.14270565,0.8641855
ACGCCAGTGCGTTTGC-1,-0.26835814,-0.8319452,-0.31952763
ACGCCGCTAGACGACC-1,0.28154886,0.76673204,-1.4530956
ACGCGAAGTCAGACGA-1,0.31037015,0.6464844,-1.1523753
ACGCGCTACACAGGGT-1,0.21372123,0.5936101,-0.8370016
ACGCGGGCCAAGGACA-1,0.28958008,1.0516561,0.25567567
ACGCGTTTCTTAAGAG-1,-0.03337747,-0.13254592,-0.16480622
ACGCTAGTGATACACT-1,-0.25580698,-0.8123455,0.9980415
ACGCTGTGAGGCGTAG-1,0.1838316,0.4777781,0.7146117
ACGGAATTTAGCAAAT-1,-0.25095108,-0.758852,1.51977
ACGGACGCAGCGACAA-1,-0.08672559,-0.5425221,-0.4309456
ACGGACTCTCAAAGCG-1,-0.25472105,-0.7391043,-0.32694897
ACGGAGCGCAAATTAC-1,0.096840404,-0.16355194,1.3876144
ACGGATGGTGCGGATA-1,0.33265865,0.708171,-1.2254388
ACGGCACTTGCTTGGG-1,0.33132362,0.8912009,-0.97758734
ACGGCCAACATGGACT-1,-0.017953137,-0.6757715,-1.4938997
ACGGCGACGATGGGAA-1,0.24803886,0.8933374,-0.0084932
ACGGCTGGATGTAGAA-1,0.16120875,0.09591011,-0.8725461
ACGGGAGTGTCGGCCC-1,0.38133565,0.9285605,-1.6169093
ACGGGCGTATGCGACA-1,-0.21669874,-1.226519,0.04601764
ACGGGTCATGTGACTT-1,0.055398356,-0.13261558,0.7484884
ACGGTACAGTTCAATG-1,-0.011672549,-0.033966064,-0.015808297
ACGGTCACCGAGAACA-1,0.2652912,0.26965567,-0.83397746
ACGTACAGATTTCTCT-1,-0.16694176,-0.53106123,1.1026738
ACGTACTTTGGCACGG-1,0.0,0.0,0.0
ACGTAGATTGCTGATG-1,0.24736172,1.1207026,0.7771142
ACGTAGGAGAGTCGCT-1,0.0,0.0,0.0
ACGTATTACTCCGATC-1,0.2653625,1.1585299,1.021892
ACGTCTCGTTCCGGGA-1,-0.021602998,-0.7986536,-0.21361503
ACGTGCGCCTCGTGCA-1,0.13298152,0.888795,1.3222373
ACGTTAATGTCGAAGA-1,0.29693627,1.0724653,-0.7428719
ACGTTAGATTTGCCCG-1,0.26912186,0.97256744,-0.23434538
ACGTTCACTATGCCGC-1,0.0,0.0,0.0
ACGTTCCGCGCTCCGT-1,-0.11797186,-0.35189182,0.33549225
ACGTTCGCAATCAATT-1,0.23166303,0.09514495,0.32693544
ACGTTCGTTCAGGAAA-1,-0.031840168,-0.087861076,-0.04114456
ACGTTCTGTACAAGTC-1,-0.54274136,-1.6150882,-0.4416061
ACGTTGTCGTTGAAAG-1,0.0,0.0,0.0
ACGTTTAGTTGTGATC-1,-0.014187515,0.19421554,0.95834845
ACTAAGGACGCACACC-1,-0.06347614,-0.16093202,-0.04683181
ACTAATACGTCAGGCG-1,-0.39927855,-1.6700306,1.2363237
ACTACAAAGAGAGGTG-1,0.0,0.0,0.0
ACTACATCCCGACAAG-1,0.10168007,-0.14298397,-1.0577263
ACTACCAGCTCTCTGG-1,0.1085034,0.5987105,0.09665134
ACTACCATCCGAGGGC-1,0.0,0.0,0.0
ACTACGCGTTAGAATT-1,0.0,0.0,0.0
ACTAGTTGCGATCGTC-1,0.27579123,0.8414677,-0.5231643
ACTATATGCTGTGTTC-1,0.12716988,-0.58844966,0.3211022
ACTATCCAGGGCATGG-1,0.33310184,0.8962674,0.4562507
ACTATCTGCCCGCGTA-1,0.4388043,1.0118171,-1.7227218
ACTATGTCCAGCTGCC-1,0.04916933,0.23807125,-1.0735897
ACTATTCGTCCGTGGT-1,-0.19394068,-0.39786473,0.70807594
ACTATTTCCGGGCCCA-1,-0.21298411,-0.615637,-0.1426679
ACTCAAGTGCAAGGCT-1,0.13156132,-0.14709586,-1.070496
ACTCAATAAAGGCACG-1,0.16268809,0.6121667,1.22683
ACTCAGACCTGCTTCT-1,-0.046214376,-0.15957344,0.124934964
ACTCATGGCAGCCTTC-1,0.088569485,0.25865358,-1.1276339
ACTCCAATATCATCAT-1,-0.14049518,-0.66784495,-1.4545135
ACTCCCATTCCTAAAG-1,0.27566963,1.0685846,-0.7361156
ACTCCCGAATTCGTTT-1,0.23677905,0.27105325,0.5811187
ACTCCCGTAGACTAGG-1,-0.29028133,-1.2526649,0.22845104
ACTCCCTAATGCTAAA-1,0.14885424,0.041124865,-1.3232734
ACTCCCTAGAATAGTA-1,0.21962145,0.55048215,-0.59612536
ACTCCGGCCGACCACT-1,0.0,0.0,0.0
ACTCGCCGTTCGATAA-1,-0.100139536,-0.48736787,-1.2770919
ACTCGTAACCCGTCCT-1,0.1620638,0.6226794,-0.8315831
ACTCGTCAGTAATCCC-1,0.12221099,0.6374132,1.295802
ACTCTAAACCTGGGAT-1,-0.2918984,-0.8075931,-0.3606965
ACTCTCTGACTTAGGT-1,0.28410152,0.9995751,0.17220923
ACTCTCTTATACACGA-1,-0.24262476,-0.9929979,0.16570051
ACTCTGACCTAATAGA-1,-0.12013632,-0.33693835,-0.22118959
ACTCTTGTATAGTAAC-1,0.21477017,1.0923133,0.5036135
ACTGAAACGCCGTTAG-1,0.28923416,0.71267384,-0.7931378
ACTGAATGGCGAAAGT-1,0.28338864,0.6636974,-0.50626767
ACTGCCCGCCATTCTC-1,-0.03527532,-0.021091463,-0.039041735
ACTGCCGTCGTAACTC-1,0.0423336,0.35132948,0.80402166
ACTGCGGACACACCGT-1,-0.08087632,-0.7399992,0.71463645
ACTGCTCGGAAGGATG-1,-0.03155267,-0.66071975,-0.89632577
ACTGGCGAACCTGCGT-1,-0.013638971,-0.01904249,-0.016083064
ACTGGGATGCCAGTGC-1,0.0,0.0,0.0
ACTGTACGATACACAT-1,-0.117344275,-0.11732981,1.3001621
ACTGTAGCACTTTGGA-1,0.11893311,0.8596562,0.9302756
ACTGTATACGCGAGCA-1,-0.03783787,-0.041389126,0.14447725
ACTGTCCAGGATTATA-1,0.22581512,1.0323048,0.8779792
ACTGTCTTCTTTAGAA-1,0.22747914,0.96414155,1.0035055
ACTGTGCTAGTAGATC-1,-0.05873022,-0.14222445,0.002214961
ACTTACCGGGCGCGCA-1,-0.32255602,-0.96287274,1.1710929
ACTTACGCATCCACGC-1,0.29530707,0.7583589,-0.9210749
ACTTAGTACGACAAGA-1,-0.092969015,-0.16911711,0.19909467
ACTTATACTTACCCGG-1,0.22715087,1.0633065,1.2564772
ACTTATTAGGATCGGT-1,0.2631345,0.83685344,-0.55457413
ACTTATTTATGTGCCA-1,0.24721628,0.796028,-0.2779804
ACTTCAGGCTGATCCC-1,0.2245101,0.63590264,-0.48746967
ACTTCCATGCGGGACA-1,-0.064131945,-0.9258009,-0.8254327
ACTTCGCCATACGCAC-1,0.11677617,0.48742965,0.27927864
ACTTGACTCCCTCTTT-1,0.28429645,0.84003395,-1.3605323
ACTTGGGACCCGGTGG-1,0.07562628,0.5610251,1.0434483
ACTTGTAGTCCCTTCA-1,0.23916739,-0.0097067,-0.7965399
ACTTGTGGATGGAACG-1,0.279424,0.73847586,-0.7522729
ACTTGTTACCGGATCA-1,0.0,0.0,0.0
ACTTTACCCTCATGAA-1,0.21738946,0.21904935,0.5236037
ACTTTCCTATAGCTTC-1,0.24634297,1.0991813,1.1541256
ACTTTGACTGCATCCT-1,0.12683706,0.30063197,0.65014046
ACTTTGGTCGTGCTCC-1,0.13050577,0.07370795,-0.46314576
ACTTTGTCGACGCACT-1,-0.0865835,-0.7701081,-1.5303117
AGAAATTATGACTCGC-1,0.4142377,0.8555317,-1.4540195
AGAACCCAGCGTGACA-1,-0.10873358,-1.5062779,0.008937738
AGAACCCTCAATTGGG-1,0.04221083,-0.39053667,-1.2766285
AGAACGTGGTACATTC-1,0.102315344,0.47523865,1.0474567
AGAAGAGCGCCGTTCC-1,0.20485476,0.8383088,0.38982344
AGAAGGTACACTTCAC-1,-0.14693904,-0.63613474,0.09900609
AGAAGGTTGCCGAATT-1,0.28067577,0.85709083,-0.19938964
AGAAGGTTGTAGGTCG-1,-0.15114139,-0.39432615,-0.28218248
AGAAGTGATTCGTGAT-1,0.47142264,1.1449864,-1.9055839
AGAATAAATCTTCAGG-1,0.24820119,0.6827813,1.0558016
AGAATGCGGGTTCGGA-1,-0.023288894,-0.782344,0.509217
AGAATTATGGATTCGA-1,0.19509932,0.36638296,-0.05158363
AGAATTGTTTGACATA-1,0.047887206,0.19360924,0.76227075
AGACAGCTCAGAATCC-1,0.11300355,0.4163801,1.2305739
AGACAGGCATCTCAGC-1,0.1572441,-0.373146,-1.2747922
AGACATAGATCCTTCC-1,-0.023718268,-0.081917934,0.11155219
AGACCAAACCACACCT-1,-0.05498503,-0.6747917,-0.48359996
AGACCATGGGATACAA-1,0.06676788,0.13449132,0.8632154
AGACCCACCGCTGATC-1,0.36488506,0.82045275,-1.0695661
AGACCCGCCCTCCTCG-1,0.20975108,0.99045306,1.2617757
AGACCGCTCCGCGGTT-1,0.27274472,0.73314726,-0.38712963
AGACCGGGAAACCCTG-1,0.23591627,0.7317355,-0.8388343
AGACGAAGTGCCGGTC-1,0.40371594,0.9265453,-1.1827235
AGACGACGATGCCGCT-1,0.19962585,-0.22063461,-0.7961347
AGACGCCCACTTCGCC-1,-0.1891254,-1.0462848,-0.9247518
AGACGGGCCGATTTAA-1,-0.24224949,-1.3010018,1.0639042
AGACTAGCCTTCCAGA-1,0.016687548,0.08152264,0.5743781
AGACTGTTACCGGGTC-1,0.0,0.0,0.0
AGAGAAACACCAGAAA-1,0.0,0.0,0.0
AGAGAACCGTCTAGGA-1,0.028520577,0.21372482,1.513095
AGAGAAGGAGTACAAT-1,0.004605342,-0.23610677,-0.58421236
AGAGATCTCTAAAGCG-1,0.2799691,1.1214085,-0.79964966
AGAGCAGTTATGAGAC-1,-0.019606076,0.60693717,0.602892
AGAGCCGCCGAGATTT-1,0.3501273,0.8427373,-1.4239888
AGAGCGCTTGTAACGG-1,-0.18710542,-0.79200613,0.14393854
AGAGCGGGCTAATCAT-1,0.16146715,0.8634028,1.1186395
AGAGCGTACAAGCTCG-1,0.11527961,0.39694673,0.72309667
AGAGGCTTCGGAAACC-1,0.29029563,0.86487126,-0.9822616
AGAGGGACAATTGTCC-1,-0.55626345,-2.0957072,-0.12094091
AGAGTAAACTTCACTA-1,0.30067545,0.9689554,0.09056087
AGAGTATAGTGTTACG-1,-0.019806862,-0.079821594,0.07226309
AGAGTTAGAGACCGAT-1,-0.38119,-1.4679072,0.8634436
AGAGTTGCAGGCCTCC-1,-0.0894632,-0.22987646,-0.11243649
AGATAACTTCAGGGCC-1,0.33572206,1.1559898,-0.21916285
AGATACCAATAGAACC-1,0.42392758,1.0660675,-1.8634554
AGATACCAGCACTTCA-1,-0.19813333,-1.1536835,0.031081416
AGATACCGGTGTTCAC-1,0.1854222,0.42475975,-0.28770745
AGATACGACTTCATAT-1,-0.16661371,-0.12832628,0.7076152
AGATACTCAAGATCGA-1,0.23981103,0.65990597,-0.62105507
AGATATAATACGACTA-1,0.0,0.0,0.0
AGATCGTGCATAAGAT-1,-0.04201248,-0.30517378,0.27976823
AGATCTCAGGTGTGAT-1,0.22058569,0.5093105,0.4476248
AGATGACTCGCCCACG-1,0.15093832,0.5612295,1.1889157
AGATGAGGGTTGCGAT-1,-0.2270324,-0.75464183,0.99204767
AGATGATGGAGTCTGG-1,0.33813578,0.65322137,0.34757334
AGATGCAAGACGTGCA-1,0.3579109,1.0644113,-1.260045
AGATTATAGGACGTTT-1,0.37507275,1.1349926,-0.8265696
AGATTCACAACCGATA-1,-0.13043684,-0.793674,-0.3672849
AGCAAAGGCCGCTAGT-1,-0.24128318,-0.6741535,-0.32084396
AGCAACATATCTTATT-1,0.2804068,1.1215479,0.34946075
AGCAACCGAAAGTAAT-1,0.22462071,0.4507631,-0.8402455
AGCACACGTTTAGACT-1,-0.32785478,-0.8967767,-0.7478411
AGCACCAGTACTCACG-1,0.21980017,1.1021936,1.4616939
AGCACTACCGGCCTGT-1,-0.13019128,0.18834351,0.33096895
AGCACTACCTCACCAG-1,0.19595958,0.4647635,-0.66513205
AGCACTTAAGGACGCC-1,0.22350521,0.97356343,0.26097393
AGCAGAAGGAGAAAGA-1,0.0,0.0,0.0
AGCAGCCAGATGAATA-1,-0.42366752,-1.1495973,-0.4328695
AGCAGTCGAAGCATGC-1,0.0,0.0,0.0
AGCATATCAATATGCT-1,0.3228302,0.93638974,-0.9280832
AGCATCATTTCGAAAG-1,0.24592848,0.57326335,-0.46651542
AGCATCGTCGATAATT-1,0.23816971,0.909733,0.72371316
AGCATTACGAGGCAAG-1,-0.3958982,-1.4323556,-1.2826734
AGCCAAGCTTTGTGTC-1,0.0,0.0,0.0
AGCCACAGGTTACCCG-1,-0.26341748,-1.6421498,-0.8289809
AGCCACTCCCGTGCTT-1,0.11087662,0.3726328,0.6440772
AGCCATATAGTATGTG-1,0.0,0.0,0.0
AGCCCATACATGTAAG-1,0.24245314,1.232836,-0.45108065
AGCCCGCAACAAGCAG-1,0.0,0.0,0.0
AGCCCGGCATTAGAGG-1,-0.2239284,-0.768531,-1.3148565
AGCCCGGTAGCCTGTA-1,-0.0024641764,-0.0021882479,0.0045653186
AGCCCTAAGCGAAGTT-1,0.09527556,0.6188428,1.3094856
AGCCCTCCCTGGTGGC-1,-0.08660558,-0.14368251,-0.109649405
AGCCCTGTCGCACCGT-1,-0.3489047,-1.6959479,0.86433303
AGCCCTTCTAATCCGA-1,-0.21720862,-1.0410266,0.6443424
AGCCCTTGGACATCCC-1,0.1799305,0.0073725744,-1.7203766
AGCCGCAAATTCAAAT-1,-0.21577555,-0.9128861,-0.22943471
AGCCGTGGCTAAATGT-1,0.23859815,0.4802191,-0.75123686
AGCCTAATACCCACGT-1,0.1590473,0.24676368,-0.32822162
AGCCTTAAAGCGGAAG-1,0.14656937,0.22800459,1.639954
AGCGACAGGAACGGTC-1,0.36422718,1.0158553,-1.7617728
AGCGACATCCCATTCA-1,0.14705348,0.7228328,1.5501337
AGCGACCAACGATATT-1,0.1892406,1.0294753,1.5634524
AGCGAGACGTGAAGGC-1,-0.37770635,-0.91577446,-0.6482879
AGCGATGCGCCTAATA-1,0.3844119,1.0525693,-1.2079933
AGCGCATAATGAATCG-1,-0.3666755,-0.8520969,-0.5379934
AGCGCGGGTGCCAATG-1,-0.040480316,0.10070199,1.1090178
AGCGCTAGAGCGATGT-1,-0.4266921,-2.14056,1.0212022
AGCGCTTATGGGCAAG-1,-0.5350242,-2.2392263,1.5019761
AGCGGACACTTCGTAG-1,0.0,0.0,0.0
AGCGGCGGTTAGCGGT-1,0.13473165,0.12389838,-0.2811143
AGCGGGAAGGGTCCAT-1,-0.1997952,-0.498599,0.3643382
AGCGGGTCTGACACTC-1,0.0,0.0,0.0
AGCGGTTGCCGCTCTG-1,0.054840267,-0.3416321,0.23979522
AGCGTGGTATTCTACT-1,0.20099874,0.6930143,-0.8470569
AGCTAACAAGCAATGT-1,-0.58631366,-1.8074226,-0.9749779
AGCTAAGTACGCAGGC-1,-0.3740542,-1.5173386,0.085876994
AGCTAGAAGCAGAAGT-1,-0.05269819,-0.5809928,0.067864105
AGCTATTTAATCCAAC-1,-0.13015936,-0.059485413,0.66312844
AGCTCCATATATGTTC-1,0.36355606,1.0436898,-0.809295
AGCTCCTTCGCACATC-1,0.2528454,0.8090253,-0.37326664
AGCTCGTTGATGGAAA-1,-0.5745658,-2.078929,0.4238801
AGCTCTAGACGTTCCA-1,0.16878514,0.9784136,1.3994861
AGCTCTTCCCAGTGCA-1,-0.17537999,-0.6818137,0.086259186
AGCTCTTCGTAACCTT-1,0.30191407,1.005346,0.697316
AGCTCTTTACTCAGTT-1,0.2957566,1.0455008,-0.2124702
AGCTGAAGTAAACCAA-1,0.19788231,0.5194804,0.54336303
AGCTGTAACCTCAATC-1,0.21707225,0.39689204,-0.38665953
AGCTTCTTCTCGAGCA-1,-0.28278747,-0.85319847,-0.8591884
AGCTTGATCAGGGTAG-1,0.24556297,0.16470213,-0.8399991
AGCTTGATCTTAACTT-1,0.2830343,1.4531499,-1.4235258
AGGAACGAACGACTTC-1,-0.5509051,-2.0634928,-0.102311485
AGGAAGCTGTCCGCCG-1,-0.038492955,-0.11461364,-0.064276926
AGGACAGTCGAATCCC-1,0.23728578,0.70900077,-0.1810915
AGGACATCGCACGTCG-1,-0.21136376,-0.212377,1.4986408
AGGACATCGGCACACT-1,-0.56867445,-2.380839,-0.8808525
AGGACGACCCATTAGA-1,0.33013043,0.89787644,-0.16249947
AGGACGCTCGATGTTG-1,-0.17780945,-0.5384818,0.13532826
AGGAGACATCCACAGT-1,-0.38570604,-1.4084607,-0.104085326
AGGAGAGTCTGGCTAC-1,0.0,0.0,0.0
AGGAGGCCTTCGCGCG-1,0.2725986,0.7557571,-0.76300716
AGGATAAAGTCGGGAT-1,0.08681197,0.09045526,-0.9389932
AGGATATAGGGATTTA-1,0.36217162,0.66184586,-0.71694106
AGGATATCCGACTGCA-1,0.0,0.0,0.0
AGGATCACGCGATCTG-1,0.3152834,1.0679108,-1.0861771
AGGATTGCTTACGACA-1,-0.06957978,-0.31866056,0.13187055
AGGCACGTGACTGTCC-1,0.3906432,0.9267278,-1.4592872
AGGCAGATGCGTAAAC-1,0.07557052,0.36533314,0.8327191
AGGCAGGGAGCGTACT-1,-0.117956296,-0.29034358,-0.09738564
AGGCATTGTCGTAGGG-1,0.37750027,0.86241907,-0.861758
AGGCCACCCGTTATGA-1,0.078263834,0.71471596,1.0384613
AGGCCCATTGTACAGG-1,0.17193595,0.5942128,0.95446074
AGGCCCTAGAACGCCA-1,0.26713523,0.5006682,-1.295856
AGGCCTATCATACCAA-1,0.0,0.0,0.0
AGGCCTGAGAATCTCG-1,-0.102557726,-1.2931566,-0.88370955
AGGCGATAACTGGCGT-1,-0.057936747,-1.0599413,-1.3516606
AGGCGGTTTGTCCCGC-1,0.1270003,-0.083840124,-0.80080706
AGGCGTCTATGGACGG-1,-0.21875173,-1.5546966,1.0180566
AGGCTATGGTTAGCTT-1,0.05029153,0.56413656,1.3460675
AGGCTTCCCGAAGAAG-1,0.34778702,0.6513455,-1.4924865
AGGCTTGCTAGACACC-1,0.053192623,0.42442015,1.1303012
AGGGAAACGAGGTACT-1,-0.05566741,-0.041297268,1.1899261
AGGGACCGGCTGCGTT-1,0.3284885,0.3995591,0.37997612
AGGGACTCTACGCGAC-1,-0.290211,-1.3063644,-0.87807333
AGGGAGACATACTTCG-1,-0.13894144,-1.7077624,0.5519615
AGGGCAGCGGCGTGGT-1,-0.082325704,-0.3241066,0.4139417
AGGGCCCTAATGTTCT-1,-0.60142326,-2.5672,-0.63115853
AGGGCGAGCAGCTGAT-1,0.27436858,0.61030924,-0.48938307
AGGGCGTGATCGGCTA-1,0.048105195,0.5255583,0.7138421
AGGGCTGCAGTTACAG-1,0.23758069,1.0733513,0.4283821
AGGGTCAGAGCACTCG-1,0.0,0.0,0.0
AGGGTCAGTAACCCTA-1,-0.13902682,-1.1296015,0.79320514
AGGGTCGATGCGAACT-1,0.29786104,1.1180983,1.0811867
AGGGTCTGGACGCAGT-1,-0.298643,-1.65336,-0.8101716
AGGGTGCCGTTCTTTA-1,-0.14846653,-0.4207473,-0.11569315
AGGGTGCTCTCGAGGG-1,0.23445599,0.7353882,0.8894924
AGGGTGGATAGTGCAT-1,0.09903227,0.23137942,1.1933769
AGGGTTCAGACGGTCC-1,0.0,0.0,0.0
AGGGTTCCCTTTGGTT-1,-0.032315355,0.2119774,1.0583445
AGGGTTTAGTTCGGGA-1,0.307176,1.1424903,0.4058621
AGGTAACCTCCTATTC-1,-0.24632277,-0.632128,0.94816095
AGGTACGATATTGCCA-1,-0.13216388,0.07125485,1.1534642
AGGTAGATCGAGATAT-1,-0.2758682,-0.7696415,-0.3492149
AGGTAGGTACAAAGCT-1,0.38762715,1.2951977,-1.1657133
AGGTATAATTGATAGT-1,0.26168412,0.13191693,0.19347356
AGGTATGCGGACATTA-1,-0.31346926,-1.6515497,0.47545794
AGGTCAGGTGAGAGTG-1,0.3022466,0.91950077,-0.22193864
AGGTCGCCTCCCAACA-1,-0.32818,-1.3030347,-0.673154
AGGTCGCGGAGTTACT-1,0.0062728566,-0.79088855,0.16373692
AGGTGCACGTCCACAT-1,-0.351714,-1.3885467,-0.7998721
AGGTGGTGACCTTCGC-1,0.0,0.0,0.0
AGGTGTATCGCCATGA-1,0.13489765,0.62423664,0.55190295
AGGTGTTGCCGACCAC-1,-0.4350768,-2.01822,-0.66572005
AGGTTACACCATGCCG-1,0.29677865,0.6481663,-0.2975475
AGGTTGAGGCACGCTT-1,0.03217201,0.46893907,1.0605699
AGGTTTCACACACCTT-1,0.24600464,1.0739148,-0.8154715
AGTAACGTTCATCCTG-1,-0.0894523,-0.628,0.04097663
AGTAACTATAGCAGCC-1,-0.40880156,-1.6835452,-0.92637306
AGTAATCTAAGGGTGG-1,-0.01892404,-0.07032446,0.04224968
AGTAATGTCTTGCCGC-1,0.16493501,0.81743807,1.3501225
AGTAATTTGCAAGCGT-1,0.051694553,-0.38606486,-0.80470335
AGTACAGAAGCTTATA-1,0.0,0.0,0.0
AGTACATCATTTATCA-1,0.11866019,-0.4373386,0.7943977
AGTACCTTCGAGTGCT-1,-0.41737378,-1.997206,0.8096505
AGTACGGCCCGTATCG-1,0.3448002,0.8401944,0.43387106
AGTACGGGCACCTGGC-1,0.013524454,0.55469674,1.2746828
AGTACGTGGCCTGTCT-1,-0.07626877,-0.5228447,0.007616091
AGTACTCTTATGCCCA-1,0.24262077,0.146899,-1.3239751
AGTAGAAGGCGCCTCA-1,0.0,0.0,0.0
AGTAGGAAGGAAGTTG-1,-0.13259466,-0.43552226,0.35125747
AGTAGGTAACATACAT-1,0.100073054,0.4721073,1.0048388
AGTATAATACTAGGCA-1,0.106513724,0.52591026,0.79507834
AGTATACACAGCGACA-1,0.0,0.0,0.0
AGTATGCTGGAGACCA-1,0.3636015,0.9760742,-1.0739846
AGTATTTGGCACGACC-1,-0.532859,-1.2018362,-0.7098395
AGTCAAATGATGTGAT-1,0.0,0.0,0.0
AGTCAACACCACCATC-1,0.30532396,1.0672555,-0.42872974
AGTCAAGATGACACTT-1,0.24794702,0.6361107,-0.5258469
AGTCACTAGCTCTCGA-1,0.35953346,1.0506574,-0.7223208
AGTCAGCCACCGCCTG-1,-0.120886505,-0.22013731,1.2877569
AGTCCATTGGCTGATG-1,0.25816876,1.0738199,0.6953151
AGTCCCGCCTTTAATT-1,-0.1924401,-0.6196146,0.4776531
AGTCCCTCGCAGAAAG-1,-0.23860049,-0.8462507,-0.115139276
AGTCGACGGTCTCAAG-1,0.23103979,0.94814396,0.44319606
AGTCGGCCCAAACGAC-1,0.11675469,0.6339202,0.23736446
AGTCGGCTCAACTTTA-1,0.26320472,0.6637269,-0.91930944
AGTCGGTTGCGTGAGA-1,0.3474532,0.8578949,-0.11294224
AGTCGTATAAAGCAGA-1,-0.02465867,-0.23721409,-0.11990593
AGTCGTCGACCACCAA-1,0.2311319,0.43716657,-0.8435051
AGTCGTGGGCATTACG-1,0.24651732,0.5319122,-1.6997677
AGTCTAAAGTATACTC-1,0.12409265,-0.62592983,0.6894428
AGTCTCACAAGACTAC-1,0.18141608,-0.10227127,-0.8766939
AGTCTGGACATCCTTG-1,-0.039414443,-0.11268876,0.78254086
AGTCTTCTCCTCAAAT-1,0.049409546,0.58283824,1.9411465
AGTCTTTAAAGTGTCC-1,0.0,0.0,0.0
AGTGAACAAACTTCTC-1,0.30024198,1.002454,0.01103787
AGTGAAGATGGTGTCC-1,-0.36060306,-1.920948,0.11120652
AGTGACCTACTTTACG-1,0.31302756,0.8152707,-0.5418529
AGTGACTGTGACACAA-1,-0.2692828,-0.64032173,-0.34849733
AGTGAGACTTCCAGTA-1,0.24119943,1.0817531,1.5399245
AGTGAGCCTCGCCGCC-1,-0.19368407,-0.94957364,1.211411
AGTGAGGGTTTCTGAC-1,-0.13370296,-0.46936554,0.17980063
AGTGAGTCGAATTAAC-1,-0.25008935,-1.0809267,-1.759309
AGTGATAACCTGCGCG-1,0.21708666,0.28997377,-0.83624005
AGTGATATGAGTAGTT-1,0.30506468,0.60798293,-0.20874886
AGTGATTCAAGCAGGA-1,0.21049523,0.79083914,1.0611297
AGTGCACGCTTAAGAA-1,0.2488787,0.6624467,-0.6528225
AGTGCGTAGCTCGTAA-1,0.3016183,0.7603916,-0.52098906
AGTGCTAAACACAGCA-1,0.088878416,-0.19451573,-1.3675076
AGTGCTTGCACGAATA-1,0.29465356,1.1413951,0.4116593
AGTGGCGGCAATTTGA-1,-0.049473368,0.15355042,1.1120758
AGTGGCGTCTGAAGGT-1,-0.1732135,-1.3829613,-0.67429
AGTGGCTCCGTCGGCC-1,0.23744115,0.57966423,0.12608656
AGTGGTGTTACCCGTG-1,0.2924653,0.6677516,-0.19321404
AGTGGTTGCGTATAGG-1,0.22429235,0.47209415,0.55415165
AGTGTATTGCGCATTG-1,-0.06644459,-0.16917853,0.21210602
AGTGTGCTAAGATCGC-1,0.027709847,-0.12699,0.42912513
AGTGTGGTCTATTGTG-1,-0.011449046,0.108175576,1.1946162
AGTTAAACACTTGCGA-1,0.26540697,0.9552475,-0.097889006
AGTTAAGCGGTCCCGG-1,-0.059417017,-0.35785207,0.8903009
AGTTAAGTCAACCGCT-1,0.11491361,-0.04762599,-1.3354943
AGTTACCCTTAAGACT-1,0.074036896,0.3483696,0.9977023
AGTTACCGCACATGGT-1,0.17212847,0.62682104,1.3923147
AGTTACTCTATCGTGG-1,-0.29746398,-0.6338403,1.4256411
AGTTCCTACAGAATTA-1,0.12867321,0.7109491,0.82290393
AGTTCCTATTTATGTT-1,0.29820916,1.319715,-1.185628
AGTTCTGCGTTGTATC-1,-0.0890286,-0.23740306,-0.12230594
AGTTGACATCGGCTGG-1,-0.1945636,-0.4327233,0.02477541
AGTTGACGGTCCTTGC-1,0.0,0.0,0.0
AGTTGCGGTCCTCAAC-1,0.16100678,0.032505773,-0.80982363
AGTTGCTGACTGATAT-1,-0.08563279,-0.14987257,0.35132945
AGTTGGCAAGGCTAGA-1,-0.30030277,-1.157767,-1.7592162
AGTTTATGTAAAGACA-1,-0.123241864,-0.44065735,0.043977756
AGTTTCGCAGGTCGGA-1,-0.15453433,-0.055544462,1.0525947
AGTTTGCACCTGCCTC-1,-0.12757866,-0.55290294,-0.52296
AGTTTGGCACGGGTTG-1,0.3472643,0.7552551,0.056162525
AGTTTGGCCAGACCTA-1,0.2760253,0.45799837,-1.3379822
ATAAACGGACCCGTAA-1,0.23228686,0.6339187,-0.6514808
ATAAACGTTGCACCAC-1,0.26013374,0.76381445,-0.6883763
ATAAAGGCTCGGTCGT-1,0.36780378,1.1505101,-0.68494785
ATAAAGGTCAAGTACG-1,-0.00010076974,-0.43510318,-0.2520988
ATAAATATTAGCAGCT-1,0.24071726,1.0727435,-0.77556396
ATAACGCCGGAGGGTC-1,0.1819446,0.7563082,1.3543485
ATAACGGAGTCCAACG-1,0.14489879,0.8127387,1.0113653
ATAACGTTACCTCCAC-1,-0.18966456,-0.9967059,0.7852198
ATAAGCAAACACCGAG-1,0.0,0.0,0.0
ATAAGGTGGAGAACAT-1,0.32711732,0.7097722,-0.4828035
ATAAGTACCCGATTGT-1,-0.5505895,-2.0688636,0.33478174
ATAAGTAGGATTCAGA-1,-0.09712838,-0.8426823,0.5195181
ATAAGTAGGGCGACTC-1,0.27848136,0.5853735,0.5164814
ATAAGTTACCGCGACG-1,0.32752717,1.0434549,-0.3660758
ATAATACCGTTAGCCG-1,-0.085318506,-0.21839611,0.33776048
ATAATAGCTGTTGAAT-1,0.33190075,0.7351153,-1.0008404
ATAATAGTGTAGGGAC-1,-0.07931276,0.100268155,1.4193004
ATAATCTTGGAGAACC-1,-0.30574426,-1.022932,-0.5421416
ATAATTAGCTAAGTAG-1,0.0,0.0,0.0
ATACAGGCCCTCCAAT-1,0.17441586,0.096578404,-0.9755955
ATACCACGGGCAACTT-1,0.35329905,1.1662426,-0.9662233
ATACCAGGCTAATAGA-1,-0.1940926,-0.39003333,0.73515284
ATACCGTCATCCATAA-1,-0.14450182,-1.1618474,0.874617
ATACCTAACCAAGAAA-1,-0.36862513,-1.1074523,-0.6780925
ATACGAAGGCTTTCCA-1,-0.35171324,-1.7867371,0.5592853
ATACGAGGTTTGTAAG-1,0.0,0.0,0.0
ATACGCCGGCGAAACC-1,0.20378111,1.0971068,1.053648
ATACGGAACGTCGTTT-1,0.26710728,0.74566036,-0.8905671
ATACGGGTTTCGATTG-1,0.17792675,0.4899298,0.5069815
ATACGGTGAAGATGCA-1,0.3034189,0.6777922,0.26687968
ATACGTACTTAGCCAC-1,0.31789675,0.92651176,-1.2921727
ATACGTCCACTCCTGT-1,0.32421243,0.7387938,-0.85054314
ATACGTTATGCACGGA-1,0.0,0.0,0.0
ATACTACCCGTACCAC-1,0.25446534,0.726667,-0.70961916
ATACTAGCATGACCCT-1,0.04853864,0.53436494,0.96497846
ATACTCTCGCCACTCT-1,-0.2675508,-0.67594767,-0.04914306
ATACTGCCTTACACCG-1,0.30624494,0.48824945,-1.4315066
ATACTTGTTCTCGAGC-1,-0.015475437,-0.29024523,0.4014408
ATAGACAACGGGACCT-1,0.012307283,0.31283692,1.516453
ATAGACGAAGAGAAAG-1,0.32520017,1.0980386,-0.52332634
ATAGAGTACTGGGACA-1,0.08642967,0.4704557,0.84444875
ATAGAGTTATCAACTT-1,0.03334183,0.22915424,1.8217291
ATAGCAACTAGGGAAG-1,-0.023087421,-0.41391563,-1.1536453
ATAGCTGCTCTTGTTA-1,0.080612145,-0.059396293,0.7079354
ATAGGAATCTAAGCTT-1,-0.23686095,-1.7825358,-0.6331703
ATAGGCGGCTATAGAA-1,0.32326806,1.0890796,-0.39597437
ATAGGCTAGCTTCGCA-1,0.02353564,0.1391566,0.92314327
ATAGGGATATCCTTGA-1,0.056044426,0.7678824,0.9311135
ATAGGTTGGGCAGATG-1,0.21736147,1.0933132,1.3425599
ATAGTCTTTGACGTGC-1,-0.15643138,-0.38015687,0.94080424
ATAGTGAAGCGTTCTC-1,0.2512377,0.8996738,-0.5585736
ATAGTTCCACCCACTC-1,0.29234537,0.93128926,0.8527896
ATATAAAGCGCTCGTG-1,-0.12131731,-0.46811062,-0.52258724
ATATAAATGTAGCTGC-1,0.245984,0.73129684,-0.97446525
ATATAACACGGGCGCA-1,-0.45141298,-1.1586785,-0.17860788
ATATACGCTCGTGACG-1,0.3168306,0.8883456,-0.7317919
ATATAGAGTATTGGTC-1,0.10703817,-0.4855536,-0.6484371
ATATCAACCTACAGAG-1,0.33948505,0.9386535,0.419981
ATATCGGTAGGGAGAT-1,0.37587935,0.7499169,0.29735214
ATATCGTTCCTCGAAC-1,0.26184642,0.54599476,-0.929544
ATATCTCCCTCGTTAA-1,-0.098952174,-0.5561985,-0.0047338163
ATATCTTAGGGCCTTC-1,0.30615973,1.0182136,-0.13892946
ATATGGGATAGCAACT-1,0.0,0.0,0.0
ATATGTCTAGAGCGTG-1,0.0,0.0,0.0
ATATGTCTCCCTAGCC-1,0.3156027,0.77147466,0.8678374
ATATGTGCACAAACCA-1,-0.34309727,-1.1259005,-0.0859655
ATATTCAGTTAAACCT-1,0.32566902,1.0636542,-0.5430184
ATATTCCACATAGTGA-1,0.2492399,0.8174599,-0.24710956
ATATTCCCACAGGTCA-1,-0.18547083,-0.12271351,0.95764494
ATATTGCTGTCAAAGT-1,-0.11074281,0.115528874,1.5381095
ATATTGGAGAGGCCTT-1,-0.12623131,-1.0592299,-1.154685
ATATTTAACCCTCAAG-1,0.19191118,0.98541856,1.0725192
ATCAAACACTGTTCCA-1,0.3040389,1.0710232,0.278882
ATCAAACGAAGGTTTG-1,0.28597295,0.57341576,-1.7827457
ATCAAGATCCCAGGAC-1,0.0,0.0,0.0
ATCAATCTGGGCTGCA-1,0.2645608,1.1999452,0.9414222
ATCAATGCCGTGGCTG-1,0.20047845,-0.09469259,-1.3313233
ATCACATTAGAATATC-1,0.1611628,0.56028724,-0.0035485472
ATCACGTGCTAATTAA-1,0.21319409,0.5305898,-0.30171856
ATCACTTCATCCTCGC-1,0.19115455,0.897936,0.9411939
ATCAGACGGCACGCCG-1,0.35671496,0.96690154,-0.59783006
ATCAGCCTCATGCTGC-1,0.26042044,0.22767647,-1.391733
ATCAGCTCGTCCACTA-1,0.2374916,0.57117254,-0.97098154
ATCAGGTCGCCATTGC-1,-0.46456516,-1.9707887,0.7813118
ATCAGTAGGCAGGGAT-1,0.14931415,0.04788402,0.5866967
ATCATAGATCGACGAG-1,0.0,0.0,0.0
ATCATAGCCCTATGTA-1,0.33863336,0.94697684,-0.60617113
ATCATCCAATATTTGT-1,0.26185572,0.8637135,-0.36333406
ATCCAACGCAGTCATA-1,0.15972021,0.85138917,0.73364633
ATCCAATGGAGGGTCC-1,0.23963961,0.84231544,-0.6498244
ATCCAATGGTACCGAA-1,0.18200779,0.3950917,0.4890454
ATCCACATCGACAGAA-1,-0.026185416,-0.07619721,-0.035463277
ATCCACGCTAAATGTT-1,0.01139519,-0.27792275,-0.18358132
ATCCACTTTCAGACTA-1,-0.57757205,-2.3373268,0.09788371
ATCCAGAGCAACAACC-1,0.21573131,0.27512702,-1.060123
ATCCAGGATTCGTGAA-1,0.27468693,0.9853743,-0.3255365
ATCCCATCCACAGCGC-1,0.13590659,-0.060562164,-0.52652115
ATCCCATTTCCGTGGG-1,0.0,0.0,0.0
ATCCTACCTAAGCTCT-1,0.27109182,0.8552749,-0.05525656
ATCCTGAATCGCTGCG-1,0.13380983,0.84001535,-1.1074921
ATCCTGCGTGGAATGG-1,0.35535678,0.825895,-0.10821649
ATCGACCCAATACAGA-1,0.3062757,1.2557822,-1.0280286
ATCGACTCTTTCCGTT-1,0.0392438,0.5409705,1.3132343
ATCGCACGCCGGGAGA-1,0.21572928,1.1181573,1.5567791
ATCGCCAGTCAACATT-1,0.32839113,0.9412951,0.113716915
ATCGCTGCGTGCAGCA-1,-0.09603296,-1.267982,0.9339067
ATCGGAGACAGACGGC-1,0.33211428,1.0169258,-0.84923345
ATCGGCAAGCAGTCCA-1,-0.051061936,-0.1348042,0.3847644
ATCGGTTACCTAGTAA-1,0.25144443,0.60896593,0.62928164
ATCGTATTCCGAGAAC-1,-0.10853579,-0.3132061,-0.0802903
ATCGTGGAAAGTCTGG-1,0.11779615,0.36545655,-1.4133186
ATCGTTAGCTAGCGGA-1,0.24099723,0.6170191,-0.6454222
ATCGTTCACTTTCGCC-1,-0.46538943,-1.6380614,1.1443007
ATCTAATATCCTACGG-1,0.038923476,-0.42726865,-1.8259282
ATCTACCATCTGCTCC-1,0.0,0.0,0.0
ATCTAGCTTGTGAGGG-1,0.0,0.0,0.0
ATCTCCCACGGAATAT-1,0.24051991,0.52022135,-0.69361365
ATCTCCCTGCAATCTA-1,-0.064521685,0.105981395,0.7469765
ATCTCGTGAGCGAAAC-1,0.27838597,0.6646853,-0.12500219
ATCTGACATGGAAGGA-1,0.0,0.0,0.0
ATCTGATAGTGTCTTA-1,0.015682852,-0.15296629,0.20206536
ATCTGCACCTCTGCGA-1,-0.29253212,-1.0149834,1.4811653
ATCTGCTGTTATCGCC-1,0.0,0.0,0.0
ATCTGGGCTGTTCTTG-1,-0.038792357,-0.11692299,-0.0677646
ATCTGGTTAAGACTGT-1,0.013666507,0.44261417,0.91176856
ATCTGTAATTGTACCC-1,0.15188943,0.6299427,1.1579467
ATCTTAGGGCATTAAT-1,0.17361838,0.15553913,-0.7405765
ATCTTATCGCACACCC-1,0.1251551,0.43365622,-0.73493963
ATCTTGACCTGCAACG-1,0.0974951,0.8421251,0.16425978
ATCTTGACTTGTCCAA-1,0.03554678,-0.37126505,0.81367046
ATCTTTCGTATAACCA-1,-0.10023554,-0.47850934,0.27511802
ATGAAGCCAAGGAGCC-1,0.16451237,0.7901235,1.0881805
ATGAAGTGGACCCAGC-1,-0.19573008,-0.5991008,-0.21139179
ATGACGCCGGCTCTAA-1,0.20103624,0.7605257,1.3524897
ATGACGCGTTCTATCC-1,0.1421233,-0.044721838,-1.1586502
ATGACTATCAGCTGTG-1,0.0,0.0,0.0
ATGACTATGCGACATT-1,0.24748339,0.67054385,-0.5619465
ATGAGGAGTGTTAATC-1,0.15053336,0.768596,1.0637988
ATGAGGGCAGCGGCTA-1,0.02557002,-0.42950493,-0.112360105
ATGATCGGGAATAGAC-1,0.22661677,0.6516718,1.1008078
ATGATGCAATGGTACA-1,0.29644278,0.88673383,-0.2186266
ATGCACGCGCTGTTCA-1,0.2286867,0.058574215,-0.97148496
ATGCACTACCGCATTG-1,0.11873774,0.38360435,0.2313203
ATGCATGATCCAGGAT-1,0.043522753,0.6049862,1.749931
ATGCCAATCGCTCTGC-1,-0.04624554,-0.62879336,1.1207497
ATGCCATTTGCGACCA-1,0.26129967,0.96320236,0.16520022
ATGCCGGTCTTGCATA-1,0.16090009,0.8711504,1.130806
ATGCCGGTTGATGGGA-1,0.16855732,0.5881822,0.17913453
ATGCGACAATTGGTCC-1,-0.2559814,-1.2753711,0.7552811
ATGCGACAGTCCCATT-1,0.19443007,1.0408047,0.9564284
ATGCGAGTCCCACCAC-1,0.3146784,0.85215914,0.15235122
ATGCTCAGTGTTGCAT-1,-0.019575182,-0.07042239,0.99884415
ATGCTCTGGCGCGGTA-1,-0.16123155,-0.5508734,-0.5139326
ATGCTTAGGAGTTGAT-1,0.4081223,0.8457959,-1.4847012
ATGGAAATTTAAGGAG-1,-0.035542715,-0.38198665,-0.6481269
ATGGAACCTTTGCACA-1,-0.26767397,-1.3849881,0.9523816
ATGGACTGCTTAGTTG-1,0.0,0.0,0.0
ATGGAGCAGGCCGTGA-1,0.24604446,1.1762766,-0.022445155
ATGGATCCGGCGTCCG-1,-0.09300211,0.025247809,0.57493603
ATGGATTGACCAAACG-1,0.20209746,0.8780383,0.87576866
ATGGCAGCATTACGAT-1,0.04098831,-0.0666664,-0.71370953
ATGGCAGCCGAGAAAC-1,0.22010268,0.5669824,0.58222014
ATGGCTGGAAATGGCC-1,-0.43459663,-1.6178296,0.95885235
ATGGGACCTGCTGAAC-1,-0.49450096,-1.7588968,-1.4981866
ATGGGCCTCGGCCTCT-1,0.28545594,0.99305016,-0.077322245
ATGGGTGTATACCTCC-1,0.042700715,0.121146016,-1.3340248
ATGGTATTGGGAACCG-1,0.0,0.0,0.0
ATGGTATTTACTGATT-1,0.27496922,0.44216082,-1.0075644
ATGGTCGCGTGGTTTC-1,0.26663435,0.6656377,-0.40117937
ATGGTTACGAAACATG-1,-0.61319816,-2.6651971,-0.04591423
ATGTAAGGCTGCTCTT-1,0.030469235,-1.0306051,-0.023253644
ATGTACATGCGGTGAG-1,0.35378206,0.8628927,-2.0590384
ATGTACGATGACGTCG-1,0.0,0.0,0.0
ATGTAGCGCGCGTAGG-1,0.0,0.0,0.0
ATGTCTTGTTTGACTC-1,0.0,0.0,0.0
ATGTGAAAGCCTAATG-1,0.27295092,0.5694908,-0.54942113
ATGTGCATCCGACGCA-1,0.16993868,1.0005597,1.4500575
ATGTGGACATCTTGAT-1,0.2315893,0.75845003,-0.5961926
ATGTTACGAGCAATAC-1,-0.14140217,-0.48488253,1.2276855
ATGTTCGTCGACCCAC-1,0.32732478,0.76693916,-0.10544486
ATGTTGATTAGAGACT-1,-0.05344432,-0.06691409,0.012853407
ATGTTGTAGTCTGTTT-1,0.0,0.0,0.0
ATGTTTGTAAGATCAT-1,-0.028987583,-1.7880045,-1.3852892
ATTAAACATGCGGACC-1,0.25218707,0.8237059,-0.39487895
ATTAATACTACGCGGG-1,0.13433836,0.64163136,1.26712
ATTAATGAACCAGTCG-1,0.118679516,0.68967414,0.8577839
ATTAATTCGGTCACTC-1,-0.24547558,-0.51456076,1.426077
ATTACAACTACCGGCC-1,-0.18737768,-0.3888584,0.36056864
ATTACATGTCAGTCTT-1,0.3233207,0.947952,-0.41843772
ATTACCACACTGCCTG-1,0.31743246,0.5181282,-0.20788571
ATTACGACTCCACAGT-1,-0.25613683,-2.0116985,-0.009466507
ATTACGCGCTGGCAGG-1,0.16754575,0.2823087,-1.108253
ATTACTAGCCTCTTGC-1,0.027318507,0.35106313,0.5277168
ATTACTTACTGGGCAT-1,-0.13227612,-0.8914035,0.18647249
ATTAGATTCCTCAGCA-1,0.010353212,-0.9481071,0.23607339
ATTAGATTGATAGCGG-1,0.2194502,0.8039673,1.0041194
ATTAGGCGATGCTTTC-1,0.23335077,0.8782324,0.43334967
ATTATACTTTGCTCGT-1,-0.14161766,-0.2541373,0.646851
ATTATAGCTACTTTAC-1,0.01911333,-1.0586046,0.25965688
ATTATCGGAATGTACG-1,0.0,0.0,0.0
ATTATCTCGACAGATC-1,-0.19618574,-0.57281643,0.30816653
ATTATGAGACCCAATT-1,0.19481109,0.16002,-0.55661124
ATTATGCCATAGGGAG-1,0.26925203,0.90711725,0.88648856
ATTATTATGTCCGTCA-1,-0.025165487,-0.08610075,0.025076697
ATTATTCAGAGTCACT-1,-0.16244578,-0.41010556,-0.3183735
ATTCAACCATTTAAGG-1,0.25534832,0.6142916,-0.68636656
ATTCACTGATGTTGGA-1,0.20264317,0.05199526,-1.8383198
ATTCAGGACCTATTTC-1,-0.041634314,-0.29931316,0.10161654
ATTCAGTAGCAGGGTC-1,0.1237923,0.5983653,1.1731029
ATTCATATACTGTCCA-1,0.17999092,0.46080545,-0.46745098
ATTCATCGTTGAGGCA-1,0.05910929,-0.5871669,-1.1896019
ATTCCCACATAAACAA-1,0.06657479,0.53500795,1.3907316
ATTCCTAAGACGTGGA-1,-0.19982983,-0.7650496,1.1331007
ATTCCTCCGCCAGTGC-1,-0.050440915,0.46793666,1.2542784
ATTCCTTCCAGGCGGT-1,-0.27815294,-0.711171,-0.07315377
ATTCGACGCCGGGCCT-1,0.34737253,1.1434424,-1.741747
ATTCGCAGAGGACACT-1,-0.16485614,-0.5297989,0.090245545
ATTCGCGCCTTGAGAG-1,0.148943,0.30100453,-1.192579
ATTCGTGCTATCTCTT-1,0.23629475,0.7427703,-0.08557625
ATTCTCGTCTCTTTAG-1,-0.121386714,-0.5109818,0.47515592
ATTCTGAGTATGAACT-1,-0.063685685,-0.64276737,-0.02346388
ATTCTTCGTACTTATG-1,-0.2432233,-0.6479705,0.17531337
ATTGAAGATCTTAGTG-1,0.20386171,0.89478296,0.544229
ATTGACCGGCGATGAC-1,-0.027628522,-0.3075597,0.752975
ATTGACGTAACTCGGT-1,-0.09022567,-0.28314248,0.54019207
ATTGATAGCAACGAGA-1,-0.15206976,-0.44838217,-0.10433653
ATTGATCACCACATTT-1,-0.019931635,-0.45796815,-0.429831
ATTGATGAGTCCTAAC-1,0.13886863,-0.10904806,0.24576683
ATTGCCTATTAGACCG-1,-0.18054187,-0.6734489,-1.031653
ATTGCCTTTATGTTTG-1,-0.22226977,-1.061521,0.03224379
ATTGCGATCAGTAACT-1,0.32907537,0.8993879,-1.0623338
ATTGCTGCTCCTCCAT-1,0.28215945,0.85911727,-0.7964583
ATTGGATTACAGCGTA-1,0.284438,0.8967253,-0.2888748
ATTGGGAATATCTTGG-1,-0.0017679966,0.017060231,0.66888636
ATTGGGAGTTCTGTAA-1,-0.54169244,-1.8095777,0.17199416
ATTGGTAGGATCCGCT-1,-0.06415502,-0.17136957,-0.04931397
ATTGGTTGTGCATTAC-1,-0.41344535,-1.6296357,-0.75052726
ATTGTACAACTCGGCT-1,0.28763676,0.9782782,0.5200176
ATTGTCGCAATACCTT-1,-0.21609364,-0.4904481,1.1431407
ATTGTCTGTTTCATGT-1,0.0,0.0,0.0
ATTGTGACTTCGCTGC-1,-0.23433831,-1.3773974,0.9282862
ATTGTTCAACGATCCG-1,0.10323273,-0.53393257,-1.112239
ATTTAACTCGTATTAC-1,0.08251567,0.44570616,1.1683081
ATTTACAGTTTACTGG-1,0.21226671,0.78387976,0.6569678
ATTTACTAAGTCCATT-1,0.1429921,-0.4736644,0.3354443
ATTTATACTGGTAAAG-1,0.0,0.0,0.0
ATTTCATTATTTCGCG-1,-0.11050249,-0.15251957,1.4268183
ATTTCCGGGTTCTGCG-1,0.16762707,0.30780995,-0.9111069
ATTTGCGCGAGTAGCT-1,0.11585626,-0.54249966,-1.0114889
ATTTGTCTTGGGAGCT-1,0.26856294,0.9498528,0.43954837
ATTTGTTCCAGGGCTC-1,-0.12535454,0.3189831,1.5184307
CAAACCAGGTCTGCAT-1,-0.21506853,-0.7672056,-0.24401009
CAAACCCTCCGGCGGG-1,0.0,0.0,0.0
CAAACGAGTATCGCAG-1,0.22051154,0.40084955,-0.6308825
CAAACGGTCGCACTTT-1,0.24144155,0.9159799,0.43203625
CAAACTACGATAGAGA-1,0.09601841,0.43058062,0.91802734
CAAACTATTGAGCTTC-1,-0.13105454,0.09844547,0.96380126
CAAACTCGCGACGCCG-1,0.2002479,0.5680838,0.029826393
CAAAGATTATTGGGCC-1,0.26842782,0.4552331,-0.7940028
CAAAGGTTAAATTCAG-1,-0.5213082,-2.6042979,-0.041258175
CAAATCTCTCACAAGG-1,0.21589065,0.3986532,-0.8297161
CAAATGTCCTTCCGTG-1,0.32711187,0.92533416,-0.44755626
CAAATTGGATTATGCC-1,-0.25569364,-1.1302522,-0.13617165
CAAATTGTCAGCAAGC-1,-0.053039014,0.0022840966,1.1554768
CAACACATCTCCTGCC-1,-0.081073165,-0.6909484,0.18651426
CAACCAGTGGCCTACC-1,-0.023637382,-0.6860418,-1.1466181
CAACCTACCGAGCAGT-1,0.32214454,0.8617917,-0.8975089
CAACCTGAACCTGCCA-1,-0.1418252,-0.5001785,-0.054918848
CAACGACCCGTTTACA-1,0.27020344,0.8812024,1.0108191
CAACGCGATGAGCCAA-1,0.0,0.0,0.0
CAACGGTTCTTGATAC-1,-0.08714608,0.3590245,1.4678134
CAACGTGGTGGAGTCT-1,0.40636212,0.76979476,-1.5475034
CAACTATATCGAATGC-1,-0.010844566,-0.10937725,1.2642039
CAACTCCGTAACTTGC-1,-0.44880894,-1.6543916,-0.09952707
CAACTCCTTGATCCCG-1,0.11096253,0.6604533,0.76134515
CAACTGAGGGTATGAC-1,-0.21812683,-0.91473746,0.01837055
CAACTGCTCATCCGAT-1,-0.13994639,-0.30269736,-0.19838785
CAACTTGTAGTGGGCA-1,-0.01927317,-0.07698946,0.047702137
CAAGAAACCCTAAACT-1,-0.20631945,-0.79942626,-0.049125876
CAAGAGGGCGGAGTAC-1,0.25062963,0.8341704,-0.63500583
CAAGATATTATAACGT-1,0.28909564,0.94683164,-0.09874779
CAAGCAACGTCGGAGT-1,0.28672293,0.971351,-0.16574837
CAAGCACCAAATGCCT-1,0.15848666,0.77128273,0.86716557
CAAGCGGCACATAATT-1,0.25306538,0.6768297,-0.7630121
CAAGGATCGCATGTTC-1,0.28011206,0.9853072,-0.63986105
CAAGGCCAGTGGTGCA-1,0.010719458,-0.022655724,-0.9851498
CAAGGTCCTATAGGCT-1,0.18936849,-0.40637466,-0.06221092
CAAGTAAGTGATAGAC-1,0.0,0.0,0.0
CAAGTGTGGTTGCAAA-1,0.26646683,1.056894,0.65034705
CAATAAACCTTGGCCC-1,0.12189595,0.6237784,0.851797
CAATACGAGAGTCTGA-1,0.042650655,-0.4866896,-0.33634079
CAATACGCTCTGAGGC-1,0.2226894,0.45049837,0.22532536
CAATATGTAGATTTAC-1,-0.2018768,-1.880982,-0.63558346
CAATATTCTTGACCTA-1,0.20669112,0.39384753,-1.4751755
CAATCCCTATACCAGC-1,-0.13934346,-0.31856826,0.5878277
CAATCCTGCCGTGGAG-1,-0.24533555,-0.66246265,1.068377
CAATGACCCTTAATTT-1,0.0,0.0,0.0
CAATGAGGTTCGACTA-1,-0.12845784,-0.5593576,0.3394464
CAATGCGAGAAGTATC-1,0.19868937,0.47407842,-0.67974585
CAATGGAATCTACATA-1,-0.38026515,-1.2113571,0.5121845
CAATGGATCTCTACCA-1,-0.0044350056,-0.02732126,0.9590612
CAATGTGCCAACCCTT-1,0.29578903,0.10468395,-0.112116605
CAATTAAGGGTGATGA-1,0.2051326,0.98750734,1.307025
CAATTTCGTATAAGGG-1,0.2980521,1.0100217,-0.5757354
CACAAGAAAGATATTA-1,-0.39558953,-1.9100735,1.1287147
CACAAGCTAAGAAAGG-1,0.24448824,0.5756196,-1.0757762
CACAATGAGCTGCTAT-1,0.27437726,0.99861205,-0.31232518
CACACACGCTAACGAG-1,0.30180213,0.9856711,-0.13628668
CACACAGCTTGCGCTC-1,0.34576896,0.81387764,-0.095299505
CACACAGGGATAGATT-1,0.1676565,0.7995401,1.4266044
CACACGCGCTGTCTTA-1,0.1519364,0.82197106,1.6924441
CACACGTTTCAATGGG-1,-0.22324944,-1.0675379,0.24640685
CACACTTGTATTGCGA-1,-0.21533099,-0.9039227,0.2603165
CACAGAGACGAGGACG-1,0.08558279,0.21497141,-1.0971438
CACAGCACCCACGGCA-1,0.2875333,1.0275838,0.60420537
CACAGCTAGGGAGTGA-1,0.19293772,0.71682763,1.6568797
CACAGGGCCATATAGT-1,0.27933276,0.7180378,-0.85427064
CACAGGGCCGTTGTCA-1,0.0,0.0,0.0
CACAGTCCCGCTTCGC-1,0.039534714,-0.209301,-0.6564201
CACAGTTCGCTTCCCA-1,0.4969742,1.021233,-1.9748822
CACATATTAGCAGGAT-1,0.26766518,0.9252947,-0.52452666
CACATCGTGCACGCGC-1,-0.037891142,-0.10125674,-0.055703633
CACATCTCACCGACGA-1,0.09839853,0.20526457,-0.58295846
CACATGATTCAGCAAC-1,0.3121708,1.1162485,-0.60606015
CACATGTTTGGACATG-1,-0.40539283,-1.1317365,-0.577197
CACATTCTTTCGATGG-1,-0.121313974,-0.3771399,0.1336076
CACATTTCTTGTCAGA-1,0.27945116,0.93349975,-0.068655945
CACCACGCCACACAGA-1,0.1346774,0.049123645,0.30085275
CACCAGTCAGCATGCA-1,0.20064342,0.41147935,-0.6389218
CACCATCGGAGGAGAC-1,-0.2995222,-0.6176663,0.78111666
CACCATGATCGCAAAG-1,0.17943902,0.12829751,0.9074522
CACCCAAATCTTATGT-1,0.3368756,0.87960416,0.24348573
CACCCACACGTCACCC-1,-0.09694802,0.17103909,1.0781935
CACCCACGAGGCAATT-1,0.099463046,0.19557464,0.5704201
CACCCGGTTTGTGACT-1,0.32996404,0.8506736,-1.450038
CACCCTAACAAGATCT-1,0.2871218,0.6393766,-1.0264765
CACCCTTGGTGAGACC-1,0.062240984,-0.028383102,-0.57607186
CACCCTTTCCTCGCTC-1,-0.033617508,-0.12492751,0.07505421
CACCGATACACCGAGC-1,-0.06699263,-0.21226777,0.0518985
CACCGATGATGGGTAC-1,-0.07961346,-0.73877376,-1.0755427
CACCGCCAGAAGGTTT-1,0.25351498,1.0943958,1.1157856
CACCGCCGACCAGCGA-1,-0.19003281,-0.5449027,1.0634
CACCGCGTCCACTCTA-1,-0.11150728,-0.7280765,1.1118563
CACCGGAGATATCTCC-1,-0.24969426,-1.3265132,0.30642807
CACCGGGCATCACAAG-1,-0.006221603,-0.023120373,0.0138903055
CACCGGTAGAGACATT-1,0.1960137,0.5438607,-0.84028685
CACCGTATCCCATCCG-1,0.24824335,0.6770607,-0.6209443
CACCGTTAGGGATCAC-1,0.33127287,0.88299894,-1.402285
CACCGTTGCGCGATAT-1,0.3721954,0.84354097,-1.5456072
CACCTAATAGAGTCGT-1,0.018486708,0.18645306,1.2727501
CACCTAATCAGTTTAC-1,-0.11796099,0.4815781,1.2907732
CACCTCGATGGTGGAC-1,-0.09298611,0.12141244,1.4573786
CACCTTGCGAAACTCG-1,0.20773095,0.5040131,0.9471476
CACCTTGGCGCCTTTG-1,0.24061319,0.8674589,0.017616326
CACGAAAGTTAGTCCC-1,0.32963875,1.2902066,-0.30622104
CACGACGTAATAGTAA-1,-0.13910307,-1.4673339,-0.176668
CACGAGCAAACCAGAC-1,-0.24008091,-0.693576,-0.33634284
CACGCACAGCGCAGCT-1,0.22710711,0.9321882,0.71520734
CACGCAGCGAGGCTTT-1,0.3117564,1.147175,0.18668759
CACGCGGAACTGTTGC-1,0.25338674,1.0802892,0.6745958
CACGGACGTGGATGGC-1,-0.4311538,-1.5288625,-0.14674556
CACGGCGCGCCAAAGG-1,0.003690238,-0.42226398,0.79106385
CACGGGATTGAGGGTT-1,0.09852124,0.04157721,0.27347395
CACGTCAATCAATGGA-1,-0.055072583,-0.6230654,-0.9677257
CACGTCGGCAACCTCT-1,0.2916171,0.67820776,-2.1032224
CACGTCTATGATGTGG-1,-0.34817365,-1.5697684,0.8592268
CACGTTCGTGCTCTAG-1,0.15787272,0.85225594,1.2290645
CACGTTTCGTACACAC-1,0.30481213,0.7686496,-1.0028491
CACTAAAGTTGCCTAT-1,0.35972944,1.0487301,-0.94050294
CACTACGGGAGCTGCC-1,0.21375251,0.49064192,-0.68599105
CACTCAAGAGCTATGG-1,0.24717006,0.891665,-0.33592585
CACTCAGCTCTTGAGG-1,-0.30482128,-0.642965,1.0167824
CACTCCTATGTAAGAT-1,0.067723446,0.20333305,-0.55958235
CACTCCTCTCGGTCGG-1,-0.29237726,-0.44403195,1.2992557
CACTCGAGCTGAACAA-1,0.28374794,0.9945444,-0.38861105
CACTCGGTTAGGAGGA-1,0.34557977,0.89349455,0.05968627
CACTCTCAAGCATCGA-1,0.0,0.0,0.0
CACTCTTCTGCTAGCC-1,0.27546284,0.69491583,-0.77488583
CACTGACGATTGTGGA-1,0.0,0.0,0.0
CACTGTCCAAGTGAGA-1,-0.030775521,0.22314562,0.9490837
CACTTAATCAGACGGA-1,0.3711826,1.168141,-0.9310387
CACTTCGCCACAGGCT-1,-0.01416259,-0.033392385,0.69941956
CACTTCGTCTTATCTC-1,-0.09801263,-0.3252826,-0.12205988
CAGAACTTAGCCCTCT-1,0.21570058,0.58359647,-0.4926086
CAGAATAACACACGGA-1,0.4526752,1.05277,-1.7028058
CAGACACCGATCGCTG-1,0.09078577,-0.60549015,-1.2492768
CAGACCTGTAAGTGTT-1,0.119122125,0.10802753,0.2690001
CAGACGAACCTGATAC-1,0.22325008,0.2980156,-1.2045443
CAGAGACGGTCACCCA-1,0.3194944,0.9132072,-1.2740958
CAGAGCATGAGCTTGC-1,0.14637175,0.4885746,1.1674391
CAGAGGCGATGCATGA-1,0.16719924,0.07310382,-0.73188835
CAGAGTGATTTAACGT-1,-0.21033584,-0.43526676,1.0636885
CAGATAATGGGCGGGT-1,-0.100731514,-0.25863627,-1.0572335
CAGATACTAACATAGT-1,0.068475,0.5960448,0.7725175
CAGATATGAAGATGAC-1,0.0060386737,0.0014989098,-0.8570435
CAGATCATTTAAAGTC-1,-0.1733207,-1.5818757,1.1838124
CAGATCCTGGTTTGAA-1,0.22066417,0.66832095,-0.17556125
CAGCAGCCCGTTCCTT-1,-0.01968735,0.21200247,0.48667043
CAGCAGTCCAGACTAT-1,0.34588602,0.88522935,-1.0512402
CAGCAGTCTGTGCTGC-1,-0.068340585,-0.19199304,-0.087601244
CAGCCGGGCCCTCTAT-1,0.077529006,0.31145176,0.08877364
CAGCCTCCTGCAGAGG-1,0.09927657,0.78421557,1.1137325
CAGCCTCGATAGCGGT-1,-0.5365886,-2.360049,-0.72189367
CAGCCTCTCCTCAAGA-1,-0.22646283,-0.6474542,0.7734655
CAGCGATTCCCTTCAA-1,0.32327324,0.8021649,-1.2067726
CAGCGCCAACACGATA-1,-0.077785544,-0.341374,-0.041921243
CAGCTCACTGAGACAT-1,0.29338977,1.0089511,0.17127511
CAGCTCGACAAGTTAA-1,0.012027631,0.4181266,1.4632684
CAGCTCGTGCTTGTGT-1,-0.2860165,-0.6716449,1.3789709
CAGCTCTGGGCTCACT-1,0.0,0.0,0.0
CAGCTGGCGTAACCGT-1,0.27158755,0.9193886,-0.7209536
CAGCTTAGTAGGTAGC-1,0.23122272,1.1199005,0.48157212
CAGGAAGACTTTATAT-1,-0.018344054,0.15916373,1.2124223
CAGGATATATCGTTGT-1,0.15189087,0.50808173,-0.03645749
CAGGCAGTCTTACCAG-1,-0.19449462,-0.6990199,0.16452526
CAGGCCAGTACCACCT-1,-0.29974976,-1.0991697,-0.57757765
CAGGCCGTTTGGGTGT-1,0.2935034,1.092736,0.007542384
CAGGCGCACGGTGGTC-1,0.25540784,0.4844008,-0.72658306
CAGGCGCCATGCTAGG-1,0.2737714,0.8878143,-0.27429572
CAGGGAGATAGGCCAG-1,-0.29976898,-0.9242408,-0.45172906
CAGGTTTAGTACTACA-1,-0.22037548,-0.6800259,-0.057153907
CAGTAACTATTTATTG-1,-0.2424363,-0.90024126,0.02434224
CAGTAATCCCTCCCAG-1,0.0017440899,0.014048424,1.4093939
CAGTACATTCTCTAAA-1,-0.1065456,-0.5845344,0.08996376
CAGTACCAGTTTACGT-1,0.25219974,1.0339415,-0.7428484
CAGTAGCCCACGCGGT-1,0.055615548,0.45196122,1.3465657
CAGTCCAACGCCTTCT-1,-0.18794723,-0.6271765,-0.09443259
CAGTCGAGGATGCAAT-1,-0.13814582,-0.56491303,0.9846636
CAGTCTGTATACTGGG-1,0.21752654,1.1512285,-0.9314238
CAGTGAATAAATGACT-1,0.14739671,0.50560427,0.846493
CAGTGGTTGCACATGA-1,-0.06258458,0.041489754,0.8520066
CAGTGTCCGCAGAATG-1,-0.20552875,-0.28700364,1.1271964
CAGTGTCGGCTGGCCC-1,0.2722821,0.7805587,-0.5808174
CAGTGTTAATCTCTCA-1,-0.006515216,-0.31342283,-0.75236696
CAGTTCAAATTGACAC-1,0.05390719,0.46733367,0.94943106
CAGTTCCGCGGGTCGA-1,0.17983063,0.8025527,1.3414948
CAGTTCGAGGACCCGA-1,0.0,0.0,0.0
CATAACGGACAGTCGT-1,0.26693514,0.7653926,0.2464313
CATAAGAAGCTTGGCT-1,-0.28906748,-1.1346394,-0.73217314
CATAAGCTCTCCGTCT-1,-0.100506686,-0.7965152,-1.2247825
CATACAAAGCCGAACC-1,-0.1245313,-0.15922555,0.23131026
CATACACGGTTCCCAC-1,0.0,0.0,0.0
CATACCCGTACCCAGT-1,0.3302537,0.93830025,-1.1420674
CATACGAACTAGCTGG-1,-0.29196304,-0.8624685,-0.28495222
CATACGGCGTCTGGGC-1,0.287647,1.0211809,-0.35710025
CATACTATGTAATTGT-1,0.32922465,1.0079895,-0.8415763
CATACTTAGGCAATAC-1,0.35698938,0.30232668,0.008857229
CATACTTCTTTCTCCG-1,0.0,0.0,0.0
CATAGAGGAGATACTA-1,0.0,0.0,0.0
CATAGCCGCCCGGGAT-1,-0.06944851,0.29698366,1.4796045
CATAGCGTTGCCCACC-1,0.21428597,0.5376084,-1.3275762
CATAGGGACACTTGTG-1,-0.07540003,-0.20942128,-0.10251286
CATAGTACATTGAGAG-1,-0.18071993,-0.26523304,0.9431302
CATAGTAGCATAGTAG-1,0.12139305,0.37106127,0.53262174
CATAGTCAAATACATA-1,-0.5199402,-1.5209259,-0.21137471
CATAGTCCACAAGAAC-1,0.35063344,1.005752,-0.9212594
CATATACTACTGATAA-1,-0.3271409,-1.2676796,0.16421865
CATATAGGTACAGTCA-1,0.30862996,0.8746314,-0.7438701
CATATGTCAGGCTACG-1,0.3158144,0.91028446,-1.3350005
CATATTATTTGCCCTA-1,-0.34342173,-0.88300747,0.005839529
CATCAAACTGGCGCCC-1,-0.015849032,-0.38505375,0.591794
CATCAACACCTACTAA-1,0.06424681,-0.1403925,0.8449253
CATCATCTACCCGGAC-1,-0.1876794,-0.5391082,0.9290275
CATCATTACCCTGAGG-1,0.28524312,0.7595633,-0.67033005
CATCCAATATAGTTTG-1,0.05869684,0.27036974,-0.67265445
CATCCCGAGATTCATA-1,-0.15085849,-0.81115294,-0.9294268
CATCCGCAGGCCCGAA-1,-0.06280365,-0.19231178,0.040924147
CATCCTCTCAAAGATC-1,0.3373327,1.025662,-0.8627278
CATCGCCCGCGGCCAA-1,-0.101977475,0.096194,1.2248234
CATCGGACGGGTTAAT-1,0.29790372,1.0280044,-0.6387578
CATCGTCCGGTTACTA-1,0.13640714,0.5807402,1.3201977
CATCTACCCGAGAACG-1,-0.44824973,-2.235273,-0.02004222
CATCTAGTGAAGGGAA-1,-0.0051805554,-0.67884046,-0.29709175
CATCTATCCCGTGTCT-1,-0.38998443,-1.282837,0.12573649
CATCTGCAGGATCATT-1,0.052513752,0.14563036,0.40656674
CATCTTACACCACCTC-1,0.2698416,0.91986156,0.89049816
CATGAACCGACATTTG-1,-0.23099518,-0.50878716,0.79590416
CATGACTTCGCTGAAT-1,0.2905205,1.0756199,0.7393325
CATGAGATGCACTCTC-1,0.22120255,0.36302248,-1.1367887
CATGAGTCCATCACGG-1,0.0,0.0,0.0
CATGATCGCTTTGAGA-1,-0.17510211,-0.18904722,0.20130707
CATGATGCACAATTCT-1,0.10423477,0.970094,1.1075324
CATGATGGAAGTTAGC-1,0.2988192,0.797852,0.34698728
CATGCACATGAGAGGC-1,-0.4719808,-1.357631,-0.5781086
CATGCCAACTCGCAAA-1,0.20068575,0.6354894,-0.8326298
CATGCGACCAGTTTAA-1,-0.14232434,-0.5000196,0.6075872
CATGCGTTAGACAGAA-1,0.08770336,0.7959256,1.5497329
CATGCGTTGAGAGGAG-1,0.0,0.0,0.0
CATGCTGGCTCCAATT-1,-0.060772423,0.39093995,1.0360931
CATGGAAATGGGACCA-1,-0.19018652,-1.6292098,-0.22952999
CATGGATTGTCTTCCG-1,0.28870657,0.9466912,-0.1856254
CATGGCAGGAAGATCG-1,0.17358625,0.577447,1.1744579
CATGGGTATGCCTTAT-1,0.21168847,0.35580245,-0.8872803
CATGGGTCGGGTGTGG-1,0.19747032,0.5046132,1.1152258
CATGGTAAGTAGCGTT-1,0.22313465,0.65657204,-0.85619295
CATGGTATTAGTTTGT-1,-0.11377668,-0.95908976,-0.82436013
CATGGTCTAGATACCG-1,0.16273089,0.63547254,1.3858211
CATGGTTTATTAATCA-1,-0.44194695,-1.4661491,-1.1437525
CATGTAAGAGACATTT-1,0.32750043,0.96493316,-1.0588105
CATGTAGGAGCGCCAA-1,-0.3197529,-1.4569638,1.286998
CATGTCTCATTTATGG-1,0.25830078,0.7939399,-0.54452664
CATTACATAGATTGTG-1,-0.29156506,-1.2830821,0.8867624
CATTACGCAGGAAGGG-1,-0.2333685,-0.7005261,-0.24801666
CATTACGTCGGCCCGT-1,0.1448914,0.7651958,0.92158914
CATTATCCCATTAACG-1,-0.013354972,-0.013660677,-0.012417394
CATTATGCTTGTTGTG-1,0.19980516,0.73900306,0.76000077
CATTCCCATTCCGTCG-1,-0.19227338,-1.3392435,0.40589142
CATTCCCTAAGTACAA-1,-0.1737258,-0.48464367,-0.25549695
CATTCGTCGTAGCGGT-1,-0.57755375,-2.3642414,-0.7994591
CATTGATGAACACGCC-1,-0.30084348,-1.7304673,-0.20191774
CATTGCGAAATGGGCG-1,0.31467587,0.8752893,0.6441347
CATTGCGGGTCAATTC-1,-0.17913456,-1.467026,0.7449016
CATTGTGTGCTAGATC-1,-0.17801888,-0.4928047,-0.2365555
CATTTAGCGGACCATG-1,0.1663095,0.56332517,1.0043491
CATTTATCGTTCAAGA-1,-0.34214926,-1.0362222,-0.30766073
CATTTCTAGCAGACTA-1,-0.17290366,-0.34981933,1.5609646
CATTTGAGTGGTACGT-1,0.20726573,0.054808125,-1.6075692
CCAAACAGAACCCTCG-1,0.24975708,0.87152535,1.1386123
CCAAATAACAAGATTC-1,0.3575641,0.8838168,-0.5635695
CCAAATCAAAGGGCAA-1,-0.6367795,-1.8660231,-0.72064334
CCAACCTTATGTAACT-1,0.0,0.0,0.0
CCAACGATGCACTGAT-1,0.25883195,0.8764766,0.29343566
CCAACGCTTGCCAGGG-1,-0.5077322,-1.8742025,1.5061353
CCAAGAAAGTGGGCGA-1,0.11491623,-0.3314305,-1.3754258
CCAAGACTTCTGCGAA-1,0.18686956,0.86091524,1.507063
CCAAGCGTAACTCGTA-1,0.2420574,1.1711206,1.1121902
CCAAGGAACAGAGAGG-1,0.025722472,0.4106135,1.0245697
CCAAGGTTGCCCTTTC-1,-0.2517094,-1.1783228,-1.7373911
CCAAGTTTCTACAGAT-1,0.024413966,-0.021570796,0.12401327
CCAATAGATTTCATCT-1,-0.3039654,-0.86125666,-0.33742142
CCAATAGTGCCGTCGA-1,0.38044477,1.1094856,-1.1206509
CCAATCGGTAGATCGA-1,-0.1347021,-0.3030261,1.4517165
CCAATGTCACAGCAAG-1,0.33310497,1.0550203,-0.7929799
CCAATTACGGGTCGAG-1,-0.15485469,-0.23830432,0.71624756
CCAATTGAATGTTAAT-1,0.23857692,0.74106795,0.9383674
CCACAATGTACGTCTT-1,0.036074005,0.026338663,0.73940426
CCACACTGAGATATTA-1,0.33194196,1.1090906,-0.6060033
CCACAGTACCCATCCT-1,0.345472,0.8766427,-0.8030325
CCACATACTGCACCCA-1,0.21450013,0.4269383,-0.53872806
CCACCAACTTTACTGT-1,0.3861357,0.988699,-1.5226172
CCACCCAAGGAAAGTG-1,0.23139372,0.8975978,1.1506151
CCACCTGTATGGAATA-1,-0.2938413,-1.5744082,-1.3399844
CCACGAATTTAACCTC-1,0.3038518,1.0435625,0.29589885
CCACGAGAAGAGAATC-1,-0.16306366,-0.41314885,0.78647906
CCACGGAGCCATAAGA-1,0.30522946,0.7804301,-1.3327323
CCACGGCAGGTGTAGG-1,0.0,0.0,0.0
CCACGGTGCCCGGTAG-1,0.30230904,0.66388124,0.120906554
CCACGTAAATTAGACT-1,-0.026519032,-0.39937726,0.070741475
CCACTATCCGGGTCAC-1,-0.17265385,-1.1606598,0.2442211
CCACTCAGATCCGCAA-1,0.0,0.0,0.0
CCACTGGTGGCTGGTT-1,0.30317056,1.2985315,-0.97285813
CCACTGTTTGGATTAA-1,0.27034065,0.76754135,-0.79504037
CCAGAAACTGATGCGA-1,-0.083012044,-0.72734374,-0.8577835
CCAGAAAGCAACTCAT-1,0.36547863,0.9391248,-1.293068
CCAGAGACAAAGCCGG-1,0.06931987,0.5365493,1.393879
CCAGATAGTTGAGTGA-1,-0.049410228,-0.20488141,0.6383778
CCAGATGTAAATGGGT-1,-0.34836322,-1.9546851,0.35509416
CCAGCCTGGACCAATA-1,0.2963196,1.1352291,-0.489877
CCAGCGGGATCACCAG-1,0.0044159517,-0.27304432,-0.20258744
CCAGCTACGCCTCATA-1,-0.07249553,-0.1576204,0.059486106
CCAGCTCGAACGCATT-1,0.0,0.0,0.0
CCAGCTGATGGTACTT-1,-0.08051479,-0.23838174,-0.6583367
CCAGCTTCCGCCCGCA-1,0.028479334,0.03588684,1.0770099
CCAGGCGAGATGGTCT-1,-0.15201698,-0.4604401,-0.25530893
CCAGGCTGGCGTCTGA-1,-0.19642362,-1.3092576,-1.2955997
CCAGGGACGTGGCCTC-1,0.18249072,0.6097972,0.26737592
CCAGTAGTCTGATCCA-1,-0.034211904,0.18469502,1.890153
CCAGTCAAATCTCTTA-1,0.25010315,0.13491283,-0.19024484
CCAGTCCATTATTCGA-1,-0.33256537,-0.8897584,-0.29000926
CCAGTCTAGACGGCGC-1,0.20454107,0.40170273,0.74658674
CCAGTCTTGTCATAGA-1,-0.08925131,-0.22356007,-0.09685225
CCAGTGTACAGACCGA-1,-0.68838733,-2.040764,-0.6562207
CCAGTTCGGTAACTCA-1,-0.03135555,-0.11652174,0.07000417
CCATAAACAACCCGAC-1,-0.18018158,-0.35930657,0.8836787
CCATACCTTTACTTGT-1,-0.1912103,-0.9741504,1.0190036
CCATACTCGCCTCTCC-1,-0.12554358,-0.44790465,0.10956573
CCATAGGTTGGCGTGG-1,0.10800983,0.7676059,1.5651596
CCATAGTCAGTAACCC-1,-0.040551435,-0.10880966,0.010282845
CCATATGGAAACTATA-1,0.29266998,0.8159407,-0.60524637
CCATCCATACCAAGTC-1,-0.24608931,-0.5946478,0.66648674
CCATCGCAGTTAAACT-1,0.33410403,0.83077466,-0.810496
CCATCTCACCAGTGAA-1,0.31380633,1.0119365,0.9040719
CCATGCCCTAGATTTC-1,0.36905095,0.9675703,-1.0430654
CCATGCCTGTTTAGTA-1,0.3629391,1.273829,-0.3449122
CCATGCTCTGCAGGAA-1,-0.045546595,0.22119103,1.2195989
CCATGGCAAACGCTCA-1,0.0,0.0,0.0
CCATGGCCCTTGTACC-1,-0.0026807329,0.052762244,0.5521269
CCATGTTCATCTATAT-1,-0.12824526,-0.22445774,-0.22923179
CCATTAGCGATAATCC-1,0.37444633,1.2020682,-0.577607
CCATTCCCTGCCCACA-1,0.36418235,1.1447594,-0.83288056
CCATTGTTTCCTCCAT-1,0.0,0.0,0.0
CCATTTCTACCTATTA-1,0.2210977,0.41850817,-0.91697085
CCCAAACATGCTGCTC-1,0.1546653,0.7913933,1.4902819
CCCAACATACGTCGCG-1,0.2690325,0.9664464,-0.11748685
CCCAACCACACTAACA-1,-0.19852188,-0.511317,1.0743111
CCCAAGTCATTACACT-1,-0.1134058,-0.2646385,-0.16474436
CCCAATGAGATTTGCA-1,0.0,0.0,0.0
CCCAATTTCACAACTT-1,0.34667668,1.0417397,-1.3766485
CCCAGAGGAGGGCGTA-1,-0.15162954,-0.99620175,0.89340985
CCCAGGAAGAATTCGA-1,0.0,0.0,0.0
CCCAGGTCTGAAGGCT-1,0.42341435,1.1085596,-1.6249266
CCCAGTAAACTTGGGA-1,-0.14722541,-1.0069668,-0.27717328
CCCAGTTAAGGCGCCG-1,0.27312252,0.94101125,0.0070074727
CCCATATAGGTCGATT-1,-0.2645862,-0.6916783,0.11227483
CCCGAAGTTTCGCGAA-1,0.24980582,0.15202186,-0.8084802
CCCGACCATAGTCCGC-1,-0.09870911,0.14956619,1.0454242
CCCGAGTTTCTCCGTA-1,0.28725618,1.0014023,0.3176015
CCCGCAGCGCGAACTA-1,0.2625027,0.5370463,-0.7925068
CCCGCAGGGCCCAAAG-1,-0.06817515,0.0537308,1.2124784
CCCGCCATGCTCCCGT-1,-0.1003347,0.17845294,1.2588836
CCCGCGCAATGCACCC-1,0.08579149,0.23816802,1.1627513
CCCGGGTCGTTCAGGG-1,0.0,0.0,0.0
CCCGGTGGAAGAACCT-1,-0.04662016,0.34093213,1.3322484
CCCGGTGTATCGGAAT-1,0.12333471,0.55417305,0.05917553
CCCGTAAGTCTAGGCC-1,0.15163766,0.4501144,-0.7640537
CCCGTAGCTGGGAAGA-1,-0.26379538,-0.9298801,-0.42689028
CCCGTCAGCGTCTGAC-1,0.08361941,0.77678895,1.0957838
CCCGTTTCGCAGATGT-1,0.27088618,0.74171567,-0.64142257
CCCTACCCACACCCAG-1,-0.03928058,-0.1459723,0.087697536
CCCTACTTGAACAATG-1,0.0,0.0,0.0
CCCTAGTGTCAGGTGT-1,-0.2922963,-0.8219773,-0.33892104
CCCTATGTAGAGCAGA-1,0.25988165,0.56735766,-0.5937594
CCCTCAGATCGAGAAC-1,-0.23249356,-0.66712433,-0.28060925
CCCTCATTCTGGAATT-1,-0.13344797,-0.043128457,1.291513
CCCTCCTCGCTCGTAT-1,0.3033675,0.9216845,-0.46147183
CCCTCGATAATACACA-1,-0.083798476,-0.0864986,-0.043319702
CCCTGAAATGAGTTGA-1,0.29843184,1.0143654,0.27330357
CCCTGACTAACAAATT-1,0.23116113,0.6384913,1.0553468
CCCTGATGTAACTCGT-1,-0.1307809,-0.3623528,-0.17509274
CCCTGCCCAATCCGCT-1,0.22378941,1.0915718,-1.0512406
CCCTGCGCTACGCATA-1,0.26379383,0.5478354,-0.5929329
CCCTGGTATGGGCGGC-1,-0.057106987,-0.26218206,0.6804429
CCCTTTAATGGAGTTC-1,0.374754,0.9748589,-1.3794149
CCCTTTGACAGGTCTT-1,0.32144192,0.6255389,-1.6792387
CCGAAAGTGGTGAGCA-1,-0.046207104,0.016421668,1.4452802
CCGAACACTGGGCCTC-1,0.32776856,0.80379397,-0.87257487
CCGAACCTTCCCGGCC-1,0.29028147,0.6685447,-0.45666564
CCGAAGGGCGTACCGC-1,0.0013847006,-0.04446173,-0.034494337
CCGAAGTATATTGTTC-1,0.022117099,0.29414618,1.4402673
CCGACAAACACATGAG-1,-0.045448832,-0.19908808,0.19835998
CCGACAAAGGGAGTGC-1,-0.06443316,0.10066895,0.34740615
CCGACAATAGGCCGCC-1,0.30555224,0.86109954,-0.6679391
CCGACGGGCATGAGGT-1,0.05711292,-0.001006627,0.0131984595
CCGACGTAAACACAAC-1,-0.14143012,-0.27937245,0.6120631
CCGAGAAGTCGCATAA-1,0.25824744,0.8633124,0.090557784
CCGAGCTGTGCTTGTC-1,0.059018847,-0.44563076,0.8635163
CCGATATGACGTAAGG-1,0.24937408,-0.20630759,-1.403024
CCGATCTCAACCTTAT-1,0.33366895,1.010938,0.8066398
CCGATCTTAAGAGGCT-1,-0.0810027,-0.3054707,-0.00978653
CCGATTCGAGGGACCC-1,0.17437343,0.6676347,-0.47752488
CCGCACAAAGACCAAC-1,0.20071013,0.668394,1.0301954
CCGCACACGAACGTGT-1,-0.1214236,-1.4249543,-0.19945824
CCGCACGTGACCTCGG-1,0.16425183,0.90532184,0.84386617
CCGCACTTGCAATGAC-1,-0.15161565,-0.88598746,-1.7274194
CCGCATGTGGTACGAT-1,-0.13352603,-1.0420977,-2.2310464
CCGCCGGAACTTCTCG-1,0.11718847,-0.007921515,-1.5796193
CCGCCGGTCAACACAC-1,0.078656994,0.45036086,0.8938501
CCGCCGTTGAGGATAA-1,0.11134706,-0.12964328,-0.2807458
CCGCCTGCGAATTGGT-1,-0.16276993,-0.57725763,0.7226967
CCGCCTTGCGATGTCG-1,0.04441894,-0.58310634,-0.06861319
CCGCGATTTGGTAGGT-1,0.044426568,0.025511429,0.5419564
CCGCGGAATGCGTCAC-1,0.35579562,0.6427006,-1.5210899
CCGCGGGTACGAAGAA-1,0.21532135,0.9176823,0.76211804
CCGCGTAGGTAAGGGC-1,-0.03531241,0.29566747,0.527363
CCGCTATCAGCACCAG-1,0.2453619,0.83124876,-0.16017844
CCGCTCCAGGGCGATC-1,0.0,0.0,0.0
CCGCTCTTCCGAACTA-1,-0.0031075897,-0.4065811,-1.401892
CCGCTGGTGCCATTCA-1,-0.17341028,-0.62834674,0.14434999
CCGCTTACCTCACTCT-1,0.055795867,-0.22443664,-1.144982
CCGCTTGCTGACATGG-1,-0.24098335,-1.6281695,1.1429515
CCGGAATGGTTTCAGT-1,0.047470424,0.35409063,0.8408362
CCGGAGCGTACTTTCT-1,-0.23466729,-0.57876277,-0.31406564
CCGGAGGTCTTATGGT-1,0.018253963,-0.7126425,-0.30417684
CCGGCACGACCGTTTC-1,0.23305744,-0.071916945,0.06850095
CCGGCGCATATTGGAT-1,0.11503385,0.4910893,1.0036751
CCGGCGTGAGACTCTG-1,0.38700247,0.91148967,-0.9688379
CCGGGACCCGCAGAGA-1,0.18587032,0.6684669,1.1491325
CCGGGCGGTCTCGTCA-1,-0.016658252,0.56470203,1.2098324
CCGGGCTAAGAATTTC-1,-0.66051114,-1.696398,-0.7015553
CCGGGCTGCTCCATAC-1,0.21707693,0.9853563,1.0409296
CCGGGTTCGAGGTTAC-1,0.36166286,1.1762317,-1.169576
CCGGTAATGGCTAGTC-1,0.29416275,0.24363683,-0.16629712
CCGGTTTGTAATTGTG-1,-0.4488571,-1.3295761,-1.2236592
CCGTAAGTTGGTCCCA-1,-0.014921242,0.4600369,1.3244581
CCGTACCCAAGCGCCA-1,-0.06230552,0.03774323,0.3086229
CCGTAGGAAATCCCTG-1,0.2935747,0.81559366,-1.169185
CCGTAGGGTTGTTTAC-1,0.32174253,0.91395897,-0.8674149
CCGTATCTCGTCGTAG-1,0.10795835,-0.06602567,-0.45777586
CCGTATTAGCGCAGTT-1,-0.12348145,-1.0052863,1.4026943
CCGTCAACCTCTGGCG-1,0.28711244,0.59106064,-1.1921451
CCGTGAGGCATTCATG-1,-0.14175753,-0.9759909,0.51199925
CCGTGCCCATGACGGC-1,-0.02122645,-0.013211255,0.5930374
CCGTGGAACGATCCAA-1,-0.07265161,-1.1809313,0.56432575
CCGTGTTAAATTCCAT-1,0.10846073,0.024756648,-1.4475201
CCGTTACGTTAGAACA-1,-0.02418166,-0.0053268303,0.79179156
CCGTTCCGAATCTCGG-1,0.23402148,1.3818694,-1.0525968
CCGTTTCCTTTCCGTG-1,0.0,0.0,0.0
CCTAAAGGCTGACGCT-1,-0.001882798,-0.12223981,1.5040888
CCTAAATTAACGGTTC-1,0.24063517,1.0230557,-0.8194991
CCTAAATTGTATCCTA-1,0.3533554,0.853151,-1.0207397
CCTAACCCAAACAAGT-1,0.2337368,0.6072088,-0.50717485
CCTAACTAAGGCTCTA-1,-0.15391421,-0.11942973,1.1693456
CCTACAAGTCCGGAAT-1,-0.4103026,-2.0402293,0.72387356
CCTACATTCACAGACG-1,0.26138052,0.4105269,-1.359653
CCTACGGCTCAGTCGA-1,-0.22233783,-0.021566628,1.3059105
CCTACTCAACACGATT-1,-0.3363168,-1.1168923,-0.01409944
CCTACTGCGGCGGCCA-1,-0.10062614,-0.3483206,0.022141218
CCTACTGCTTACACTT-1,-0.026147326,-0.12827191,0.6626999
CCTAGGCGTAGCGATC-1,0.21827993,1.0357934,1.1612197
CCTAGGTAAAGGTAGC-1,-0.0080747185,-0.43164676,-0.36571857
CCTAGTTAGTCGCATG-1,-0.29367888,-0.49474886,1.201613
CCTATAATGAGTGCCC-1,0.22676112,0.5156832,-0.8089356
CCTATACCGTCCTGTC-1,0.023789061,0.15432155,-0.84885484
CCTATATCGTGTCACG-1,0.2227178,0.22344823,-1.1896672
CCTATATTTGTCCTGG-1,0.0,0.0,0.0
CCTATCTATATCGGAA-1,-0.09034195,-0.06217576,0.8060804
CCTATGAAGTGGTGCC-1,0.36542654,0.47194964,0.22237495
CCTATGGCTCCTAGTG-1,0.10629267,-0.12703827,-0.77976346
CCTATGGGTTACCGTC-1,0.14807193,0.76642233,1.82886
CCTATGGTCAAAGCTG-1,0.0,0.0,0.0
CCTATGTCCACTCCAC-1,-0.10153401,-0.850828,-1.5501506
CCTCACCAATCTTGAC-1,-0.20458566,0.080709115,1.7583406
CCTCACCTGAGGGAGC-1,-0.21527009,-1.0462165,0.97234404
CCTCACCTTAGCATCG-1,-0.037202816,-0.23366778,0.4763957
CCTCACGTCAGCTAAT-1,-0.19801368,-1.0831871,-0.9887563
CCTCATGCAGCTACGA-1,-0.08122524,-0.16537635,-0.010357286
CCTCCCGACAATCCCT-1,-0.21117805,-0.50374943,0.566665
CCTCCGACAATTCAAG-1,0.37403,1.5183986,-0.72335505
CCTCCTAGCTAGAGTC-1,0.29823467,0.62420213,-0.8808761
CCTCCTGAGCCCACAT-1,0.038400505,0.0011055876,0.38377
CCTCCTGTTGTGTCGT-1,-0.22343656,-0.92738646,-0.7983117
CCTCGAAGTGGACGGG-1,-0.057169195,0.07925009,0.625562
CCTCGCCAGCAAATTA-1,-0.15263285,-0.28838652,1.2202675
CCTCGCGCGATATAGG-1,-0.116457984,-0.22557518,0.86392194
CCTCGCGCTGTGCGAT-1,-0.3246123,-0.84092575,-0.34484974
CCTCGGACCGGGATAG-1,0.24320726,0.9144131,0.14247335
CCTCGGATGCTACCTG-1,0.15476036,0.18128185,0.1580023
CCTCGGTTTCCTTGCC-1,0.0,0.0,0.0
CCTCGTTACGCCTGTT-1,-0.22170155,-1.9698821,-0.5225138
CCTCTAATCTGCCAAG-1,0.1550522,0.8620454,0.9017332
CCTCTACAAGGATTGG-1,-0.24819435,-0.5633159,-0.45042753
CCTCTATCGATTAGCA-1,0.114811964,-0.11149297,-1.3761798
CCTCTCTCCCATCTAG-1,0.39513174,1.3679624,-0.59154564
CCTCTGGCCTAGACGG-1,-0.17044212,-0.27564356,0.63451093
CCTCTGTACTATTCTA-1,0.2580732,0.21591237,-1.1836585
CCTGAACGATATATTC-1,0.22340375,0.8776489,0.4460675
CCTGAATATTTACATA-1,0.18431287,0.95364934,0.7631107
CCTGACCACCGATGGT-1,0.10496684,0.4401706,0.11581548
CCTGAGAATAAATGCA-1,0.0,0.0,0.0
CCTGCCCGTTGTCTAG-1,0.31576076,0.71239334,0.590699
CCTGCGTTCTACGCTT-1,0.19079569,0.37242997,-0.15154055
CCTGCTATTTGAGAAG-1,0.12690869,0.39717415,0.6812556
CCTGGAAACGTTCTGC-1,0.2817507,0.52184176,-0.2285227
CCTGGCTAGACCCGCC-1,0.2511625,0.821878,0.26084813
CCTGGTCGAATGTGGG-1,-0.16805604,-0.52898276,-0.37714013
CCTGTAAGACATGATA-1,0.2602686,0.8866939,-0.44490826
CCTGTACTCACGCCCA-1,0.35608953,1.2260848,-1.3091092
CCTGTCACCCGGGCTC-1,0.15984707,0.86608255,1.6200182
CCTGTCCCTCACGTTA-1,0.27979568,-0.26028907,-0.27551895
CCTGTCGCCCGTAAAT-1,0.3054961,1.0366797,-0.28574526
CCTGTCGTGTATGAAG-1,0.032967146,-0.30719218,-0.67178416
CCTGTGAAACCGTAAC-1,-0.09388206,-0.24438494,-0.078578725
CCTGTTCAACCTCGGG-1,0.0,0.0,0.0
CCTGTTTGAAGACACG-1,0.29861128,0.8026002,-0.950492
CCTTCAGTTAAAGTGA-1,0.0,0.0,0.0
CCTTCCGCAACGCTGC-1,0.10369491,-0.35963523,-0.7609347
CCTTCGTATAGAATCC-1,0.0,0.0,0.0
CCTTCTCAGCGTTCCT-1,-0.17072454,-1.0246564,-1.0142287
CCTTCTTGATCCAGTG-1,-0.13508742,0.12783203,1.3324013
CCTTGACCACTTTATT-1,0.4324796,1.1933285,-1.4607773
CCTTGTGAACGTGGTT-1,0.0,0.0,0.0
CCTTTAAGGGAGCACT-1,-0.6265,-1.5397887,-0.73897916
CCTTTCAATGAAGAAA-1,0.051979836,0.26347142,1.0489318
CCTTTGAATTATGGCT-1,-0.12863444,-0.9142577,-0.66925937
CGAAACATAGATGGCA-1,-0.079846755,0.14687406,0.9352798
CGAAACGCAATTCATG-1,0.21945801,0.54487133,-0.8850696
CGAACAGTATGGGCGT-1,0.3980422,1.0096025,-1.3024397
CGAACATAGTCAGAAA-1,-0.53433025,-1.7665545,0.17119677
CGAACCCGCATGCGTC-1,0.26862803,0.61946744,-1.138827
CGAACCTCTTTCCTAG-1,-0.7083528,-1.8787053,-0.45327333
CGAACGCCCAGTGCCG-1,-0.108752735,-0.061943717,1.0202044
CGAACGGCCGGACAAC-1,0.31002608,0.916181,-1.1740487
CGAAGACGGTGAGTGC-1,-0.096034996,-0.28081384,0.09225377
CGAAGATCAGTTTCAT-1,0.0,0.0,0.0
CGAAGCTATAAATTCA-1,0.15567829,-0.043032296,0.6665758
CGAAGGGTTTCAGATT-1,0.26489022,0.60529506,-0.85391295
CGAAGTTGCTCTGTGT-1,0.37036133,1.3648525,-0.48858285
CGAATCTGCTCGACGC-1,-0.0032215186,-0.5435868,-0.88381755
CGAATGAAGTCATTGC-1,-0.03903834,-0.82493734,-1.3644567
CGAATGACGCATAATG-1,0.0,0.0,0.0
CGAATGGTAGGTCGTC-1,0.0,0.0,0.0
CGACAATTTGATCTAA-1,0.266223,1.0121689,0.17391446
CGACACCGCTTAAGGA-1,-0.30264562,-1.1050663,0.019133462
CGACACGCTCCGACAG-1,0.3254587,0.7512288,-0.6638864
CGACACGGATGCCCAC-1,0.0,0.0,0.0
CGACAGTTCGCGTTAT-1,0.2055561,0.6783782,-0.5654684
CGACATGCGATCTTCT-1,-0.16356328,-0.46589708,0.48753265
CGACCCTTAACGCCGG-1,0.32765126,0.79771894,-1.0115194
CGACGCATCCGTACCT-1,0.0152655365,-0.08676451,-0.3856565
CGACTCAGGATGTTAT-1,0.028186517,0.009381695,0.70366806
CGACTCGGTACACGGT-1,-0.15954201,-0.44964212,-0.15758975
CGACTTTGTATAGCCT-1,0.1711121,-0.32629454,0.18050736
CGAGACCCTAGAGTGT-1,0.2462329,0.8412818,-0.5366319
CGAGACTACTGCTGCT-1,-0.005387331,-0.015676646,-0.0072961366
CGAGAGATGTGAACCT-1,0.25908345,0.6470007,0.85008883
CGAGAGCGCGTAGATA-1,0.20081578,-0.0019687188,0.05809185
CGAGAGCTTTCACTAC-1,-0.39680156,-1.3977913,-0.211213
CGAGAGGGTAGCCGCG-1,0.2593393,0.82646304,-0.26161903
CGAGATTTCGCTCGGG-1,0.36579028,0.74616575,-0.42916498
CGAGCACTTCAAGTTT-1,0.025834791,0.42649233,1.2084838
CGAGCGTTGATCAGCC-1,-0.1592314,-0.35086593,0.82726026
CGAGCTGGGCTTTAGG-1,0.16408557,0.6460175,0.84874964
CGAGGAGCTTCCATAT-1,-0.35067293,-1.6810722,-0.23784114
CGAGGATCGGGAACGA-1,-0.277896,-1.1785301,0.84480786
CGAGGCCAGGCATTGG-1,-0.09978008,-0.18245569,0.45020863
CGAGGCTAAATATGGC-1,0.1746475,0.6166577,1.4125586
CGAGGGACTGCGGTCG-1,0.15540928,0.94092345,1.4820846
CGAGGGTATCCAGGTG-1,0.0,0.0,0.0
CGAGTACTAAAGAGGA-1,0.29307142,0.93531364,-0.26874542
CGAGTGAAGGTACCAG-1,0.24189053,0.60691214,-0.409819
CGAGTGCTATAGTTCG-1,-0.038817596,-0.09762686,0.121178605
CGAGTTCTGTCCCACC-1,-0.0041223415,0.020318689,0.6891599
CGAGTTTATCGGACTG-1,0.28156364,1.0115107,0.4452834
CGATAACCAATTTGAG-1,-0.023100397,-0.10157761,0.007898815
CGATAATACTCAGGTT-1,0.28060615,0.5286506,-0.48234686
CGATACCTCGCGGACA-1,0.29619092,1.0630388,-0.43183059
CGATAGCGATACAGTG-1,0.12355429,-0.15688245,-0.4663913
CGATAGTCGTACTGCA-1,-0.07860693,-0.22177194,0.03938514
CGATCATTAGAGGCAC-1,-0.48602694,-1.6507938,-0.3531705
CGATCCACCATTGTTG-1,0.0,0.0,0.0
CGATCCGACCCAGTGC-1,0.33081293,1.0977015,-0.6229106
CGATCCTCGCAACATA-1,0.0,0.0,0.0
CGATCGAGAAGCACCA-1,0.0,0.0,0.0
CGATCTGTTGGAGGAC-1,0.20266448,0.35869625,-1.1170613
CGATGGACCCTACGCC-1,-0.099404655,-0.29977223,0.7740804
CGATGTTGTTATCTAC-1,0.14287251,-0.34854415,-0.5665114
CGATTAAATATCTCCT-1,-0.50434285,-1.6847315,-0.8743086
CGATTCGCCTGGCTGC-1,0.046683036,-0.061954547,-0.4861719
CGCAAACACGAGTTAC-1,0.08223395,0.6859487,1.1847792
CGCAATCGATCATTAG-1,-0.13640158,-0.4013716,-0.14195019
CGCAATTACTTTCGGT-1,-0.012808761,0.15100983,0.6248757
CGCAATTAGGGTAATA-1,0.1837816,0.5349694,0.23273991
CGCAATTCTACAATAA-1,0.17311223,0.8495036,1.3274046
CGCACATGTCCACTAC-1,0.23531899,0.9086279,0.3940168
CGCACGTCTGTTTATG-1,0.0,0.0,0.0
CGCACGTGCGCTATCA-1,0.31632534,1.0028985,0.880873
CGCAGAAACATTTGCG-1,-0.29396266,-0.7747669,0.63367563
CGCAGATCTTCACCCG-1,-0.13138114,-1.4221728,0.71549314
CGCAGGCGATCCAAAC-1,0.24956413,0.68968093,-0.76831985
CGCATCATGGCTTCAG-1,-0.26032943,-0.85385287,0.16617142
CGCATCCATCAGCCAG-1,-0.38474888,-1.834015,0.9661416
CGCATGCCGAATGCGT-1,-0.06286578,-0.15521993,0.054189324
CGCATGGTGCGATGCT-1,0.25463527,0.9816164,-0.7008794
CGCATTAGCTAATAGG-1,0.2538678,1.0328847,0.6652332
CGCCAAGAAGCCGAGT-1,0.25999615,1.014853,-0.3103403
CGCCACAGGTCGCGAT-1,0.15216695,0.29252854,-0.73582816
CGCCATCCGATTATGA-1,0.035859056,0.48631704,1.2472802
CGCCCAGCACGCCTAG-1,-0.2923284,-0.64055395,-0.34442753
CGCCCAGCGTTTCACG-1,-0.3262518,-0.9532957,-0.0730199
CGCCCGCTTCCGTACA-1,-0.1826923,-0.46473598,0.5556831
CGCCCTAATTGTTCAA-1,0.17453285,0.16865025,-0.7465573
CGCCCTTGAAGGCTGA-1,0.056143273,0.5116897,1.2211599
CGCCGACTATTCGCTA-1,0.10568703,0.26553595,0.38673285
CGCCGCCCATGCCTGT-1,0.28922343,0.97810185,0.49452573
CGCCGCGTTCTGAACG-1,0.0,0.0,0.0
CGCCGGTGTCGCAGTA-1,-0.010310093,-0.014394769,-0.012157653
CGCCGTCTACCCATCG-1,-0.44181532,-2.1451335,0.8292759
CGCCGTTCAGCATAGT-1,0.22847196,0.640775,-0.67450655
CGCCTCCCTCCTCTAT-1,0.17312242,0.34740666,-1.3909805
CGCCTGGCCTACGTAA-1,0.20917572,1.185841,-0.30093235
CGCCTTTAGCATGCTC-1,0.13832098,0.19240253,-0.13920493
CGCGAAGTGGCATACT-1,-0.44412345,-1.5636148,-0.71750355
CGCGACACTGCGCAGC-1,0.18845993,0.70597637,1.3454562
CGCGACCGCGACAGAT-1,0.32825732,0.36025918,-1.8096398
CGCGAGAGGGACTTGT-1,-0.31663555,-1.1401968,1.9148694
CGCGAGTCTGCCGGGT-1,0.2579325,0.42768177,-0.42587498
CGCGCAAATGTCCAGA-1,0.342534,1.0099384,-1.1330627
CGCGCATGTTTGATTG-1,0.19207655,0.13371904,-1.270212
CGCGCCCGACTTAATA-1,-0.07343693,0.1626861,1.135303
CGCGGCAGTATTACGG-1,-0.3497916,-0.97120315,-0.4767677
CGCGGCTCAACTTGAA-1,0.26897496,1.0156459,0.16675247
CGCGGGAATTAGGCAG-1,-0.1707787,-0.3430415,0.63488907
CGCGGGAATTCCTTTC-1,0.0,0.0,0.0
CGCGGTAAGTCTAGCT-1,-0.19257359,-0.9278127,0.30393177
CGCGGTACGGTATACA-1,-0.19724455,-0.9705008,-0.60527194
CGCGGTCACAAACCAA-1,0.20970893,0.24211977,0.75297517
CGCGTACATTCTGGAA-1,-0.37424052,-1.5771699,-0.055768058
CGCGTTCATGAAATAC-1,0.07642174,0.2372002,0.6472256
CGCTACGGGACATTTA-1,0.33406115,1.1474257,-0.4990434
CGCTAGAGACCGCTGC-1,0.30076882,1.0303662,1.0336856
CGCTATACCGCCCACT-1,-0.12884505,-0.23747103,0.19415718
CGCTATTCAATGTATG-1,-0.1097724,-0.034489628,1.5193826
CGCTATTCTTAGGCTC-1,0.26526424,0.9068199,-0.29089454
CGCTCGACATAATGAT-1,0.19534424,0.6446791,0.83587605
CGCTCTCCGTAGATTA-1,0.3704757,1.2768468,-0.45770773
CGCTGGTGACTACCCT-1,0.44759446,0.99065703,-0.6529587
CGCTGTGACGCCGCAC-1,0.0034354404,0.41961125,1.0890158
CGCTGTGTGGATGTTG-1,-0.13018781,-0.37626994,-0.111885816
CGCTTAGTATTGATAC-1,0.0,0.0,0.0
CGCTTATTCCCGGTCG-1,0.20978859,0.7236104,-0.33519068
CGCTTCCACTGAAATC-1,-0.06807061,0.3104338,0.95511883
CGCTTCGGTCTAAGAC-1,-0.12896514,-0.34792042,-0.7409642
CGCTTGGACGGATAGA-1,-0.14866433,-0.7401279,-0.5137675
CGCTTTCATACCGGTG-1,0.060182,0.5433712,1.2098594
CGCTTTCCGCCAAGGT-1,0.0,0.0,0.0
CGCTTTCTTGCATTCG-1,0.06599715,0.29964125,0.74958456
CGGAAAGAATCAAACG-1,-0.39231643,-0.99442005,-0.3499589
CGGAACGTAAACATAG-1,0.18753763,0.32962084,-0.60538083
CGGACCTTTACGTCCC-1,0.0,0.0,0.0
CGGACGTTACTTGAAG-1,-0.13185664,-0.90677005,0.15348567
CGGAGCAATTTAATCG-1,0.26671895,0.3534635,-1.0651383
CGGAGCATGGCGATCC-1,0.26045582,0.95324546,-0.5652677
CGGAGCTTATAACACC-1,-0.1925969,-0.5026307,-0.04383849
CGGAGTCCTAACCTGG-1,0.052676994,-1.2494941,-1.1820507
CGGAGTTTGAGAGACA-1,0.009594713,0.5851395,0.6592772
CGGATAAGCGGACATG-1,0.002595021,-0.06541721,0.98371696
CGGATCCTCAAGGACT-1,0.07615029,-0.42002985,-1.1981429
CGGATGAATGCTGTGA-1,-0.71210784,-1.9108245,-0.85908926
CGGCAAACATCGTGCG-1,0.23238468,0.682756,-0.5259604
CGGCAATAAGATCGCC-1,0.37462863,1.0890853,-1.3154844
CGGCACCGTTAGCGCC-1,-0.25664216,-0.71387297,0.502812
CGGCACTCAAGAAAGT-1,-0.1768086,-0.60025615,0.08139987
CGGCAGGGTCGGGTTG-1,0.11923662,0.22816871,0.5738045
CGGCCACGCACAAAGT-1,0.28876483,0.91161305,-0.28707653
CGGCCAGAGCGACCAT-1,0.0,0.0,0.0
CGGCCCAACCTGTAGT-1,-0.099334985,-1.276179,0.9717401
CGGCCCAGGTATATCC-1,0.25750756,0.8200706,-0.1051142
CGGCGCCATCAATCCC-1,0.29910502,0.8537277,-1.0649672
CGGCTCTAAAGCTGCA-1,0.28234813,0.97093457,0.1679675
CGGCTCTTCGTCGAAC-1,-0.12693112,-0.6597848,0.09167879
CGGCTTTGTATGATAA-1,-0.21895799,-0.46798515,0.6191003
CGGGAACGCCCTGCAT-1,0.14549017,-0.15027583,-0.92661566
CGGGAAGTACCGTGGC-1,0.26169553,0.28140882,-0.9169408
CGGGAATATAGTATAC-1,0.2743056,0.8392455,0.20691751
CGGGAATTTATGTAAA-1,0.2772646,0.73276144,-0.70873344
CGGGAGCTTCAGTGTA-1,0.3364998,0.8268785,-0.6507583
CGGGAGTATACCGCCG-1,0.0468121,-0.010556482,0.9650134
CGGGATCAATGTAAGA-1,0.12874179,0.8974654,1.3213166
CGGGCAGCTAAACCGC-1,0.24595462,0.9646012,0.6664284
CGGGCCATAGCCGCAC-1,-0.05444437,-0.14577454,-0.06998432
CGGGCCTTCTTTGTAA-1,0.26972207,1.0953641,-0.2640969
CGGGCGATGGATCACG-1,0.0,0.0,0.0
CGGGTGTACCCATTTA-1,0.1096241,0.43485582,0.9029859
CGGGTTCGGCACGTAT-1,-0.17999429,-1.2411287,0.39487135
CGGGTTTGTTAGGGCT-1,0.45277154,0.93739307,-1.7057658
CGGTACTAGAATCAAA-1,0.2390941,0.71877265,-0.27245623
CGGTAGAGGTGCAGGT-1,-0.16746473,-0.3499535,1.2537467
CGGTATAGGTATTAGC-1,-0.39070436,-1.320933,1.0305872
CGGTATGGGCACTCTG-1,0.0,0.0,0.0
CGGTCAAGTGGGAACC-1,-0.0329891,-0.12326336,0.54248977
CGGTCAGTCCATATTT-1,0.3429032,0.0050741606,-2.063303
CGGTCCATGAGACTCC-1,-0.10509941,-1.2516841,-0.17248122
CGGTCCGTCGCAAGCC-1,0.0,0.0,0.0
CGGTCTATCAACCCGT-1,-0.35213786,-1.2450734,0.5360518
CGGTGAAGACTAAAGT-1,0.012880165,-0.29274884,-1.4311924
CGGTGCAGATAGAACG-1,0.18431419,0.55033964,-0.2134866
CGGTGCGCGTTGGTCC-1,0.30379865,0.59106,-1.7891159
CGGTGGGCTCCAGCCT-1,-0.14033066,-0.4961345,0.7642849
CGGTGTACTTGATCCC-1,-0.09546831,0.27394518,1.5212953
CGGTTATCCAACAGTG-1,0.00045657184,0.15402119,0.62308973
CGGTTCAAGTAGGTGT-1,-0.076810196,-0.32245648,0.9158495
CGGTTCCGGCTTCTTG-1,-0.09967566,-0.20024206,-0.030710097
CGGTTGACCTGGCATA-1,0.3307111,0.7284583,-1.251272
CGGTTGAGTATCCTTC-1,-0.13635917,-0.31855989,-0.11102893
CGGTTGGGCAGGGTCC-1,0.0,0.0,0.0
CGGTTGGGTTCAAGTT-1,-0.3703655,-1.7178597,1.2697624
CGGTTTATGAAGGAAC-1,-0.467488,-2.4501305,0.87761974
CGTAAACGCTTGAGTG-1,-0.28660324,-0.8096264,-0.19301781
CGTAAAGCAAGAAATC-1,-0.16161627,-0.31251025,-0.12212224
CGTAAATAACAAAGGG-1,0.0,0.0,0.0
CGTAACTTCGACACTT-1,0.0,0.0,0.0
CGTACCTGATAGGCCT-1,0.20381023,0.95880425,0.9822053
CGTAGAGAGTAATTAT-1,-0.025333354,-0.06394367,0.037450362
CGTAGCGAATTGTCAG-1,-0.25651324,-0.47204533,1.2362019
CGTAGCGCCGACGTTG-1,-0.1618488,-0.49839193,0.38043863
CGTATTAAGAGATCTA-1,0.14597154,0.8694058,1.035321
CGTATTGTTTCCTAAT-1,-0.21406186,-0.7396364,-0.10014599
CGTCAAATGGTCGCAG-1,-0.25589988,-1.2754557,0.40522027
CGTCAAGGCTATAAAT-1,0.1216606,0.25689986,0.9175477
CGTCACGTCCATTGGT-1,0.32198882,1.1450361,-0.62645376
CGTCAGTGCGCACAAG-1,-0.26920512,-0.92916137,0.6876084
CGTCATACCATATCCA-1,-0.030834036,-0.01089547,1.0035012
CGTCCTCATCGCGTGC-1,-0.37421006,-1.7555536,-1.2598835
CGTCGCATGTGAGCCA-1,0.0,0.0,0.0
CGTCGCGGCGGGATTT-1,-0.1500876,-0.416018,-0.20165585
CGTCGCTTGGTTATAC-1,0.112224326,0.18944617,-1.3473316
CGTCGGATAGTGTTGA-1,0.2965146,0.57527083,0.5415694
CGTCGGGTCTAAGCGC-1,0.13091198,-0.0050938525,-0.94696224
CGTCGTCCTTCGCGAA-1,0.22819042,0.6594473,-0.9491089
CGTCTCTCGCCGAGGC-1,0.0,0.0,0.0
CGTCTGGAAGGGCCCG-1,0.1467007,0.8883026,1.3223943
CGTCTTGAGTGTGACG-1,-0.19861065,-1.5424565,0.8564428
CGTGAAGTTAATTCAC-1,0.20339097,0.9789334,0.0029822395
CGTGACATTGGGTCGT-1,-0.18416916,-0.6176377,1.1417329
CGTGACCAGTCCTCTG-1,0.0,0.0,0.0
CGTGCACACCACTGTA-1,-0.023635726,-0.08783376,0.05276895
CGTGCAGACTGGGACA-1,0.18601662,0.9556736,-0.061126113
CGTGCATTGTCGACGC-1,0.25461277,0.76667774,-1.2714132
CGTGCCCTCCCGAAGA-1,0.20222495,0.61839616,-0.27524963
CGTGCTTCTACCTAAA-1,0.1105915,0.13373321,-1.856153
CGTGGAAGCCTCGTAC-1,0.19233193,-0.046628494,0.016357481
CGTGGCCGAATATCTA-1,0.31661227,0.8580953,0.547994
CGTGGTACCCAAAGGC-1,0.0,0.0,0.0
CGTGTATGGGAGCTGA-1,0.3209329,0.91022223,-1.7168528
CGTGTCCCATTCGCGA-1,0.1336589,0.7978044,0.6549707
CGTGTCTCGTTACGAC-1,-0.30974928,-1.0817267,-0.6152307
CGTGTGTTAAACCCTG-1,-0.013073237,-0.9100194,0.27159426
CGTTAAACTAGTTAGG-1,0.32573608,1.0540495,0.041582756
CGTTAATGTCCCGACG-1,0.2659265,0.4123281,-1.0443939
CGTTAGCTCACAACTG-1,-0.029441578,0.10286414,1.2235671
CGTTCAAGGAAACGGA-1,0.0,0.0,0.0
CGTTCAGACCCGCGAA-1,0.0,0.0,0.0
CGTTCATGGTGCGCGT-1,0.21555139,0.89776343,-0.43840674
CGTTCTTCGCACACCT-1,0.15760772,-0.4093517,0.7319167
CGTTGAATACCGCGCT-1,0.20571749,0.57976234,-0.7565386
CGTTGAGCGACCGTCG-1,0.21877955,0.5451014,-1.1754996
CGTTGAGTAATTGCGT-1,-0.34695837,-1.3997223,0.8024166
CGTTGCCCGCGTGGGA-1,0.0,0.0,0.0
CGTTGTAAACGTCAGG-1,0.14734119,0.25944254,1.1715264
CGTTGTAAGATTGATT-1,-0.07739896,-1.416517,0.20419452
CGTTGTCGGCAATTGA-1,0.0,0.0,0.0
CGTTGTTTCAATTCCC-1,0.4284,1.292798,-1.0908
CGTTTAAGCGGAGCAC-1,0.0065297023,0.5744272,1.220768
CGTTTACAAGGCAGCT-1,-0.26295686,-1.318463,-0.12101603
CGTTTCACTTCGGGCG-1,-0.14892505,-0.40654552,0.43587893
CGTTTCGCTCATTACA-1,0.39767495,1.1731627,-1.1149906
CGTTTGGTGTTGTGGG-1,-0.40038452,-1.4307597,-0.46350604
CGTTTGTGTAGAGGGT-1,0.014265652,-0.2025943,-1.4452336
CTAAAGAATGCCTACT-1,0.37889993,1.282922,-0.64908284
CTAAAGGGAAATAGGA-1,0.22349939,0.82436764,-0.28910825
CTAAATCCGGTGTACA-1,-0.2769149,-0.7787706,-0.41129887
CTAAATCCTATTCCGG-1,0.08160258,0.3277385,0.5139715
CTAACCGCGCGCCCGT-1,0.3524463,1.2074002,-0.6716222
CTAACGAAACTTGCTG-1,0.156819,0.36048985,-0.05261963
CTAACTGATAATCGCC-1,0.22286834,0.5390888,-0.6097608
CTAACTGGTCCGGTTC-1,0.35950235,0.9838217,-1.9671627
CTAAGGGAATGATTGG-1,0.21843946,0.5263026,-1.2983844
CTAAGTACAGGGCTAC-1,-0.19540516,-1.2676913,0.024899386
CTAATTATGAAGCGTA-1,-0.32603356,-1.372146,-0.0617747
CTAATTCGCACGCGCT-1,0.008037329,0.35353884,0.29320025
CTAATTCTCAGATATT-1,0.049092535,-0.68215513,0.33424923
CTAATTTCAACAACAC-1,0.043581236,0.037565723,1.2558346
CTACAAGAAATAACCC-1,-0.33410716,-1.0336944,-0.20482817
CTACACTCGCAGATGG-1,0.29636997,0.7230874,-0.7094869
CTACATATCGCGGGAC-1,0.24952756,0.35074303,-0.91352916
CTACCCTAAGGTCATA-1,-0.023889896,0.20866394,1.1648955
CTACGACTAGCTATAA-1,0.079997495,0.72492456,-0.48897925
CTACGATCCTATCCTA-1,-0.2722243,-0.7345007,-0.6914603
CTACGCACGGAGTACC-1,0.3385561,1.0777861,-0.25469694
CTACGCCATTTCCGAT-1,-0.02814033,0.05140246,1.5631404
CTACTATCATAGGTTT-1,-0.026338505,-0.6901586,-0.6146324
CTACTATCTTTCAGAG-1,0.1188536,0.48351625,0.4478423
CTACTCAAGGTATAGT-1,-0.07325681,-0.2098308,-0.07640513
CTACTCTAGGCCCGGC-1,0.09147385,0.61874336,0.90078324
CTACTGCCACCTGACC-1,0.19185813,1.0238966,1.2703733
CTAGACATATATGTAG-1,-0.3584641,-1.7941031,0.40080875
CTAGACTGCATTTCGT-1,-0.38560402,-1.3837645,1.0989519
CTAGATGTGAGTGTAA-1,0.2737318,0.5902381,0.2724808
CTAGATTTACGACGGC-1,0.23647724,0.7286382,-1.1254008
CTAGCATAGTATAATG-1,0.24483348,1.1820446,0.658814
CTAGCCACAGGCGAGC-1,0.112745136,-0.34089178,-1.7834704
CTAGCCGATGTTATGA-1,-0.1590596,-0.8571489,0.3034321
CTAGGCGCCCTATCAG-1,0.26576194,0.760419,-0.4626242
CTAGGGATAGGGACAA-1,0.0,0.0,0.0
CTAGGTCTGAAGGAAT-1,0.33946702,0.8410419,0.32239714
CTAGGTTCGGACGTGA-1,-0.19026935,-0.8495962,-0.82245487
CTAGTAGAAAGGGATT-1,-0.0031905163,-0.7129895,-0.86865515
CTAGTATTCGGAATTA-1,-0.0015912417,-0.10481836,1.5095958
CTAGTCACGTCTTAAG-1,0.25721186,1.0491024,-0.030739618
CTAGTGAAGGACAGGA-1,0.35997126,1.1734389,-0.7216702
CTAGTTACAACCCGGT-1,0.23306254,0.7638708,-0.7545565
CTAGTTGGGCCCGGTA-1,0.18078658,0.60475534,1.4945562
CTATAAGAGCCAATCG-1,-0.21914035,-0.8918501,0.8257781
CTATAAGTAGGGTTTG-1,0.22671582,0.07915861,-0.80761415
CTATAGGCGTTGATGT-1,-0.077019066,-0.21682878,-0.113856845
CTATATCCAGCCTGGC-1,0.0,0.0,0.0
CTATCACAACGCTGGA-1,0.0,0.0,0.0
CTATCGACGAAATACA-1,0.32289302,0.8835651,-0.76293075
CTATCGCGTAGAGAAC-1,0.09917593,-0.44248992,-1.9352486
CTATCGGGTCTCAACA-1,0.17653583,0.97350925,0.7034195
CTATGAACACCTTGCC-1,-0.033682216,-0.09591896,-0.023802321
CTATGCCCGAATGCAA-1,0.0,0.0,0.0
CTATGGGAAGCGGAAT-1,0.2903539,0.8542781,-0.46563905
CTATGTCACTAGCCCA-1,0.16249144,0.77163595,1.216449
CTATGTCTATTGAAAC-1,-0.051114123,-0.066452414,0.6764268
CTATGTGAGTCACGGC-1,0.19073717,0.66249394,-0.5631698
CTATTCATGTGTCCCA-1,0.21532285,0.45786566,-0.70294255
CTATTGTGTTTGGTCA-1,-0.17408796,-0.8240468,0.77329785
CTATTTGCTTGGAGGA-1,0.0,0.0,0.0
CTATTTGGTTACGGAT-1,0.16419967,0.7976137,1.2150365
CTCAAACCACTGCCCG-1,0.0,0.0,0.0
CTCAACTAACCCGGAT-1,-0.3512306,-1.9069886,-0.16758686
CTCAAGACATTAGCGC-1,-0.06687154,-0.45196638,0.80122805
CTCACACGCAAGCCTA-1,-0.36249602,-1.8605173,0.24265532
CTCACATTTACTAAAT-1,-0.020964358,-0.065306455,-0.040364377
CTCACCAGTACAAGTG-1,-0.14276938,-0.49228534,0.07385104
CTCACCGATCCAAACT-1,-0.59287703,-1.9187044,-0.24619877
CTCACTGTGATACTTA-1,-0.08528749,-0.21615198,-0.1204076
CTCACTTGGCTGGTAA-1,0.26221907,0.8798812,-0.7648767
CTCAGAGCTAATGTCG-1,0.0,0.0,0.0
CTCAGGACTCACCTGT-1,-0.07723504,0.19104736,1.2154214
CTCAGTCACGACAAAT-1,0.017964816,0.15934752,0.82163477
CTCATCACTTAGTGAT-1,0.0013190386,-0.042353332,-0.0328586
CTCATGGCTCACAATC-1,-0.13133885,0.023557836,1.5544407
CTCATGGTAATTTGCG-1,0.19316009,0.5527337,-1.4730946
CTCATTAACGTTGCCC-1,0.0,0.0,0.0
CTCATTCGTGAACATC-1,-0.25036424,-0.69057655,-0.29991102
CTCATTGCTCTAACAA-1,-0.10302647,-0.46090147,-0.63094026
CTCATTTGATGGGCGG-1,0.06717307,0.686928,1.4509547
CTCCCAATGAGTCGCG-1,0.32276693,0.58374953,-0.54825276
CTCCCTCCTTTCGATC-1,0.224883,0.12508227,-1.0988655
CTCCGCCCACATGAGG-1,0.29450566,1.0344056,-0.39525288
CTCCGGCCTAATATGC-1,0.17216232,0.7068656,1.8939285
CTCCGGCTTGTAGACA-1,-0.034179308,-0.034841668,0.15097755
CTCCTAAGTTATGTCT-1,-0.1077107,-0.38548777,0.0008680421
CTCCTCCAGCTCACAC-1,0.0,0.0,0.0
CTCCTGTTCAAGGCAG-1,0.40691742,0.8709959,-1.9940407
CTCCTTTACGCAAGTC-1,-0.18598077,-1.5662569,0.87424827
CTCGAATGGAACGTAT-1,-0.17682043,-1.0800406,0.15602186
CTCGAGACATACGATA-1,-0.057451252,-0.37920234,-0.8845996
CTCGAGGCAAGTTTCA-1,0.0,0.0,0.0
CTCGAGGTCGAACAGT-1,0.27558872,1.0697668,0.9909878
CTCGATATTTGCGAGC-1,-0.15994228,-0.93030727,0.6490389
CTCGCACCTATATAGT-1,0.15128416,0.7531678,1.2936792
CTCGCATTGCATAGCC-1,0.21393411,0.34026733,-0.81363714
CTCGCCGAATGTAGGG-1,-0.16817296,-0.47684485,-0.2004702
CTCGCTAGGTAAGCGA-1,-0.00888864,-0.025865141,-0.012038012
CTCGGGATAACACCTA-1,-0.04019639,-0.21541043,0.037036348
CTCGGGTTCTCTGGCC-1,0.29398814,0.6641439,-1.5067577
CTCGGTACCACTGCTC-1,0.26294282,1.0357435,0.5032482
CTCGGTCCGTAGCCTG-1,0.17753626,0.6864799,1.0865821
CTCGGTTGTCGGCCCT-1,0.32843176,0.8639538,-0.9422798
CTCGTCGAGGGCTCAT-1,0.24802098,0.3657103,-0.91080886
CTCGTCTGTGCCTTCG-1,0.0,0.0,0.0
CTCGTTACGGCTACCA-1,0.0,0.0,0.0
CTCGTTTCTAATGTTT-1,-0.13936722,-0.77679205,0.6968085
CTCTAATGCATTGATC-1,-0.19206654,-1.6975242,0.51500493
CTCTACACTGGCGATT-1,0.27094975,0.5392657,-1.2040681
CTCTACATCCTGCGTG-1,0.0,0.0,0.0
CTCTAGCCCTCGGAAA-1,-0.2563614,-0.65905803,0.10108613
CTCTATTTGGCTGCAG-1,0.19206409,0.39578736,-0.74503696
CTCTCACAATCGATGA-1,0.19963248,1.025094,0.8346753
CTCTCGCTGTACTATG-1,0.053280663,0.17309463,0.6781996
CTCTCTAACTGCCTAG-1,0.24502407,0.5133953,-1.1835785
CTCTGCAGGCATTCTT-1,-0.7922025,-2.2619414,-0.9488514
CTCTGCGAAGCAAGCA-1,0.016431827,0.10101726,0.6001952
CTCTGGACGCCTGGTG-1,0.31101376,1.1290145,0.4018301
CTCTGTTTGAGGATTC-1,-0.17550614,-0.33032423,0.78368455
CTCTTCTATTGACTGG-1,0.3112366,0.85920215,0.16945082
CTCTTCTGGAAGTTAG-1,0.0,0.0,0.0
CTCTTGTCCCGCTTGG-1,-0.2631538,-0.7807049,-0.68532187
CTGAAACGGCCCTCAG-1,-0.52956986,-2.3144193,0.0046293773
CTGAAAGAGATCCGAC-1,0.004187341,0.59790343,0.7428
CTGAATCCGAGACCTC-1,0.3183296,1.0847858,-0.59600043
CTGAATTTATTGCCAG-1,-0.193761,-1.1972312,1.1961254
CTGACATAGAAATAGA-1,0.055486605,0.018506786,-0.05604673
CTGACTGCGCAGCTCG-1,0.054210078,0.032177303,0.49158186
CTGAGAAAGTTCGGCG-1,0.280957,0.57215714,-0.2872782
CTGAGAGTAGAAATAC-1,-0.46497497,-2.1982841,-0.7666052
CTGAGCAAGTAACAAG-1,-0.27699992,-0.7813693,1.5538574
CTGAGCGAGACTTATT-1,0.0061469474,-0.25455758,-0.19346277
CTGATAGTGTATCTCA-1,0.039691612,0.11394243,0.40074265
CTGATCCCTTTATGCA-1,-0.03377047,-0.058395743,0.0058122077
CTGCAAGCACGTTCCG-1,0.01063949,-0.31705377,-0.7719804
CTGCACAACTACATAT-1,0.29591373,0.9890517,-0.091531694
CTGCACCTAGTCCACA-1,-0.2835105,-1.4187567,0.57608557
CTGCACCTGGAACCGC-1,0.031014366,0.38669968,0.98140305
CTGCACTCCAGTACAG-1,0.2695041,0.7792048,-0.65324
CTGCAGAGAATCAGAG-1,0.24002253,0.40169048,-0.8651448
CTGCCAAGGTTGGAAG-1,-0.02777611,0.1364999,0.9374773
CTGCCATGCATCACAT-1,0.31297782,1.0438643,-0.71984327
CTGCCCACGAAGCGTT-1,0.018744254,0.096372455,0.30779928
CTGCCTAGCCACCAAG-1,-0.22832651,-0.81938654,0.0001948089
CTGCCTCATATGCAAC-1,-0.030600216,-0.28973576,0.062608525
CTGCCTTTAATACCTT-1,-0.30978706,-1.080178,-1.2108104
CTGCCTTTCTAGTAAA-1,-0.29434916,-1.3191825,-1.0939537
CTGCGACCTCGCCGAA-1,0.0,0.0,0.0
CTGCGATTTCGAGATT-1,0.0,0.0,0.0
CTGCGGGTGAAATGTT-1,-0.030236937,0.06736967,0.7428839
CTGCGGTAGTCACGTG-1,-0.43531993,-1.4187357,0.84341127
CTGCGTTACGATATAA-1,-0.27907103,-0.7455911,0.9949957
CTGCTGAGGCCACGAA-1,0.23620704,0.5782607,-1.9706988
CTGCTGTCTAACGAGC-1,0.064479426,-0.2559326,-0.0068032756
CTGCTTGGCGATAGCT-1,0.35342175,1.069229,-1.0067805
CTGCTTTATGTCCGCG-1,0.055998452,-0.6986164,0.73519874
CTGGAAATGGATGCTT-1,0.12765358,0.6792095,0.5350559
CTGGAAGACACGGTGG-1,0.20917991,0.62109876,-0.41725254
CTGGACGCAGTCCGGC-1,-0.11534041,-0.73226756,-0.01182221
CTGGATTTACACTTGA-1,0.34946373,0.76628906,-1.5760106
CTGGCATCCGAATGAG-1,0.40478423,1.0884254,-1.7795979
CTGGCGACATAAGTCC-1,-0.28196028,-0.91296744,0.85332555
CTGGCGCACAGGTCTG-1,0.21346462,0.9455994,0.7073034
CTGGCGGGAATAAGTA-1,-0.020539606,0.07144384,1.355453
CTGGCTGATTCATCCT-1,0.28638458,0.93062174,-0.15106496
CTGGCTGGTTGTCAGT-1,-0.004271528,-0.116457626,-0.3540352
CTGGGATAAATAATGG-1,0.2757786,0.95060766,0.32150033
CTGGGATACGCTACCC-1,0.19098625,-0.115512595,0.28057295
CTGGGCCTGCTATATC-1,0.31864813,1.1119939,-0.60058147
CTGGGCTATCCTTTGG-1,-0.19820674,-1.5332389,0.023911145
CTGGGTAGGCAGTTAA-1,0.2858248,0.91324437,-0.25564408
CTGGGTTGAGTTAAAG-1,-0.059189096,-0.7971612,-1.0822121
CTGGTAAAGACTTACA-1,-0.06733774,-0.17788626,-0.05708729
CTGGTAAAGTGTGGGC-1,0.11372275,-0.16110143,-1.2578926
CTGGTAACACATAGAA-1,0.26768366,0.9669677,0.22072153
CTGGTAACGAGCTCTT-1,0.04469668,0.25311646,0.5410907
CTGGTCATTCCAATCC-1,0.20501474,0.46528262,1.3369294
CTGGTCCTAACTTGGC-1,-0.13874094,-0.361834,0.7893119
CTGGTGAATGGGCCTA-1,0.025109338,0.06975233,-0.4314348
CTGGTTCAACGCATCA-1,-0.033855885,-0.12581335,0.0755864
CTGGTTCGCGAGCTAC-1,-0.07695345,-1.2502825,0.5108762
CTGGTTTCGAGCAAGA-1,0.24065329,0.72700256,-0.35118073
CTGTACTTCTTAGCAT-1,0.3045361,1.0097444,-0.45398578
CTGTAGCCATCTCACT-1,-0.40845492,-1.0387515,-1.0178663
CTGTAGTGAGGATCGA-1,0.0,0.0,0.0
CTGTATGGTGTAGAAA-1,-0.082893364,0.046985008,1.2046295
CTGTCAAATGGCTCGG-1,0.11311188,0.28527808,0.8247737
CTGTCACGCCAGGCGC-1,-0.4978756,-1.7249787,1.4969257
CTGTGCAGGGTAGGTC-1,0.2942272,0.89781225,-1.068046
CTGTGGTCGGGAGATA-1,0.28213984,0.70159817,-0.95077085
CTGTTACCCAATCTAG-1,0.36068895,0.78034896,-1.3150798
CTGTTCACTGCCTGTG-1,0.15456541,0.84346527,1.6094122
CTGTTCATCTCACGGG-1,-0.06179031,0.15442744,0.7594468
CTGTTGTTCAGTCGTA-1,-0.18542534,-0.56953573,-0.8236836
CTTAAATAAGACCCAT-1,0.17904922,0.6242018,1.1586213
CTTAACTTACAGTATA-1,-0.37350985,-1.7745177,-1.4194934
CTTAACTTCGAAGTAC-1,-0.146067,-0.20160313,0.8502431
CTTACACGGTATTCCA-1,0.22581595,0.9904447,0.73107547
CTTACACTGGGAAATA-1,0.09595067,0.5024986,0.7985041
CTTACATAGATTTCTT-1,0.0,0.0,0.0
CTTAGATGTTTCATCC-1,0.0,0.0,0.0
CTTAGCCCGGATAGTG-1,0.10488289,0.38218296,0.9025858
CTTAGCCTTCCACATG-1,0.085780546,0.49031797,0.7291171
CTTAGGTATAGACCAG-1,0.28272963,0.19655697,-1.072546
CTTAGGTCCCAATCGT-1,-0.08297354,-0.275068,-0.03365112
CTTAGTAGGCCTACAG-1,0.1795491,0.13265526,0.10112991
CTTAGTGTAGTAGCAT-1,0.02353597,-0.7202925,-1.1529564
CTTAGTTGAGGAATCG-1,0.0,0.0,0.0
CTTATAGATGGCTGTT-1,-0.08977969,-0.50929505,-0.647106
CTTATGCGCTCAGGGC-1,0.13813837,-0.32839432,-0.9211946
CTTATGTTGACTACCA-1,-0.2583579,-0.8962903,0.5792159
CTTCAACTCCACTTGG-1,0.08204104,0.12479947,-0.632391
CTTCACGCCCTGGTAC-1,-0.68418527,-1.8789574,-0.5167558
CTTCAGTGGTCGCCTA-1,0.20248382,0.65384716,-0.28141466
CTTCAGTTGGACAACG-1,-0.026800394,-0.09959413,0.05983437
CTTCATAGCTCAAGAA-1,-0.058195572,0.63657874,1.7221215
CTTCATTGTCAGTGGA-1,0.2789027,0.89872545,-0.35787213
CTTCCGCTCCGTGAAG-1,-0.52786124,-1.7138946,-0.96786547
CTTCCTGCATATTTAC-1,-0.23167369,-2.0035503,-0.8429372
CTTCGATTGCGCAAGC-1,-0.010306874,-0.028421083,0.008358741
CTTCGGCCAATTGTTT-1,0.3007675,0.86934936,-0.23400714
CTTCGTAGATAGGTGA-1,0.25521535,0.8664941,-0.29245055
CTTCTATGTTGAAGTA-1,0.37281927,0.94619167,-1.5664343
CTTCTATTAATGCTAG-1,0.10862483,-0.22159612,-1.3382547
CTTCTGGGCGTACCTA-1,-0.028415188,-0.08036111,-0.029638615
CTTCTTACGTCGTATA-1,0.012414119,0.56558126,1.2844008
CTTGACCCGAAAGATA-1,-0.1605282,-0.13422044,0.8395702
CTTGAGGTTATCCCGA-1,-0.25758594,-0.81458986,0.20097789
CTTGAGTTAGGGTAAT-1,0.28714225,1.0581696,0.31732747
CTTGATGACCATCCAG-1,-0.11530586,-0.2930043,-0.13745414
CTTGCAACCGCCTCCT-1,0.21951786,0.57592285,-0.87543964
CTTGCCCACCCACGCA-1,-0.28213215,-0.7392696,-0.29593438
CTTGCCCAGGCTCTAC-1,0.34771895,0.8138922,-0.69805443
CTTGGCCAAGCTGGGA-1,0.0,0.0,0.0
CTTGTACTTGTTGACT-1,0.25844115,0.8381125,0.55936617
CTTGTCAACATTCGAG-1,0.28367192,0.6627829,-0.6443343
CTTGTGAGTCTTTGAC-1,-0.08009403,-0.09408507,0.20808914
CTTGTGCTCACCGATT-1,-0.14092131,-0.33884606,1.0481423
CTTGTTGCTGAGTCAA-1,0.18225256,1.0163586,1.3853143
CTTGTTTATGTAGCCA-1,0.035378177,0.18745872,1.3460872
CTTTAACTTTCAAAGG-1,0.14645156,0.7331867,1.2422683
CTTTAATATTGGTCGA-1,0.36419597,0.9786113,-0.61720717
CTTTACCGAATAGTAG-1,0.21813098,0.695697,-0.45968306
CTTTAGGAACACTGTT-1,0.2907825,1.1335794,0.27207732
CTTTAGTGCTATTATT-1,0.28828946,1.1671317,-0.7574283
CTTTCTGTGCGGGCTT-1,-0.08010726,-0.5562143,-1.6507863
CTTTGACGTCGCTTCT-1,-0.06365283,-0.7532674,-0.2287134
CTTTGCATCGCTCTTG-1,0.2804171,0.865501,-1.3870983
CTTTGCTGTCATGGAT-1,0.015298212,-1.0875359,-0.36746848
CTTTGGCAGACAGAGT-1,-0.3617106,-2.1148248,-0.299827
CTTTGGCGCTTTATAC-1,-0.056947246,0.19693178,0.80418694
CTTTGGCTTTAGTAAA-1,0.36004645,1.0778654,-0.4727872
CTTTGGGATTGTTGCA-1,0.0,0.0,0.0
CTTTGTCGAATGCTCC-1,-0.15304641,-0.8938624,-0.82493603
GAAACAGATGACCACC-1,0.27459526,1.044429,0.22992988
GAAACAGCCATGCAGT-1,-0.034358405,0.4349309,1.215693
GAAACATAGGAAACAG-1,0.18435588,0.2531983,-0.70252186
GAAACCATGGTGCGCT-1,0.16415909,-0.23568673,0.55407506
GAAACCGAATTACCTT-1,0.27551237,0.8013229,-0.31939328
GAAACCTATACAAATG-1,-0.0602421,-0.13810974,-0.05654732
GAAACTCGTGCGATGC-1,0.13380818,0.8484167,0.9789359
GAAACTCTAATGAAGG-1,-0.23853727,-0.5532088,0.8954983
GAAAGAACAGCGTTAT-1,0.3442506,0.9573273,0.7118831
GAAAGCAGTGCACTTT-1,-0.36896235,-1.0269676,-0.67555875
GAAAGCCCTTTGGACC-1,-0.189622,-0.50817734,-0.5957467
GAAAGTGACTAACTGC-1,0.0639061,0.3852979,0.98982745
GAAATACCTGCTGGCT-1,-0.11078714,-0.719772,0.0042458815
GAAATACTAAACGTTT-1,0.074620664,0.15156692,0.9167176
GAAATATCACCATCAG-1,0.14283304,0.1469841,-0.017071374
GAAATATGCTTGAATG-1,-0.31170756,-1.3993032,1.685849
GAAATCGCGCGCAACT-1,0.12699345,0.63815373,0.6685032
GAAATGGCGGTGTTAG-1,0.12137435,0.6955237,1.079444
GAAATGGGATGTAAAC-1,-0.22569704,-0.62657064,-0.30728814
GAAATTAGCACGGATA-1,-0.06871312,-0.20376165,0.24147038
GAAATTCACATCGCTG-1,0.07076892,0.42444435,0.8849856
GAAATTGTCTCTATAA-1,0.29321912,0.8243642,-0.6367707
GAACAACTGGGATGAA-1,-0.013911059,-0.041356273,0.027110001
GAACACACATCAACCA-1,0.27520335,0.8270945,0.6301265
GAACAGATTACTAAAT-1,0.03206148,-0.41956756,-1.0857499
GAACATTAGTATGTTA-1,-0.45443815,-1.59175,-0.07570888
GAACCCTCTGTGTTCT-1,-0.19053254,-0.5580371,-0.24697657
GAACCTCGACCTACAC-1,0.32097444,0.5918007,-0.11630586
GAACCTTTAACGATCC-1,-0.29794618,-0.7557651,-0.5904117
GAACGACCGAATGATA-1,0.112758465,0.69965714,1.3328326
GAACGATAAGTTAAAG-1,0.0,0.0,0.0
GAACGCGGGTCACACG-1,0.27075776,0.7710388,-0.029293077
GAACGGTGTAAAGCAG-1,-0.23036645,-1.9576645,-0.630858
GAACGTCTCATGGTCG-1,0.03501292,0.33396685,1.0079755
GAACGTTAGGAAGACG-1,0.26040494,0.5027124,-0.16689602
GAACTGTGGAGAGACA-1,0.0,0.0,0.0
GAACTTAGCGCCCGGT-1,-0.2304328,-1.2884828,-0.115986034
GAACTTGTGCACGGGA-1,-0.42216334,-1.880554,0.28049293
GAAGAAACGATATTGT-1,0.135374,-0.29190284,-1.2245516
GAAGAACGGTGCAGGT-1,-0.33485773,-1.0282804,1.2090963
GAAGCCACTGATTATG-1,0.0,0.0,0.0
GAAGCCGGGTAAGCTC-1,-0.008383823,-0.048512682,0.12271839
GAAGCCTGCACATTCC-1,-0.034391314,-0.09490081,-0.044441205
GAAGCGTGAGGAATTT-1,0.3139946,1.0178356,-0.31435457
GAAGCTCGGACCCGTC-1,0.21585812,0.6401611,-0.66984874
GAAGCTTGCTGACCGC-1,0.049683705,0.5681491,0.62548184
GAAGGAGTCGAGTGCG-1,0.0,0.0,0.0
GAAGGCTACCATTGTT-1,-0.15945038,-0.784775,0.14615555
GAAGGGTCATTAAGAC-1,0.0,0.0,0.0
GAAGTCAGTTGCACTA-1,0.2873254,0.78852534,-1.0854119
GAAGTCTCCCTAGCGA-1,0.26714405,1.0933329,0.63624525
GAAGTGATTTATCGTG-1,0.28372908,0.93601364,-0.5854927
GAAGTGCTGGATAGCT-1,0.12842436,0.81812185,1.3632517
GAAGTTTCCACTCAAT-1,0.29142642,0.9186508,-0.7635678
GAATAGACGCGACCCA-1,0.24206714,0.96962917,0.24180712
GAATAGCATTTAGGGT-1,0.19214097,0.14115694,-0.25003827
GAATAGCCCTGCGGTC-1,0.10742787,-0.41640207,1.0297719
GAATAGTGCTCGATTA-1,-0.15233693,-0.42750216,-0.22597304
GAATATTCGGAGTCCC-1,0.015259101,0.17216101,1.3907995
GAATCGACATGGTCAC-1,0.13385111,0.9185219,0.088544846
GAATCGCCGGACACGG-1,-0.12545052,-0.23699649,0.4640339
GAATCTGAACATTCTC-1,0.2912927,1.2852614,-1.2447044
GAATGAAGGTCTTCAG-1,-0.12224692,-0.9515371,0.13768403
GAATGCCGAAATGACC-1,0.049610198,0.09479645,1.3301929
GAATGCGAATCGGTTC-1,-0.005818981,-0.016932711,-0.007880729
GAATGGGCTTATCGAC-1,-0.17398003,-0.73919964,0.35381407
GAATGTATGGCAGGTC-1,-0.22552426,-0.49707785,1.3069471
GAATGTGGTCCGGATT-1,0.25120553,0.8073448,-0.22733034
GAATGTTGGGTAATCT-1,0.22471035,0.8451524,0.9947566
GAATTATAGTGAAAGG-1,0.22322075,1.0137032,0.69780225
GAATTCACCCGGGTGT-1,0.36066437,0.9569285,-1.04344
GAATTTCTCGCTGCAG-1,0.073501304,0.55263245,0.44034642
GACAAACATATGCAGG-1,0.3058389,1.0775045,0.026934037
GACAACGACCATTGAA-1,-0.0020722612,0.60152775,1.3672098
GACAACGCAGCTTACG-1,0.21585177,0.66771907,0.9140685
GACAAGAGATGAGATT-1,0.4766763,1.1353576,-1.7631631
GACACAAGGGAAGAAA-1,0.24816488,0.8191436,1.0254958
GACACAGCCGGGACTG-1,-0.111899145,-0.31206515,-0.12514792
GACACCCAAAGACGCG-1,0.0,0.0,0.0
GACACGAGTTAGAGGA-1,0.15893485,0.2812302,1.2206649
GACACTGAGTTCAGTG-1,0.30787233,0.70684755,-0.046047322
GACACTGGAACCCGAT-1,0.2864441,0.7736785,-0.70725435
GACACTTCCAATTACC-1,-0.01705988,-0.04964271,-0.023104433
GACAGATTTCTGGCTC-1,0.20359343,-0.20269386,-0.31343037
GACAGCCAGACCTGAC-1,0.31564194,1.0582893,0.20255485
GACAGGCACACACTAT-1,0.14428739,0.6792896,-0.6535099
GACATCCGTCGAACTG-1,0.0,0.0,0.0
GACATCGATTTATAAC-1,0.19137765,-0.024595791,-1.1646135
GACATTTCGCCCAGCC-1,-0.18470085,-1.0171962,-0.6850094
GACCAAACGTTGACTG-1,0.25244126,0.62147355,-0.69623107
GACCACACTTCCCTTT-1,0.0,0.0,0.0
GACCAGAGCCCTGTAG-1,0.20966631,0.98359495,0.64879286
GACCCAATTATGATAC-1,0.2112389,0.42828912,-0.7607026
GACCCGTCGCCGGCTA-1,-0.2856972,-0.9070376,0.6727801
GACCGACGTGAAAGCA-1,0.31700373,0.4412883,0.060322184
GACCGACTGAAGCGTC-1,-0.010008088,-0.31128666,-0.72749406
GACCGATTAAATATGT-1,0.18962374,0.44442824,-1.1891032
GACCGCGTCTGACGTG-1,0.35582063,1.0097879,-0.15449618
GACCGTCAGGTCGTGA-1,-0.03989583,-0.10198976,1.3499846
GACCGTGCTGACGGTG-1,0.30031812,1.0461348,-0.32748657
GACCGTTACATGCGAC-1,-0.22345775,-0.7009641,-0.14822432
GACCTTCCACGTCTAC-1,0.0,0.0,0.0
GACGACGATCCGCGTT-1,0.3684495,1.042718,-0.77114576
GACGAGGCTAATAAAC-1,0.29501808,0.7988218,-0.66960454
GACGATATCACTGGGT-1,0.0,0.0,0.0
GACGCATACCCGTCGG-1,-0.1494045,-1.1011494,-0.91587687
GACGCCGTAAAGGCTA-1,-0.06727769,-0.89047873,-1.02726
GACGCCTGTTGCAGGG-1,-0.07578735,-0.14707847,0.084717944
GACGCTTGCTTCTAAA-1,0.33728912,1.1058786,-0.6797516
GACGGGTTGGCCCGTA-1,-0.004928353,-0.0043764957,0.009130637
GACGGTCAATAGAAGC-1,-0.100374594,-0.27570015,0.9510695
GACGGTCCTAGGGTGT-1,-0.06912496,-1.391114,0.27645755
GACGTGTAGGGATTAT-1,0.022663653,0.33844253,0.21412471
GACGTTCGTAAATACA-1,-0.23603909,-1.6614828,0.090065576
GACGTTGCTCGGCGGC-1,0.0,0.0,0.0
GACTAACACAGCACCT-1,-0.2761259,-0.95479965,0.383494
GACTAAGATCATGCAC-1,0.064699136,0.7138488,1.2652295
GACTAAGTAGGCTCAC-1,0.1460728,0.78713006,0.21861888
GACTACAAAGCGGTGG-1,0.24028082,0.8317022,-0.56926674
GACTACAATTGCTCGT-1,-0.2892506,-1.0439548,0.31416908
GACTAGGCCGTTAGGT-1,0.0,0.0,0.0
GACTCACCCACGTGAG-1,0.2888437,0.9061626,0.4835696
GACTCCCAGAATAAGG-1,0.014413147,-0.8797174,0.9438333
GACTCCTTCCAATTGA-1,0.05713437,-0.11569438,-1.4003621
GACTCGCGGGAATGAC-1,0.06659709,0.26498303,0.78355545
GACTCGGTCGGCGGAT-1,-0.3914938,-1.9849393,0.6191297
GACTCTAGAGTTCCAA-1,0.0,0.0,0.0
GACTGATTGGTCACAA-1,-0.38625488,-1.6286052,1.3830332
GACTGCAAATCGAGCT-1,-0.075543635,-0.3004328,-0.43809727
GACTGCACCAGCCCAG-1,0.24605043,0.72405046,-0.5715782
GACTGCGGCACGTGTA-1,0.18394664,0.54067236,1.321101
GACTGCTGGTGAGAAA-1,0.0,0.0,0.0
GACTGGGCGCCGCAAC-1,-0.21916452,-1.0491036,0.35027227
GAGAACGGTTCTGACT-1,-0.17026818,-0.48718977,-0.8980324
GAGAATCTCACGATCA-1,-0.25261974,-0.76171535,-0.28094155
GAGACCCTGCAACGCC-1,-0.24606983,-1.2648273,1.1576432
GAGACTGATGGGTAGA-1,0.23490603,0.9832399,0.7340406
GAGACTTCGCGACCGA-1,0.13082342,0.261301,-1.2312564
GAGAGCGCAGTCCCTG-1,0.013331609,0.047061294,0.08405553
GAGAGGCCTATGTGTA-1,-0.25735462,-0.8365619,0.25186568
GAGAGGGCGCGAGGTT-1,0.27330804,0.97533923,-0.28406093
GAGAGGTGCATTCTGG-1,0.26463342,0.8135394,-0.83374697
GAGAGTCTCGGGAGAG-1,0.0,0.0,0.0
GAGATCTGCTTGGCAT-1,0.34329098,1.0124083,-0.889026
GAGATCTGTCACTCCG-1,0.23435779,0.71402115,0.72928
GAGATCTTCCATGACA-1,0.25533497,0.8179606,-0.6839064
GAGATGACAATCCTTA-1,-0.072707854,-0.2909672,0.27190948
GAGATGGCTTTAATCA-1,0.0,0.0,0.0
GAGATGGGAGTCGACA-1,0.34916577,0.9359268,-0.7040922
GAGCACCTGTGTCCAG-1,0.3860708,0.77219146,-1.5187322
GAGCACGGCGCCTCTT-1,-0.19649582,-1.503433,0.77183104
GAGCATCAACAACTTG-1,-0.33548918,-1.1523716,-0.7173995
GAGCATCATCCCTGGG-1,-0.1785974,-0.37738752,0.54292005
GAGCCACGGTAGTAGG-1,-0.11066911,-0.351169,0.41204938
GAGCCAGCTACCTGTG-1,0.3383078,1.0995071,-0.9020836
GAGCCGAGCGTTTATT-1,0.06536621,-0.5325849,0.49156803
GAGCGAGGGAGTACCG-1,0.08642578,0.57327265,1.0959842
GAGCGCAAATACTCCG-1,0.27900973,0.79959697,-0.5264904
GAGCGCGCACGAGTAG-1,0.33143547,0.8212763,-0.7175227
GAGCGCTGTTAGGTAA-1,0.10313425,-0.14362814,-0.46456495
GAGCGGAATGCGGTGT-1,0.0,0.0,0.0
GAGCTAAGGGCATATC-1,-0.096596345,-0.23655668,0.94888973
GAGCTCAACATGAGCG-1,0.0,0.0,0.0
GAGCTCTCGGACCTAA-1,-0.21835473,-0.04259098,1.1183566
GAGCTGTCGTCTCGGA-1,0.061989848,-0.8819018,0.87768334
GAGGAATATCTCTTTG-1,0.0,0.0,0.0
GAGGAATGGAGAGGTT-1,0.06868329,0.5344519,0.80524254
GAGGATAAACAGTGCT-1,0.32607847,0.66040987,-0.3295696
GAGGCATTTGCAGCAG-1,-0.20967612,-1.0609576,0.17267214
GAGGCCCGACTCCGCA-1,-0.052576672,0.030476583,0.39587587
GAGGCCTGTTGATACA-1,0.3196949,0.9449005,-0.4536168
GAGGCTATCAAAGTCG-1,0.40453944,1.2524327,-1.2285036
GAGGGAGTCAGATCGC-1,0.0,0.0,0.0
GAGGGCATCGCGTATC-1,-0.060114723,-0.008929936,0.26674885
GAGGGCCATAATATTA-1,-0.3035335,-1.8435483,0.40039128
GAGGGCCGGCAGAGTC-1,0.0,0.0,0.0
GAGGGCGCAGCTCTGC-1,-0.003780955,0.1882421,1.7811108
GAGGGTAGTAACAAAG-1,-0.44474807,-1.3943943,-0.8770581
GAGGTACATCCATCTT-1,-0.105245925,-0.08095437,1.3112566
GAGGTACGCGTGTCCC-1,0.0,0.0,0.0
GAGGTCCCAAAGATCT-1,0.109951146,0.24651095,1.2658374
GAGTAAACCGGAAAGT-1,0.26956967,0.42978996,-0.62444043
GAGTAAGGCCACGGGA-1,0.31671432,0.8862126,-0.9478944
GAGTACGGGTATACAA-1,-0.076126024,0.1002272,1.2979745
GAGTAGATACTAGTTG-1,0.0,0.0,0.0
GAGTATACCCTAATCA-1,-0.041096002,-0.04113479,-0.022650588
GAGTATCAAAGTTACA-1,-0.2523233,-1.3297639,-1.0380908
GAGTATGCCCGCCTTG-1,0.27780077,0.58909184,-1.2889308
GAGTATGCGCGTGCAT-1,-0.012607793,-0.03668754,-0.01707491
GAGTCAGACCAGAATC-1,-0.32438233,-1.156046,-0.85424966
GAGTCCGCTTACCGGA-1,0.29277846,0.59620166,-0.9473123
GAGTCGACAGACCCTC-1,-0.011006527,-0.17345457,0.54298896
GAGTGCACGGACAACA-1,-0.06743681,-0.24003966,0.058501586
GAGTGTCAACCAGAAA-1,-0.009523589,-0.97272885,-0.86454076
GAGTGTGCGGTACCCA-1,0.3086411,0.9621607,0.09803712
GAGTTGATGGCAATTT-1,0.18574849,0.31063026,-0.31597367
GAGTTGTCACCAGTCT-1,0.009445359,-0.42321545,-0.66282505
GATAAATCGGTGGATG-1,-0.3001854,-0.76626277,1.3796564
GATAACTCGCACTGTG-1,0.22936726,0.9179627,0.38324633
GATAAGGCAGATGCAA-1,-0.0879478,-0.1543381,0.07155292
GATACCGTGTCGGAGT-1,-0.0049195513,-0.88174987,0.45026526
GATACGATGGGAGTCA-1,0.2687323,0.6154597,0.034650806
GATAGAACCCGCTAGG-1,0.0,0.0,0.0
GATAGGTAACGTTGAC-1,0.3245047,0.7695976,-1.1072656
GATAGGTGTCCCGGGC-1,-0.44808263,-2.1740224,0.7819312
GATAGTGCGAGTAAGT-1,0.0,0.0,0.0
GATATCTCATGCAATA-1,-0.027273256,0.4561517,0.87885904
GATATGAGACACTAAC-1,0.22795112,0.97692513,0.87393856
GATATGCGGTAGCCAA-1,-0.12742811,-0.06550794,0.6889092
GATATGGATTACGCGG-1,0.01585971,0.13213518,0.9350753
GATATTGAGATTGGCG-1,0.06559132,-0.3452915,0.45347548
GATATTTCCTACATGG-1,-0.3307602,-1.1570314,0.5184569
GATCAACATAAAGGGA-1,-0.27127367,-0.7643336,-0.4023514
GATCATTCCAAACATT-1,0.22945622,1.0693892,0.9881278
GATCCCTTTATACTGC-1,0.2673725,1.082354,0.93310905
GATCCGAATATAAGTG-1,-0.2784534,-1.3988665,0.48309225
GATCCGGGAATTAACA-1,0.21945783,0.9111813,0.18476929
GATCCTAAATCGGGAC-1,0.07731992,0.17909148,1.248628
GATCCTCGACACTGGC-1,0.22948156,0.65667796,-1.3182657
GATCCTCTTGCGCTTA-1,-0.1415727,-0.7386127,-0.05879711
GATCGACACTATCTGA-1,0.07145117,0.1114356,0.41670498
GATCGCGGGCTCTCCA-1,0.3407035,1.0623093,-0.9428536
GATCGCTACCCGATTT-1,0.42034233,1.0920622,-1.325267
GATCGCTATATCTCAG-1,0.25517628,0.58591795,-0.7694351
GATCGCTGTGGTGCGT-1,-0.3819504,-1.1455691,-0.61393833
GATCGGATAGAACCAT-1,0.19988714,0.34673932,-0.821355
GATCGGCGATAAGTCG-1,0.13625471,0.17737587,1.295813
GATCGGTGGCCATAAC-1,0.18508454,0.87994355,1.6434993
GATCGTGACTGATATC-1,0.27003697,0.90908176,0.24399845
GATCTCGACGCTGTGG-1,0.22820938,0.410867,-0.30224365
GATCTGCTATCTAAGG-1,0.0,0.0,0.0
GATCTTGGAGGGCATA-1,0.24230728,0.72158337,-1.1318935
GATCTTTGCAGGGTAT-1,0.3226561,1.0917785,-0.72705954
GATCTTTGCTCAAAGA-1,-0.5080784,-1.8484759,-0.20731448
GATGACAAGTAGGGCA-1,0.18617688,0.3583758,-0.7210435
GATGACGATGATCGCG-1,-0.017445559,-0.2031305,0.92107844
GATGAGGAACCTTCGG-1,-0.0047018286,-0.017742984,0.00924202
GATGCCAGCAGAAGGC-1,0.13625138,0.30033186,1.1656038
GATGCCTTCTGCGGCA-1,0.18361817,0.07649785,-0.72396326
GATGCGAATGGTATTA-1,0.21458252,0.7172549,1.1884013
GATGCGTCCTGCATTC-1,0.33748564,1.0695834,-0.58104336
GATGCTACAAGCGCCT-1,0.2202478,0.75099534,0.9800818
GATGCTACCTTCGATG-1,0.0,0.0,0.0
GATGCTGTATTTCATC-1,0.10548257,0.16386761,-0.95493335
GATGGCGCACACATTA-1,-0.050739717,-0.09692823,1.5237212
GATGGTGAAATAACCC-1,-0.6152278,-2.510082,-0.08379678
GATGGTGCCCTAGGCA-1,-0.23529659,-0.48077074,0.2572006
GATGTAACGAACCACC-1,0.24997331,0.41613522,-0.50156593
GATGTCGGTCAACTGC-1,-0.24139601,-0.5929794,0.86568993
GATGTGTTGTCACAAG-1,-0.35044014,-1.1289872,-0.31373265
GATGTTCAATCCACGA-1,0.2571305,0.88925934,-0.09497429
GATGTTTGTGCGAGAT-1,-0.07598645,-0.100208275,1.2988805
GATTAACCGAAAGCCC-1,0.24237107,0.6332898,-0.5667318
GATTACTGAATTTGGG-1,0.2311906,0.6252407,-0.13013569
GATTAGAAACAAGCGT-1,0.0,0.0,0.0
GATTCCCTTGTCGCAG-1,0.05157409,0.5964531,1.8779306
GATTCCGCGTTTCCGT-1,-0.18976538,-0.366216,0.6862879
GATTCCTATACGGCGC-1,-0.0007489758,0.54271525,1.4869107
GATTCGACGGTTCACG-1,0.2928637,0.9618213,-0.7977632
GATTCTGTTAATGAGT-1,0.0,0.0,0.0
GATTGCTCCAGTTGCA-1,0.07960446,-0.03203385,-1.6558408
GATTGGGAAAGGTTGT-1,-0.009403657,-0.035485968,0.01848404
GATTTAGTGCGTACTG-1,-0.20831394,-0.693266,0.08234375
GATTTGCGCTAACACC-1,0.0,0.0,0.0
GCAAACCCTACATTAT-1,0.28854567,0.7846754,-0.42957667
GCAAACCTTGGCCATA-1,0.05246302,-0.322365,-1.5799441
GCAAACGTCGCCAGGT-1,0.23547927,0.42479613,-0.15024439
GCAAAGGGCGTTAGCC-1,0.06336576,0.23424678,-0.92019975
GCAAATATTACGCTTT-1,0.36118716,1.0950125,-1.0143986
GCAAATGAGGACACTT-1,-0.06175988,-0.5933102,0.058304854
GCAACACACTAGAACT-1,0.2595995,0.9167228,-0.87303716
GCAACAGCAGTATGCG-1,0.2880982,0.8853918,0.06966312
GCAACCACCAGACCGG-1,-0.20441401,-0.482689,1.1118698
GCAACCACGGCCGCGT-1,0.27695492,1.0238284,-0.50253975
GCAACCCAAGTTGTTT-1,-0.2149463,-0.6667983,-0.045192197
GCAACGGCTAGTTATG-1,0.29345596,0.6793167,-0.30305558
GCAAGAATTCCTTGGC-1,0.24352379,0.9973378,0.10717851
GCAAGATGTGTTCGCG-1,-0.27266783,-1.9790833,0.4334755
GCAAGTGCACAGAGAA-1,0.06983963,0.45392698,0.21456726
GCAAGTGTAAAGCATG-1,0.0,0.0,0.0
GCAATTAGTCGCACCG-1,0.0038747115,-0.2459293,-0.18223691
GCACAAACCCTAGATG-1,0.0301623,0.12604132,-0.30955398
GCACAAACGAGGCGTG-1,0.29542074,0.9002265,0.112931
GCACAACCTCGGGCGT-1,0.05831384,-0.646322,-0.7248231
GCACAAGTGTCGGAAG-1,-0.17531624,-0.40189654,0.6705098
GCACACACTGGTAGCC-1,0.28306398,0.7560821,-0.6456236
GCACACAGCTATTACC-1,0.0,0.0,0.0
GCACACGCCCATGGTC-1,0.33932075,0.7803328,0.60659516
GCACAGCACGGGCCGA-1,0.0,0.0,0.0
GCACCTTCCCGAAGGT-1,-0.63638455,-2.5601525,-0.8434959
GCACGCCGATTCCCGC-1,0.0,0.0,0.0
GCACGCCTACTTAGAT-1,0.03276872,-0.24204822,-1.4012351
GCACGTGGTTTACTTA-1,0.27216613,0.754147,-0.7019725
GCACTAGTCGCGCTAT-1,-0.21291952,-0.3188275,1.2292062
GCACTGCCTACCTTTA-1,0.0,0.0,0.0
GCACTGTGCAAATGTA-1,-0.10515211,-0.2688917,-0.03961957
GCAGAAACGTAATCCA-1,-0.07722547,-0.27124298,-0.019312285
GCAGAAGGTAATCTCC-1,0.042589836,-1.0703284,-0.66823554
GCAGACCCAGCACGTA-1,0.26531973,0.9950807,1.0600146
GCAGATCCATAAGACT-1,0.2409246,0.7633598,-0.4275276
GCAGATCCTCGCAAAT-1,0.19815339,0.59162265,1.2512361
GCAGATTAGGGATATC-1,0.30365852,1.0182655,-0.3995739
GCAGCACACAGCCCAG-1,0.26786047,0.93474907,-0.17388467
GCAGCCTATATCACAT-1,0.20538108,-0.46011922,-0.21922728
GCAGCTATGGACAGGT-1,-0.13307603,-0.9327023,1.021226
GCAGCTGTCAACGCAT-1,0.0,0.0,0.0
GCAGGAACTTAGATCT-1,0.032559272,0.2531863,0.15502603
GCAGGACTATAGAATA-1,0.3396075,1.0822731,-0.49643627
GCAGGTAGAGTATGGT-1,-0.14361313,-0.39871272,0.498618
GCAGTGCGGGCGGATG-1,0.2854964,-0.24388814,-1.832456
GCAGTGTGGCTATAGG-1,0.29934996,0.3027155,-1.7395661
GCAGTTCGATCCGAGC-1,0.26282942,0.39030692,-1.9859982
GCATAAATTGAACGCC-1,0.0,0.0,0.0
GCATACGAGGTCTTTA-1,0.28526682,0.7565384,0.8803691
GCATAGAGCACTCAGG-1,0.28930345,0.9627757,-0.31142327
GCATCCCTAACTTTGA-1,-0.18166518,-0.23049313,1.2159972
GCATCGGCCGTGTAGG-1,0.28706157,0.68299544,-0.3457579
GCATGAGGGACGCGGC-1,-0.039512865,0.34772357,1.3456333
GCATGCTAATAACGAT-1,-0.27675757,-0.60150003,-0.065817155
GCATTCAAGGCAACGC-1,0.1758501,-0.32976693,0.571134
GCATTCGAAATGAACA-1,0.19684222,0.52070254,1.3974168
GCATTGTAATTCATAT-1,0.23100153,1.325235,-1.3927121
GCATTTCCAAGGCTCC-1,0.07368444,-0.84970427,0.12599391
GCCAACCATTTCCGGA-1,0.028081771,-0.96133506,0.17819235
GCCAAGAATACTTCTG-1,0.33237812,0.45791677,-0.72956634
GCCAATAGGGCATCTC-1,-0.06529229,-0.81724185,0.3621953
GCCACAATTTAAGGAC-1,0.295986,0.92817634,-0.4818293
GCCACTCAGAGCGCGA-1,0.2949862,0.8877956,-0.96500516
GCCACTCCTTACGGTA-1,0.05769256,-0.3485519,-1.835949
GCCAGGAAAGAACACT-1,0.0,0.0,0.0
GCCAGGAGTAACCGAT-1,-0.05779249,-0.034507267,1.2873183
GCCAGGCGTTCGCATG-1,-0.3200783,-0.8526187,0.36648768
GCCATATTGCACACAG-1,-0.10086071,-0.33298403,1.4637821
GCCATCGAGCTGCGTG-1,0.2799403,0.7426455,-0.5751633
GCCATCGATGCTGCAT-1,0.15690878,-0.30247766,0.46436653
GCCATTAGCCTCAAAC-1,0.26947385,0.6474973,-1.5286244
GCCCACCAAGGCTGTC-1,-0.16366546,-0.41084594,0.2964254
GCCCACTGGTCCACAA-1,0.0,0.0,0.0
GCCCAGATGCTGGAGA-1,-0.3843772,-1.8007693,0.78799176
GCCCAGTTGGTATGCC-1,-0.03144967,0.41551504,1.3441092
GCCCGACTTCTTCCCG-1,0.3362598,0.97429484,-1.7761836
GCCCGAGAGTCTAAAT-1,0.035826538,-0.53011435,-0.88359344
GCCCGATCTGTGGTCG-1,0.09542919,-0.036320098,-0.9457322
GCCCGATGCCCAGTTC-1,-0.49814528,-1.4620589,-0.6179664
GCCCGCGCGTAAACGG-1,0.31950316,0.64180714,-1.4638022
GCCCGCGCGTTTGACA-1,-0.057618197,0.192979,1.3627006
GCCCGTAATACCTTCT-1,-0.16795962,-0.32920775,0.701837
GCCCTAGCCGTCGCGA-1,0.13304055,0.5555765,-0.09111868
GCCCTGAGGATGGGCT-1,0.0,0.0,0.0
GCCGAAATTCCTACGT-1,0.28671253,0.8782619,-0.7740622
GCCGACCCACGACTGC-1,-0.17450903,-0.6627355,-1.2883625
GCCGATTGGCCAAGCT-1,0.29780334,0.99372387,-0.75514925
GCCGCACTCCGTTTCA-1,0.009217067,-0.56379354,0.048508435
GCCGCATTAGTCCGGC-1,-0.096813925,-0.0772442,0.34118342
GCCGCTTGTGAGAAAC-1,0.32018253,1.0511395,-0.77152467
GCCGGGTTAGGGTCGC-1,0.23228748,0.76148176,-0.5510459
GCCGGTCGTATCTCTC-1,0.0,0.0,0.0
GCCGTCGGTTTCGGGC-1,0.0,0.0,0.0
GCCGTGGAAGAAATGT-1,0.32423267,0.45900458,-0.24266869
GCCTACGTTCTGTGCA-1,0.0,0.0,0.0
GCCTAGCGATCTGACC-1,-0.04615182,0.10822084,1.0242999
GCCTATAGTGTCAGGG-1,-0.017379958,0.39275408,1.2803516
GCCTATCAGGTAAGAT-1,0.11764911,-0.49034178,-2.018421
GCCTATGCTGGGCCTT-1,-0.008726966,-0.43884212,0.6546692
GCCTATTCCGATATAG-1,0.054216605,0.52165747,0.7292792
GCCTATTTGCTACACA-1,-0.05038564,-0.22742707,0.13585772
GCCTCAGGTACCGGTC-1,-0.07554769,-0.2084694,-0.09762437
GCCTCATCTGGAAATA-1,0.2695558,1.1547792,0.80288017
GCCTCCGACAATTCAC-1,0.26682752,0.6370361,-0.83577967
GCCTCTATACATAGCA-1,0.207057,0.60254306,-1.0351572
GCCTGCTACACTGAGA-1,-0.23975983,-1.4295741,0.5472309
GCCTGTCCCGGTGCAT-1,0.0,0.0,0.0
GCCTTCAGCCCTACCG-1,0.13982761,0.55156195,0.9461713
GCCTTGTATATGCAGT-1,-0.06620013,-0.19842811,0.45109698
GCCTTTGTCAGTGGAC-1,0.0849429,-0.5354389,-0.6687148
GCGAAACGATCGGGAG-1,0.28750196,0.9152925,-0.34012812
GCGAAACTTAACTGGA-1,0.23698503,0.68955916,-0.49736273
GCGAAGAATCTGACGG-1,-0.030786471,-0.11399218,0.06697283
GCGAAGCCATACCCGT-1,0.28666446,0.9887025,0.25322467
GCGAATGGACTAGCGA-1,0.0,0.0,0.0
GCGACATGTAAACATC-1,0.33375415,0.86105525,0.3789543
GCGACCCAACCATCTG-1,-0.1596507,-0.94525015,-0.9051325
GCGACGATAGTTGTAC-1,0.3124709,0.81213754,-1.1856436
GCGACGGTAGTCTCCT-1,0.0,0.0,0.0
GCGAGAAACGGGAGTT-1,-0.032291822,-0.08910741,-0.0417282
GCGAGAGGCCATGTAA-1,-0.004870723,-0.70003676,0.8575906
GCGAGAGTTGCGTCCA-1,0.28403836,0.31068578,0.3286943
GCGAGCGCATGCTCCC-1,0.34442255,0.74564093,0.49618837
GCGAGGCCCGAGCAGA-1,0.27113706,0.8648366,-0.58105975
GCGAGTTCTGCAAAGA-1,0.30285645,1.0940245,0.10796936
GCGATTCTGGAAGCAG-1,-0.2386665,-0.5034269,0.81732047
GCGATTGTTAACGTTA-1,0.2014994,0.89967346,1.5035921
GCGCAAATATATTCAA-1,0.23976077,0.24668182,-0.9164892
GCGCAAGAGCGCGCTG-1,0.26594472,1.0027604,1.0396152
GCGCATCCAGTCAGCA-1,0.16646878,0.5779869,0.29836598
GCGCCGTTCCACGATA-1,0.28703472,1.1958573,-1.0633787
GCGCCTCCCACTCCGA-1,0.28218034,1.0028712,0.3352594
GCGCGGTCTAGTAACT-1,0.0,0.0,0.0
GCGCGTCATTGGTACA-1,0.18633348,0.2620574,-0.8389038
GCGCTAATTGAATAGA-1,0.24308199,1.1666385,0.88790864
GCGCTATGCCGAGGCA-1,0.25442412,0.976767,-0.0512516
GCGCTCGATCACCTGT-1,-0.14191939,-1.5314635,-0.09298207
GCGCTGATCCAGACTC-1,-0.28661773,-0.93525225,0.6447585
GCGCTGCTTTGCATTT-1,0.06812189,0.32154515,1.2333435
GCGCTTAAATAATTGG-1,0.21592373,0.33151588,-0.9057332
GCGGACCGCGTTGTGG-1,0.4226047,0.89031625,-1.6542298
GCGGAGAAACTTCGCA-1,0.30439055,0.4432028,-0.9813187
GCGGAGAGGGAGAACG-1,0.19769214,0.6219514,-0.44442213
GCGGCAAAGTATTGCC-1,0.3173461,0.64991105,-1.0733505
GCGGCTCTGACGTACC-1,0.2885568,0.99152875,-0.4247472
GCGGCTTTAGCAAGTT-1,0.0,0.0,0.0
GCGGGAACCAGGCCCT-1,0.1674869,0.7691195,1.004426
GCGGGCATTACGATGC-1,-0.11993242,-0.6307753,0.16602999
GCGGGCGAGCCTTACC-1,-0.07460242,-0.83569163,-0.6672572
GCGGTCCCGGTGAAGG-1,-0.095319465,-1.0892655,-0.02574529
GCGGTCCCTAGACGCA-1,-0.06872019,0.056498025,0.8384561
GCGGTCTTGCTTTCAC-1,0.0,0.0,0.0
GCGGTGAACTGCGCTC-1,-0.14755188,-0.19409129,0.83728963
GCGGTTCCCTATCATG-1,0.24645998,0.60783684,-0.6986615
GCGTAAATGGCCATAA-1,0.2943763,0.9720054,0.49254397
GCGTCCCTAAGACATA-1,0.0,0.0,0.0
GCGTCGAAATGTCGGT-1,0.17112134,0.8210342,1.0328945
GCGTCGCCAGGGTGAT-1,-0.21767749,-1.064719,-0.99679375
GCGTCGTAACATGGTC-1,0.0,0.0,0.0
GCGTCTAACCTCCTAA-1,0.0053703603,-0.29395348,-0.21949507
GCGTCTCTGCATTGGG-1,0.2996757,1.1057438,-0.011511712
GCGTGGTACTGGGTTA-1,0.36696565,0.73319227,0.42653224
GCGTTATATTTGGAAC-1,0.12567185,0.15430932,0.29793796
GCGTTCGGAGACCGGG-1,-0.058490127,-0.50183487,0.086311325
GCTAAACCTGAGGTGA-1,0.066820495,0.6166039,1.2914313
GCTAACTGAAGTCTGA-1,0.2666539,0.17046094,-1.4102443
GCTAAGTAAAGGCGAT-1,0.23297668,0.67251956,1.3785152
GCTAAGTAGTTTCTCT-1,0.03146496,0.384083,1.1489689
GCTAATACCGAATGCC-1,0.27843478,0.8997017,1.1573694
GCTACAATCGAGGATA-1,0.3147647,0.7572446,-0.74123186
GCTACAGTACGGACCG-1,0.26624298,0.5929958,-0.4292368
GCTACGACTTATTGGG-1,0.27914074,0.9082419,-1.1532255
GCTACTATAGTAGAGT-1,0.29995725,0.8381219,-0.7201259
GCTAGACCGTCTACTG-1,0.27427745,0.96484405,0.053885996
GCTAGAGTAGAGATGT-1,0.29210347,0.787226,-0.84754956
GCTAGCACCTGGGCCA-1,-0.4080761,-1.9400707,0.91835743
GCTAGCAGGGAGTGGG-1,-0.049070038,-0.33174658,0.5558597
GCTAGCGATAGGTCTT-1,-0.26276988,-0.82388157,-1.2350833
GCTAGCTTGAATAGCT-1,0.38896164,0.9606549,-1.222496
GCTAGGCACCACGGAG-1,0.18508475,0.38168544,-0.6355639
GCTAGTAGAGCTTGTA-1,0.2896313,1.0514562,-0.5882995
GCTAGTTTCATTGAGG-1,-0.1892048,0.03984514,1.7443931
GCTATACGTCTCGGAC-1,0.28688908,0.99645686,-0.32177138
GCTATCATACTCATGG-1,0.3289772,0.9767748,-1.1071805
GCTATCGCGGCGCAAC-1,0.023590349,0.13400589,1.4069312
GCTCAATCCGTTTATT-1,0.32323307,0.6164726,-0.77314144
GCTCAATGTAATACCG-1,0.0,0.0,0.0
GCTCATTACTGCATGT-1,-0.1853448,-0.37145033,0.9337286
GCTCATTGATCATATC-1,0.0,0.0,0.0
GCTCCATGAGTGCAGA-1,0.33862585,-0.20805113,-2.131226
GCTCCATGCAAAGCAA-1,0.0,0.0,0.0
GCTCCCAGTCGGTCCA-1,0.21327303,0.6679318,-0.09115084
GCTCCGCTCGCTTCAG-1,0.30021855,0.78145516,-0.29438815
GCTCCGGACGTTGATA-1,-0.104906745,-1.8775113,-1.2532052
GCTCCTGACATACTGG-1,0.27903733,0.45018739,-1.014866
GCTCGCGGTTCCGCTC-1,0.17717113,0.6318439,1.2559993
GCTCGCTCATGTCCAA-1,0.24771652,1.0814599,1.1197891
GCTCGGAATTTAAAGC-1,0.22723773,0.43169528,0.93963987
GCTCTAAACCCTGACG-1,0.20563857,1.0655557,1.3631471
GCTCTATGTTACGTGC-1,0.15272646,0.85843885,0.49046093
GCTCTCGGGTACCGAA-1,0.23562272,1.1050895,1.2841815
GCTCTTTCCGCTAGTG-1,0.0,0.0,0.0
GCTGAACTCTCCAGGG-1,-0.3388432,-1.6865343,0.64739394
GCTGAATCTTCCAATC-1,0.29039285,0.8271954,-1.0648242
GCTGAGGCGTGAGTAT-1,0.23135959,0.8363118,-0.59210527
GCTGCACGGTTTCTTA-1,0.20770368,0.8215312,-0.81104535
GCTGCGAAGAATTATT-1,0.0,0.0,0.0
GCTGCTAAGTAGTCGA-1,-0.32458383,-0.91033953,-0.48001078
GCTGCTACTGCGTAGC-1,0.27885374,0.830734,-0.6359872
GCTGCTCTCCGGACAC-1,0.24677047,0.9454296,0.61209416
GCTGGACCCAAAGTGG-1,0.08631093,-0.35457307,0.42780185
GCTGGCAGGTGCCGTG-1,-0.22268414,-0.61207235,-0.2577807
GCTGGCATATTCACCT-1,0.04665606,0.7464552,0.64475614
GCTGGCGGCGCATGCT-1,-0.108975016,-0.7504119,-1.0668103
GCTGGGAGCGCGTCAA-1,0.0,0.0,0.0
GCTGGTGACTCGTAGT-1,-0.16689944,-0.9133407,0.24345845
GCTGGTTTAGGCCATA-1,0.17935307,0.12873857,-0.80243546
GCTGTATTACTGGCCC-1,0.23875001,0.6367235,-0.35400856
GCTGTTGCTACCGAAC-1,0.293596,1.0894268,0.67778057
GCTTAATGTAACTAAC-1,0.2593319,0.8604055,-0.066105075
GCTTACGTAGTTAGTA-1,0.28071985,-0.067850135,-0.07312327
GCTTAGGGAAGCGGTA-1,-0.23759022,-0.68737835,-0.18130015
GCTTATGAAGCAGGAA-1,0.20736988,1.0298709,1.7233791
GCTTCAGTGGGATTAC-1,-0.45674634,-1.9240577,0.1717664
GCTTCCGTCCCTAGAC-1,0.016894652,0.17844139,0.794882
GCTTCGACGTTCAATC-1,0.18346094,0.18198188,-1.1628147
GCTTGATGATAATCAG-1,-0.058557928,0.43721762,0.9689325
GCTTGCAGCACAATTG-1,-0.004831373,-0.37026942,0.24124417
GCTTGGATCGATTAGG-1,0.17223248,0.27785406,0.0010622817
GCTTTACACAACTGGG-1,-0.06677935,-0.58081025,-1.0691664
GCTTTCAGAGGAGGTG-1,0.23397076,0.46324626,0.44442043
GCTTTCTATCTCAACT-1,-0.6637875,-2.918458,-0.16335714
GGAAACCTTGTTGAAT-1,-0.013414892,-0.779469,0.7826834
GGAAACTAAATGGGCC-1,0.31061387,0.77232087,-0.92912173
GGAAAGGGAATTGAGC-1,0.0,0.0,0.0
GGAAAGTCTTGATTGT-1,0.0,0.0,0.0
GGAAAGTGCCCATGCC-1,-0.08443753,0.1024405,0.94434214
GGAACCCGAACAAGAA-1,0.08533069,0.43958583,1.0794457
GGAACCGTGTAAATTG-1,0.20142017,0.15524131,-1.4373599
GGAACCTTGACTCTGC-1,0.21303618,0.45943245,-0.95689905
GGAACGGCCTGCAGCC-1,0.1581037,0.5401322,0.97809774
GGAACTTTGGCGATTA-1,0.08242712,0.01497382,-0.4773516
GGAAGATAAGACTGTA-1,0.0,0.0,0.0
GGAAGCTCGCTTACAG-1,0.019469455,0.108938485,0.44311342
GGAAGGACACCGTATA-1,0.0,0.0,0.0
GGAATGCGCTAGCGTG-1,0.10356978,0.5667778,1.3546374
GGACAACCATGAAGCC-1,-0.39686495,-1.2844875,-0.6229182
GGACAAGTTGCAGTGA-1,0.106853426,0.39430583,0.66307133
GGACACAAGTTTACAC-1,0.23877124,0.9268406,0.3090209
GGACCAACAGGATAAC-1,0.3285923,0.8855122,-0.61942416
GGACCTACGGTAACGT-1,-0.19499117,-0.8200047,1.7514318
GGACCTCTAGGCCGCC-1,0.13089587,-0.24079429,-1.0339395
GGACGGCTTGCGCAAC-1,-0.10376942,-0.86200994,0.36215064
GGACGGGCGACCAACC-1,-0.13311838,-0.39802793,-0.053005073
GGACGTCCATAGTTGG-1,-0.0032998277,-0.6061857,0.88126713
GGACTAAGTCAGGAGT-1,0.008099017,0.06590375,0.09403771
GGACTCACAAATTAGG-1,0.01876847,-0.8427882,-0.25484735
GGACTCGAAGCTTTCA-1,-0.14927983,-1.2115756,-1.5362854
GGACTCGACAGCGCAT-1,0.0,0.0,0.0
GGACTCGTGAGTGGTC-1,-0.03383583,-0.09478616,-0.04902252
GGACTCTTCCGGTTGA-1,0.061319847,-0.9189132,-1.6474582
GGACTCTTTGACTAAG-1,0.0,0.0,0.0
GGAGAAGTCATTGGCA-1,-0.07170683,0.34753358,1.3563962
GGAGACCAATGTGCTT-1,-0.25486702,-1.6528013,-0.29332083
GGAGACCATCTACATA-1,0.002141077,-0.22340834,-0.6491683
GGAGACGACACCTTTG-1,0.22625478,1.0400755,-0.95892423
GGAGCAACATTTCAAG-1,0.23046876,0.6884644,-0.4093114
GGAGCACCAAGAACTA-1,0.014254149,0.026945904,0.8458275
GGAGCGAGGCCTACTT-1,0.0,0.0,0.0
GGAGGATTGAAAGGAG-1,-0.04488101,-0.26089603,0.5075698
GGAGGCCGAAGTCGTC-1,0.23300429,0.23692027,-0.17956652
GGAGGGCTTGGTTGGC-1,-0.10798466,0.1518954,1.3552299
GGAGGGTCAAGTAAGA-1,-0.04982615,-0.7644257,-1.264868
GGAGTGCCGCCCTGGA-1,0.27546823,0.7706016,0.15203157
GGAGTTGATTCTGTGT-1,-0.3921639,-1.6682914,-1.5833621
GGATACTCATGAATTG-1,-0.06942301,-0.2136731,0.28852147
GGATCAGAGCCATCAG-1,0.0005278225,-0.5649451,-0.35346884
GGATCATCCCGTACGC-1,-0.3486381,-1.2464981,0.34226817
GGATCCGGAATATACT-1,0.20717713,0.6367363,1.1223016
GGATCTTACTGCCCTT-1,-0.056830376,-0.16072223,-0.05927723
GGATCTTGACTCAACC-1,-0.033821136,-0.20184903,0.13730404
GGATGAAGATCGCTGA-1,0.2706947,1.1291822,0.42265996
GGATGACGCGAGTTTA-1,0.26482883,0.8469505,-0.5265772
GGATGCTGGCGTTCCT-1,0.29099765,1.2052181,-0.51444644
GGATGGCTTGAAGTAT-1,-0.18005532,-0.5448874,-0.47577128
GGATGTCCTTACCGCA-1,0.24758458,0.9862741,1.3264849
GGATTAAGCTAAGGTC-1,-0.13004252,-0.76773465,0.022187585
GGATTAATCATGGACC-1,0.0,0.0,0.0
GGATTCAGTACGGTGG-1,-0.07263891,0.1535328,1.2912637
GGATTCCGCTATACCC-1,0.018254418,0.12908834,0.22618479
GGATTGCTGTGACTCC-1,0.16899817,-0.0096072825,-1.2399383
GGATTTCACTTCTATA-1,0.03876078,0.4346694,1.2465755
GGCAAAGGCGCCAATA-1,0.29113713,0.314764,-0.8475494
GGCAAATTACTTTACT-1,0.27820197,1.0061284,-0.32039708
GGCAAGCCAGGGATAG-1,-0.39571452,-1.9992076,0.0934195
GGCAAGCCCATAGTGG-1,0.0,0.0,0.0
GGCAAGGCGAAATAGC-1,0.19374621,0.55794036,-0.7862189
GGCAATAGTCAATGAG-1,0.19798668,0.8160582,0.981721
GGCACTCAGCCGACCC-1,-0.0665171,-0.9689881,-1.4596211
GGCACTCCACTGGGCA-1,0.3580041,1.1499895,-0.9250973
GGCACTGCGGTGGTTT-1,-0.33839545,-1.6502644,-1.5625818
GGCAGAGAGATCGGGA-1,-0.12078677,-0.34022364,-0.026834115
GGCAGCAAACCTATGC-1,0.32547164,0.9684885,-0.9182098
GGCAGCGGTAATCCTA-1,-0.19668034,-0.716647,0.9550177
GGCATACAGGTAGCGG-1,0.38310653,1.4446843,-1.0697994
GGCATATCGGTTCTGC-1,-0.4086557,-1.5259778,0.5753296
GGCATTGAACATCTCA-1,0.0,0.0,0.0
GGCCCAATCTAGAGGG-1,-0.6637278,-2.5801458,-0.12290177
GGCCCAGCTGGTTTGC-1,0.0,0.0,0.0
GGCCCAGTTATCAGCA-1,-0.071280934,-0.62870973,0.24115054
GGCCCGGAGCATGTCT-1,0.15831229,-0.4448039,0.19423476
GGCCCGTATACCATGC-1,-0.16733974,-0.759707,0.5649054
GGCCCTCACCCACTTA-1,-0.029464267,0.03169721,-1.147713
GGCCGAGACTCTGGTG-1,-0.576335,-1.687451,-0.8090336
GGCCGCAGGAACCGCA-1,-0.13500991,-0.5932565,-0.5294469
GGCCGGCGTCTGCTAT-1,-0.056803636,-0.1859497,-0.11085123
GGCCGTTTGGGTTTCA-1,-0.06131844,-0.16920464,-0.07923702
GGCCTGCTCTGATGTT-1,0.0,0.0,0.0
GGCCTGCTTCTCCCGA-1,0.24533226,0.34937513,-1.6086959
GGCCTTTGCAACTGGC-1,0.2291382,0.58418685,0.5870178
GGCGAAATCTAACTTG-1,0.26781735,0.7968671,-0.024397539
GGCGAACCGTTCTGAT-1,-0.30721977,-1.1097534,0.088470295
GGCGAGCGAAACGGCA-1,-0.063406855,-0.5326898,-0.35198382
GGCGCAGGACATCTTC-1,0.2752143,1.0956496,-1.4621428
GGCGCATGAATTGATG-1,0.2647354,0.8224793,-0.55632067
GGCGCGGAGATCTTTC-1,0.2994767,0.4480516,-1.3635256
GGCGCGTTCGAGTTTA-1,0.3191006,0.72090137,-1.1330806
GGCGCTCCTCATCAAT-1,-0.107279554,-0.24223918,0.61943626
GGCGCTTCATTCCCTG-1,0.0,0.0,0.0
GGCGGAGTAATATTAG-1,0.291335,1.1577207,0.0979489
GGCGGTAGGATCATTG-1,0.23321526,1.1951525,1.2120782
GGCGGTTTGCCGGTGC-1,0.030763783,-0.13163313,0.34514904
GGCGTAGGGAAAGCTG-1,-0.04670879,-0.72303253,-0.4153373
GGCGTCCTATCCGCTG-1,0.079821646,0.77459,0.6977857
GGCTAAAGGGCGGGTC-1,-0.1893094,-0.67869747,0.000982106
GGCTAATGATTGAAAT-1,0.050002415,-0.4370981,1.1382413
GGCTACTATACACTCC-1,0.0,0.0,0.0
GGCTATTAAGTTGTAT-1,0.42054096,1.249434,-1.0736456
GGCTCCTCCACCTGTT-1,-0.12530272,-0.5053324,-0.28266293
GGCTCGCGTTGAGGTA-1,0.061849162,0.057568263,0.5214743
GGCTCGTGCCACCAGC-1,0.024519281,0.67638975,1.4208391
GGCTCTGCTCCAACGC-1,0.10026573,0.50268817,1.1433408
GGCTGAAATAGCAAAG-1,0.27129877,0.8982502,-0.24919705
GGCTGAGCATCGTAAG-1,-0.4660225,-1.8349406,1.4925113
GGCTGGCTAGCTTAAA-1,-0.13941708,-0.40750042,0.0026902873
GGCTTGGCTCTCACCT-1,-0.09711125,-0.26709613,-0.1081001
GGCTTTCAATAAGGGT-1,-0.12331047,-0.34851584,-0.13464785
GGGAAAGAATGCCAAC-1,-0.15784022,-0.8596976,-1.1261784
GGGAACGGGAGGTTAG-1,0.22929198,0.6357669,-0.5555607
GGGAACGGTTTCAGAT-1,-0.38989908,-1.2027473,-0.40131956
GGGAAGACGGTCTGTC-1,-0.0369634,-0.08039239,-0.05846417
GGGAAGGGCTTTCTCA-1,-0.27612525,-1.6388607,-0.38242838
GGGAATGAGCCCTCAC-1,0.19401154,-0.08772937,0.8081126
GGGAATTCTGTCCAGT-1,-0.07676081,-0.1848913,-0.09109663
GGGACAGAGTTACTCC-1,0.1625518,0.104052685,-0.8650247
GGGACCCGTATATCTT-1,-0.5571211,-1.2814428,-0.78757715
GGGACTGCATAGATAG-1,0.33505327,1.1365585,0.10577934
GGGAGAACTCACAGTA-1,0.27666312,1.1210991,0.81702757
GGGAGCGACCGTAGTG-1,0.0,0.0,0.0
GGGAGGATGCCCGAAA-1,0.35150552,1.1126847,-0.8896511
GGGAGTAATGGCTGGC-1,-0.071764335,-0.1808782,0.24532413
GGGAGTTAATGAGGCG-1,0.12876524,0.8024669,1.2144747
GGGATATTGATCGCCA-1,-0.076130606,-0.2132688,-0.110300675
GGGATCCCAATACAAA-1,-0.2145855,-1.8038838,-0.3195448
GGGATGGTCGTAACCG-1,0.2504258,0.548032,-0.7909721
GGGATTTACCGCACCT-1,0.2369789,0.89841723,0.37562165
GGGCAACCGCACGTGC-1,0.253648,0.68929803,-0.49378496
GGGCACGAATTGGCCG-1,-0.2152787,-0.62973607,-0.1720029
GGGCACGTAGTACTGT-1,0.0,0.0,0.0
GGGCAGAGCAATCGTT-1,-0.16994718,-0.40461144,-0.19572337
GGGCAGTCAACGCCAA-1,0.0,0.0,0.0
GGGCATGCATGTCGAG-1,0.0,0.0,0.0
GGGCCATTCGTGCTGG-1,-0.0063454197,-0.34467882,-0.54122114
GGGCCCGTCTTAAACA-1,0.27161673,0.85313904,-0.4735049
GGGCCCTACGAAAGGG-1,0.27385908,0.8867957,0.18346684
GGGCCCTTATCTATAC-1,2.031548e-06,0.11756199,0.2862749
GGGCCGGCCGAAGTAC-1,0.23151258,0.92070585,0.9819446
GGGCCTAAATGGGCTA-1,0.27357948,0.06848538,-0.54045415
GGGCCTATTTAAGTAT-1,-0.0798389,-0.62052274,0.5486891
GGGCGATATGTGTGAA-1,0.27196196,1.113262,0.90650356
GGGCGCAGCGTTACTC-1,0.07133568,-0.6302068,0.24701837
GGGCGGCAAATGAATT-1,0.25512138,0.35475585,-1.504387
GGGCGGGTTCCCTACG-1,0.22967078,0.9172244,0.01772632
GGGCGGTCCTATTGTC-1,-0.10583246,-0.54364884,0.5188669
GGGCGTACATTTATAT-1,0.11984143,0.86599666,1.314885
GGGCGTCACCACGTAA-1,0.32545817,1.0665314,-0.81228185
GGGCGTCCACTGGCTC-1,-0.19760922,-0.49351814,0.6712023
GGGCGTGGTTTCCCAG-1,0.01621497,-0.5048667,-1.0698985
GGGCGTTTACATTCAT-1,-0.46515268,-1.2277269,-0.96503156
GGGCTACTATTTCGTG-1,-0.027411688,-0.34041628,-0.5007724
GGGCTATGATCGATGG-1,-0.63929737,-1.5557164,-0.9546848
GGGCTCATCGAACCCA-1,0.11220146,0.47797588,1.18309
GGGCTGCCTAGGGCGA-1,0.2667243,1.2334216,0.92185545
GGGCTGGTTAGTCGCG-1,0.17788488,0.81746125,1.0379184
GGGTACCCACGGTCCT-1,-0.30318636,-1.0642161,1.2309909
GGGTACTTCATGAACT-1,0.26896998,0.9618751,-0.5292638
GGGTATGTATGCACTT-1,0.083691455,0.6532027,0.772153
GGGTATTCTAGCAAAC-1,0.22725272,0.6812809,-0.6887433
GGGTCACCGTGACGGT-1,0.35284197,1.0683734,-0.97370595
GGGTCACGTGCTTATG-1,0.014450569,-1.4633517,-1.2840927
GGGTCAGGAGCTAGAT-1,0.0,0.0,0.0
GGGTCATGCGTACCAT-1,0.15363179,0.240441,1.2258929
GGGTCCTTGGAAGAAG-1,0.31434488,0.26807925,-1.0168396
GGGTCGTGGCAAGTGT-1,-0.14232172,-1.6394918,0.21084505
GGGTCTATCGCTTTCC-1,0.17244685,0.12547985,-2.0330014
GGGTGACACCTTAACT-1,0.3643075,0.7903392,-0.95215994
GGGTGCATATGAAAGC-1,0.13648456,-0.7537198,0.38979012
GGGTGGTCCAGCCTGT-1,-0.09159097,-0.199985,0.95338154
GGGTGTTTCAGCTATG-1,0.12729238,0.46136862,0.75455225
GGGTTAACATTTGAGT-1,-0.0056350282,-0.84055555,-0.85977167
GGGTTCAGACGAACAA-1,-0.05534974,-0.14627102,1.0696471
GGGTTTAGGATAGGAT-1,0.24521206,0.86158884,0.032575667
GGTAAACTCTGCGCTG-1,0.036883425,0.46487653,-0.48415732
GGTAAATGTGCGTTAC-1,-0.02717744,0.004024696,0.96672994
GGTAACCGGGAGGATA-1,0.30616754,0.67953265,-0.9828809
GGTAACTATGTATCTG-1,-0.25084963,-0.4151656,0.93857795
GGTACAAACATGCTAT-1,0.27648914,1.1361047,-0.123146884
GGTACACCAGATTTAT-1,-0.16839121,-1.001953,0.6139941
GGTACATCTGGGACGA-1,0.14257377,0.5365578,0.12816703
GGTACCATTAAGACGG-1,-0.14658,-1.2724375,0.89962095
GGTACGTTGCGGCCGG-1,0.12165547,0.3797194,-1.5310718
GGTACTAAGTGCTTTG-1,0.13753398,-0.62054753,-0.9878439
GGTAGAAGACCGCCTG-1,0.28017032,0.7806675,-0.5366108
GGTAGACCGTTGGGCG-1,0.029874535,-0.7449794,-1.5380076
GGTAGGCCAATATCAC-1,0.0,0.0,0.0
GGTAGTGCTCGCACCA-1,0.17990117,0.9501335,0.94436646
GGTATAGTGACACATA-1,0.10121914,-0.9343224,-0.17345637
GGTATGAAAGAACTGA-1,-0.19549428,-0.6126106,-0.08874944
GGTATTGCCGAGTTTA-1,0.21668218,1.0792354,0.85817456
GGTCAAGACTACTTCG-1,0.27373445,0.7501876,-0.6534015
GGTCAGTGGGTCCCAC-1,0.33972287,0.7793621,-1.0806417
GGTCATTGTAGTCATA-1,-0.35629523,-1.3497555,0.01606309
GGTCCACGTCTATTTG-1,-0.21328278,-0.6226197,-0.28812543
GGTCCCATAACATAGA-1,0.0204004,-1.4534441,-1.271046
GGTCCTTCATACGACT-1,0.015246196,-0.14485309,0.4275852
GGTCGGATAAACGGCG-1,-0.11801935,-0.7850278,0.8829488
GGTCGGCCAGGAGCTT-1,0.1759732,0.68202883,1.1172024
GGTCGGTAATTAGACA-1,-0.12888573,-0.18712972,0.29469636
GGTCGGTCGTCCACAG-1,-0.5030198,-1.3658963,-0.9033078
GGTCGTAAGCTCGCAC-1,0.23984727,0.7440174,-0.719547
GGTCTCCGTCCAGGTT-1,0.034052383,-0.017694715,-1.4975754
GGTCTCTGAATGGACT-1,0.24356014,0.3885877,-0.9132565
GGTCTGAGAATCTGGA-1,-0.14574957,-0.16573657,1.3002362
GGTCTTGAGCGCTCTT-1,0.0,0.0,0.0
GGTGAACGGGCTAGCC-1,-0.1368318,-0.34881657,-0.076230735
GGTGAAGTACAGGGAT-1,0.19924925,0.1782394,-0.9930053
GGTGAGATGCAGATAA-1,-0.1899131,0.056366064,1.4551316
GGTGATAAGGAGCAGT-1,0.12505901,0.8214765,1.5588295
GGTGATGAAGGAAGTG-1,-0.1620068,-0.58105695,0.15517695
GGTGATTTCATCTTGT-1,-0.043288633,-0.1608668,0.096645884
GGTGCAGAGCCTATCG-1,-0.07324965,-1.3150729,0.527085
GGTGCATAAATGATTA-1,0.0,0.0,0.0
GGTGCGGATAAGTGGC-1,0.038378287,0.30147558,0.7309394
GGTGCTGATCACAAAG-1,-0.027945435,0.32822555,1.0442544
GGTGCTGGTACACATT-1,0.31237862,1.0904164,-0.09021063
GGTGGACCACGTGTTA-1,-0.12333956,-1.1555887,0.41136548
GGTGGACTGCTCTGGC-1,0.20518583,0.23531853,-0.9074296
GGTGGAGGTTGATACG-1,-0.10392387,-1.3173268,-0.15837729
GGTGTAAATCGATTGT-1,0.0,0.0,0.0
GGTGTAGGTAAGTAAA-1,0.0,0.0,0.0
GGTGTTGGGCGTCTTA-1,0.06619686,-0.82300293,-0.56620836
GGTTACCACCCTCGGG-1,0.29618353,0.86643755,-0.5283105
GGTTACCCGACACTTT-1,-0.037930448,-0.39686838,-0.07798098
GGTTACCGCTCCCTAC-1,0.0,0.0,0.0
GGTTAGCTATATGTCT-1,0.19153401,0.5341057,-0.40338942
GGTTAGGCTTGGAGAA-1,0.04053604,0.49776378,0.79767585
GGTTAGTTACGGCGCC-1,0.02701073,0.43328696,1.0602106
GGTTCCCTAGTGTCTC-1,-0.023100397,-0.10157761,0.007898815
GGTTCGGATTATACTA-1,-0.12588905,-0.51251525,0.17557047
GGTTCTACTCGTCTGA-1,0.26130968,1.0065316,1.0150547
GGTTGTGCTCTTGTCC-1,0.15524805,0.68099517,1.307652
GGTTGTGTAGCCTGGC-1,0.34214196,0.6594298,-0.004609685
GGTTTAATTACCATCG-1,-0.03706529,-0.10383303,-0.053701475
GGTTTAATTGAGCAGG-1,-0.20756887,-1.5011244,0.7363229
GGTTTACAATCTCAAT-1,0.18746008,0.7910563,0.7457832
GGTTTAGCCTTTCTTG-1,0.3443457,0.92075735,0.51966506
GGTTTCAATCGGTCAG-1,0.12618534,0.6511682,1.272228
GGTTTGACAAGAAGCT-1,-0.08903183,-0.683682,0.9416658
GGTTTGAGTGCTGGAA-1,-0.21415074,-0.3049353,0.8753919
GGTTTGCGAACACGTA-1,-0.4166878,-1.577316,0.35055155
GGTTTGTGACCTGAGG-1,0.33219242,0.91303134,-0.773149
GTAACAACTGACCTTG-1,-0.25129542,-1.2577358,0.032239113
GTAACATCTAAGATAA-1,0.3981558,1.0289097,-1.1704513
GTAACTACGTAGACCT-1,-0.3888946,-1.409852,-0.72266686
GTAACTGCCCAAGGAG-1,0.0,0.0,0.0
GTAACTTGCGGCAGTC-1,-0.06522499,-0.20505315,0.19288197
GTAAGCGGGCAGTCAG-1,0.029677186,0.5605012,1.8996958
GTAAGGATTTGTCGGA-1,-0.22114486,-0.6263755,0.88372546
GTAAGTAACAGTCTGG-1,0.2615954,1.0225981,0.68898284
GTAAGTAGGGTATACC-1,0.10185685,0.63157374,0.79529774
GTAAGTCCACACTCTA-1,0.19142619,0.12765862,-0.3388797
GTAATAAAGGGCTCCC-1,0.06942251,-0.25675398,0.64835125
GTAATCTGATTCTTCG-1,0.3554539,0.56743777,-1.7135426
GTACACTTACCTGAAG-1,0.2963255,1.1157355,-0.19804806
GTACAGAGGCAAGGGT-1,0.20851463,0.76550585,0.468151
GTACGACGGCGCTGCG-1,-0.37085447,-1.2479163,0.25653195
GTACGAGATTGCGACA-1,0.053811565,0.59901786,1.7743797
GTACGCTTCATTGCAC-1,0.2503999,0.8179591,-0.643404
GTACGTCACGTATTAA-1,-0.173181,-1.4001874,0.55879897
GTACGTTTGCCCGTCA-1,0.27715337,0.91438705,-1.062254
GTACTAAGATTTGGAG-1,0.22448932,0.77928114,0.5340203
GTACTCCCTTATCGCT-1,0.35730946,1.1701282,-1.3287692
GTACTCCTGGGTATGC-1,-0.14602733,-0.90779805,0.4593676
GTACTGAGGTCGTAAC-1,-0.22836371,-0.66615045,0.8578309
GTACTGCATGAAGCGT-1,-0.05951922,-0.11885509,0.23474652
GTACTGGAGTTAGACC-1,0.060891036,0.40183675,1.3762659
GTACTTGGGCACTTCT-1,-0.2035823,0.18505833,1.7015499
GTAGAAACGGGTGGAG-1,0.17542183,0.5678161,1.136866
GTAGACAACCGATGAA-1,-0.2059437,-0.5830121,0.54390633
GTAGACACGCCTGACT-1,0.0,0.0,0.0
GTAGACGTCGTTACAT-1,-0.30654648,-0.9328427,0.66016805
GTAGAGGGAGACAAGT-1,0.14869396,0.0029991805,-1.286511
GTAGCCAAACATGGGA-1,0.29654333,0.507052,-0.63121355
GTAGCGGCTATACACT-1,0.32373166,0.9082255,-0.43477008
GTAGCTCCGGGAGGCT-1,0.0,0.0,0.0
GTAGCTTCCTCTTGTT-1,-0.03608687,0.3298691,1.262858
GTAGGTGATCCGTGTA-1,-0.11297552,-0.3264434,0.56764114
GTAGTCGCGGGAATCA-1,0.26358542,0.850413,-0.35640892
GTAGTCTACGATATTG-1,-0.17399964,-0.4090937,-0.26072162
GTAGTGAGCAACCTCA-1,-0.42243266,-1.9462707,-1.5872058
GTAGTTCGAAGGCGAA-1,0.0,0.0,0.0
GTAGTTTAAGCACACG-1,-0.3969581,-1.1595627,-0.55457556
GTATAATCTCCCGGAT-1,0.01264514,-0.07362823,0.1414636
GTATAGGACTCAGTAG-1,0.16150531,0.637113,1.7177918
GTATCAAACGTTAGCT-1,0.37846336,1.0946238,-0.84938216
GTATCAAGGTACTTCC-1,0.0,0.0,0.0
GTATCAGCTTGGGTTC-1,-0.04371117,0.3824214,1.2855384
GTATCCTTTGGTAACC-1,-0.46070558,-1.6804693,-0.5518749
GTATCTCAGTCTTGAC-1,0.23431396,0.63909644,-1.1832963
GTATCTCGGGCGCTTT-1,-0.6574697,-1.7241685,-0.40959582
GTATCTTTCATAACCA-1,0.27926284,0.43659025,-0.9694034
GTATGAAATTTCACTC-1,0.191068,0.034992516,-0.78351355
GTATGTGGGTCTAGTT-1,0.24219534,0.8946193,0.26234648
GTATTAAGGCGTCTAA-1,0.040139485,0.0073290197,1.3404876
GTATTAGGGTTCGCGT-1,-0.2709896,-1.4922693,0.17986159
GTATTCTGAGAAACGA-1,0.2662327,0.51572764,-1.3070154
GTATTTAATGGCATAA-1,0.02538888,-0.24747013,-0.3106888
GTCAAAGAAGTGGTGT-1,0.18847668,0.35003683,-0.51019645
GTCAAAGTTTACATAG-1,-0.089057036,-0.5137977,0.06353978
GTCAACCAGGCCTATA-1,0.019393776,0.13280971,-0.94586366
GTCAAGCGGACTCGGG-1,0.14750949,0.9821293,1.1776781
GTCAATGCTATAATTT-1,-0.51468277,-2.363741,-0.110143095
GTCACAAAGTTTCCAA-1,-0.35532922,-1.1675091,0.43764713
GTCACTCTCCAAATCT-1,0.074638225,0.27182814,0.38116592
GTCAGAATAGTCTATG-1,-0.035806958,0.40414518,0.6466928
GTCAGTTGTGCTCGTT-1,-0.234671,-0.5243827,0.9169728
GTCAGTTTGGTAGTCG-1,0.17731993,0.39611474,1.3610313
GTCATCTCCTACAGCT-1,-0.053716272,-0.19349244,-0.018427666
GTCATGCACCTCCGTT-1,0.23516929,0.9365825,0.68222207
GTCATGCGCGAGGGCT-1,0.042290978,-0.024997342,-1.4018393
GTCATGGACATGACTA-1,0.18429503,0.9144177,1.3752003
GTCATTAGAGCGAACG-1,0.25067115,1.11305,-0.2769017
GTCATTGCATTGACCC-1,-0.030232074,0.055560023,0.761469
GTCCAATATTTAGCCT-1,0.0,0.0,0.0
GTCCACGTCGCATTCG-1,-0.27161485,-0.97726667,0.21386628
GTCCAGGCACGTGTGC-1,0.0,0.0,0.0
GTCCATTACTGCTACG-1,0.29824302,1.0067711,-0.06633221
GTCCCAACGTAAAGTA-1,0.21062347,1.0678083,1.1366646
GTCCCGCGACGTTATG-1,0.35329804,0.591599,-1.6459544
GTCCGAGAGCAATCAT-1,0.09427656,0.22215453,0.482044
GTCCGGACCTGAAATT-1,0.28776452,0.7119308,-0.87849694
GTCCGGCTGAATTGCG-1,0.09694869,0.43327695,0.71731716
GTCCGGGTTCACATTA-1,0.0,0.0,0.0
GTCCTACAGGCGGCTC-1,-0.030734103,-0.11874088,0.6260143
GTCCTACGAATAGTCT-1,0.33735266,1.0795757,-0.9796109
GTCCTACTCTACGGGC-1,-0.012594556,-0.1815201,-0.8707205
GTCCTATTGTTGTGGT-1,-0.073046036,-0.3244558,-0.016212963
GTCCTTCTACAACCCA-1,0.06046688,0.19160171,0.6747447
GTCCTTCTAGTGGGTT-1,-0.15432756,-0.46650577,0.31975582
GTCCTTTAATGACTTC-1,-0.23742568,-1.349676,0.7123238
GTCGAATTTGGGCGCT-1,-0.060894355,-0.32145894,-0.8115851
GTCGATAGGTGACTTT-1,-0.035058115,-0.79712033,-1.019164
GTCGCCGTTGTGTGTT-1,-0.42733726,-1.2071229,-0.58917296
GTCGCGTAACCCGTTG-1,0.14641437,0.9302712,0.8799795
GTCGGAAGGATACCAG-1,0.023923727,-0.46443504,1.0336735
GTCGGATATCTCAGAC-1,0.302991,1.0991954,-0.080589205
GTCGGATGTAGCGCGC-1,-0.18784192,-0.5553772,0.6739039
GTCGGGAACATGGTAG-1,-0.13341805,-0.700103,-0.021257635
GTCGGGAAGCAGAAAC-1,-0.15127344,-0.4373911,-0.18734354
GTCGTACCATCTCGGG-1,0.2067852,0.6249017,-0.28755754
GTCGTACCTACGATTG-1,0.19112356,0.5485651,0.87208736
GTCGTATTGGCGTACA-1,-0.0635065,-0.08887694,0.45026404
GTCGTCAATTATAAGG-1,-0.2646846,-0.6710245,0.9170113
GTCGTCTGGTTGGCTA-1,0.0013847006,-0.04446173,-0.034494337
GTCGTGTCTGGTCATC-1,0.18510622,-0.24697053,0.66361964
GTCGTTATTCGCTTAT-1,0.14474663,0.5262439,-0.18950118
GTCTACTCAATTACAA-1,0.33293313,0.896718,0.6241117
GTCTAGTGAGCCGCTT-1,-0.2855397,-0.7628389,0.030413229
GTCTATACACGCATGG-1,0.0,0.0,0.0
GTCTATCTGAGTTTCT-1,0.29430673,1.0706679,0.08515061
GTCTATTGCATGCTCG-1,0.072035044,0.1940697,-0.84856933
GTCTATTGGTTCCGGT-1,0.27196747,0.707834,-0.505287
GTCTCAAGGCCCGGCT-1,-0.08592636,-0.25006187,-0.13346465
GTCTCCCGAGTCCCGT-1,-0.29290095,-1.3672328,-0.7778488
GTCTCCGCCTCAATAC-1,0.0,0.0,0.0
GTCTCCTGCCAGTATG-1,0.17769104,0.13938826,-0.66654086
GTCTCGACTAAGTTTG-1,-0.06710893,-1.2313669,0.61294144
GTCTCGATCTGCTTTC-1,0.09213855,0.4659948,0.10714386
GTCTGCCGACTCGACG-1,-0.016560243,-0.06154025,0.03697228
GTCTGGGCGGTCGAGA-1,0.24689329,0.5243009,-0.47188547
GTCTGTAGGTTGAACA-1,0.0,0.0,0.0
GTCTTAGTACAGCCGG-1,-0.060044702,0.011056401,1.3188025
GTCTTCCTCACCTAAG-1,-0.20440854,-0.6565593,-0.013420303
GTCTTGAGGAGCAGTG-1,0.23761249,0.14973809,0.13862976
GTCTTGTAGCTATTCA-1,0.20237492,0.48538396,-0.0010047829
GTGAAACGGCGCCACC-1,0.1631368,0.29688436,0.76166874
GTGAAACGTGCTCCAC-1,-0.06538137,-0.105738625,0.16927682
GTGAACTCCCATTCGA-1,-0.094797745,-0.8330284,0.74777764
GTGAAGATTTCAAGTG-1,-0.09932316,-0.6266028,0.4080196
GTGAAGCCGTATAGTC-1,-0.18139966,-1.3240138,0.92971545
GTGAAGTCACGACTCG-1,-0.0017966183,-0.23672909,-0.17707632
GTGACAGCTTCCCACT-1,0.0,0.0,0.0
GTGACCGCACACTACG-1,0.2821744,1.0829295,0.2712668
GTGACCTAAAGAATAA-1,0.007385073,-0.23712924,-0.18396981
GTGACGAGGGTGACCC-1,0.17456342,-0.41508833,0.20580262
GTGACGCAGGTTTCAT-1,0.0,0.0,0.0
GTGACTTCAGTAGTGC-1,0.2665636,0.614595,-0.20379773
GTGAGATAACCTTATA-1,0.0,0.0,0.0
GTGAGCGTGCTGCACT-1,0.26369336,0.7926777,0.24964032
GTGAGGACACTTAAGG-1,0.24861035,1.0693804,0.42480913
GTGAGGAGCGGTTGAG-1,-0.018692462,0.20844181,1.0548778
GTGAGTCGACTAATAG-1,-0.3357308,-1.676628,-1.4645624
GTGAGTCTAAGACGGA-1,0.2060344,0.7253131,1.3720343
GTGAGTGGTACAACGC-1,0.1844995,0.47082207,-1.1067723
GTGATCAAGCGTGCAC-1,-0.39507487,-1.1263067,-0.96976894
GTGATCACTAACGCCT-1,0.38020188,0.79333866,-0.5476547
GTGATCATAGATCTGC-1,0.3264757,0.69239753,-0.7708368
GTGATCCTTGTCATGA-1,-0.08039464,-1.2227538,-0.95476127
GTGATGCACAACATCT-1,-0.17852898,-0.33072478,0.89576435
GTGATTCGCCGCTCAA-1,0.31059602,0.6708619,-1.3600788
GTGCAACAAATGTGGC-1,-0.0035593465,0.523736,1.5132915
GTGCACCAGCTTCAAC-1,0.0,0.0,0.0
GTGCACGAAAGTGACT-1,-0.08486837,0.06469335,1.4208674
GTGCAGCGTAGAGTAG-1,0.1806428,-0.35615873,-1.1090168
GTGCCAAACGTTTCGA-1,-0.14074036,-0.42628473,-0.23637013
GTGCCATCACACGGTG-1,0.21700321,0.6711892,-0.4119821
GTGCCCGTTCGGATTC-1,0.26159585,0.859418,0.25876236
GTGCCGCTTCAAAGGT-1,0.31144786,0.7368232,-0.2604659
GTGCCTAGCTATGCTT-1,0.004459287,-0.08782732,0.113498494
GTGCCTCAGTGTACGG-1,-0.39332247,-1.2947742,1.0239311
GTGCCTGAGACCAAAC-1,0.0,0.0,0.0
GTGCGAAATCGAACAC-1,0.2651987,0.6408425,-0.41526002
GTGCGACAGGGAGTGT-1,0.28640085,0.97768,0.7247973
GTGCGGGTCTCCAAAT-1,0.15201408,0.5038224,1.4260488
GTGCGTGTATATGAGC-1,0.28184226,0.99190044,0.28419417
GTGCTCAAGTACTGTC-1,0.30389327,1.0942167,0.060946453
GTGCTGCAGATAAGGA-1,0.14920841,0.35037094,0.30014375
GTGCTTACATCAGCGC-1,0.22667718,0.57869613,0.0067376653
GTGGAACCTACATGCG-1,0.047336187,-0.04849733,1.1587429
GTGGACCAACCCGATT-1,0.30348554,0.8640527,-1.2189932
GTGGACGCATTTGTCC-1,-0.37542546,-1.6962225,-1.582592
GTGGACGTGCTGAGAC-1,-0.111855574,0.1728235,1.3158389
GTGGAGCATGTCGGCC-1,-0.38760975,-1.8328902,0.5604182
GTGGAGCGTTTACCGA-1,0.10093778,-0.18776762,-0.7464683
GTGGAGTCGGCGGTTG-1,0.2340254,0.41683707,-1.5143832
GTGGCAAACAGCGGCA-1,0.27329025,0.6669653,-0.5415114
GTGGCCGGTTTCTCGG-1,0.089520626,-0.043934036,-0.5890262
GTGGCCTAATATCATT-1,-0.18777561,-0.5734144,-0.16938485
GTGGCGGTCCCAGCGT-1,0.24536967,1.3403106,-0.93536556
GTGGCGTGCACCAGAG-1,0.012744564,-1.3499553,-1.1942598
GTGGCTGTTTCTGTTC-1,0.0,0.0,0.0
GTGGGAACAAACCGGG-1,0.0,0.0,0.0
GTGGGAAGACTGAATC-1,0.04465699,-0.0043633184,-0.8402559
GTGGGCTTAGACACAC-1,0.11732505,0.7654675,0.750757
GTGGTATAGTCTGCCG-1,-0.43209827,-1.346698,-0.5236304
GTGGTCAGCGAAGTAT-1,-0.27031374,-1.2358584,0.2925312
GTGGTGGCCAAGTGAA-1,0.24522988,0.7405411,-0.6404533
GTGGTTACTTCTTTCG-1,0.04890879,-0.4892453,0.58850515
GTGGTTTCCGCCTTTC-1,0.29244116,0.9370764,-0.645578
GTGTACCTTGGCTACG-1,-0.07215092,0.1021142,0.6699708
GTGTATATCAGCGGGC-1,0.096176766,0.2317183,-0.48120487
GTGTCAGTGTACGTGG-1,0.0,0.0,0.0
GTGTCGTATAGCGTTC-1,0.36437824,1.1135169,-1.1935443
GTGTCGTATTCACCTT-1,-0.5154604,-1.5724947,-0.13875489
GTGTGAATAACTTAGG-1,0.18752374,0.69528806,1.2671443
GTGTTACTATGCGTCC-1,0.22813098,0.9522597,-0.29442593
GTTAAAGTAGGACTGG-1,0.26450828,0.80064976,-0.3942295
GTTAACATCACTTAAA-1,0.20602237,0.5268038,-0.8662343
GTTAACTATGTTGTCA-1,0.21062683,0.58726525,-0.19779241
GTTAAGGGTGCGATGT-1,-0.04929034,-0.14404863,-0.07544476
GTTAAGTTAGAGTGGG-1,0.25709042,-0.21203715,-0.12579452
GTTAATGTCTATCTTA-1,0.093140274,0.09025727,0.84506416
GTTACAATTGGTGACG-1,0.4142888,1.188371,-1.3699619
GTTACCAAGGCGTACG-1,-0.3248597,-1.6042554,-0.7666161
GTTACCTACAACTTGC-1,0.22673127,0.37926072,-0.9537522
GTTACTTTGGGCCTAG-1,0.2419743,0.72481596,-0.43323967
GTTAGAGTGTGCCGCT-1,-0.13906287,-0.5190936,0.115228534
GTTAGCCCATGACATC-1,0.0,0.0,0.0
GTTAGCCGTAAATCAA-1,0.16915528,-0.29461542,0.7870624
GTTAGGCTACCCGTTT-1,0.11065102,0.25685376,-0.72306985
GTTATAATACGGTGAA-1,0.26213598,0.7027524,-0.7475403
GTTATATCAGGAGCCA-1,-0.13538802,-1.2984082,0.2547317
GTTATATTATCTCCCT-1,0.37370002,0.88394,-1.4492995
GTTATCAAGCTATCGA-1,-0.4460554,-1.5614067,-0.5779656
GTTATTAACGTGGGAG-1,0.024405329,0.074076116,1.2329559
GTTCACAGGAGTCTAG-1,0.31866357,1.2752492,-0.25867492
GTTCAGTCGCCAAATG-1,0.0,0.0,0.0
GTTCATCGTTTGGCTG-1,0.31908903,0.6395346,0.4682196
GTTCCAGTCTGACCAT-1,0.24694373,0.72012675,0.9336134
GTTCCCGTAAACATAT-1,0.014924353,-0.5472351,-1.4408784
GTTCCGTCCGCCTGCA-1,0.0,0.0,0.0
GTTCGACAATTGTATA-1,-0.20053883,-0.37859625,-0.2813707
GTTCGCCATAAGTGCC-1,0.37147743,1.1549685,-1.0034904
GTTCGCTGAGACGTCT-1,0.38435113,0.9968531,-1.3898345
GTTCGGAGCACTCAAC-1,0.24790555,0.6348626,-1.814932
GTTCGGATCGGGAACA-1,0.19152053,0.53753996,-0.12451601
GTTCGGGCGTACCATT-1,0.16830522,0.016496994,0.5914231
GTTCGTCTAAAGAACT-1,0.22769414,0.7121413,-0.41537306
GTTCGTCTGGGTCCCT-1,-0.269941,-1.8844641,-0.043004993
GTTCTTCCCTCGATGT-1,0.117236726,0.60721695,1.146661
GTTCTTGTAACTCAAT-1,0.0,0.0,0.0
GTTGAACCGGTTCCAT-1,0.22158673,0.67964786,-0.26985943
GTTGAGTCCCGCCGGT-1,0.24377887,0.7016976,-0.70098466
GTTGCACGGAGTTTCG-1,0.09246694,0.60090226,1.0843163
GTTGCCCTAACGGGTG-1,0.044056155,-0.50795776,-0.6836059
GTTGCGCTAACATTAC-1,0.068482496,-0.21006405,-0.006976693
GTTGCGGACGGTCAGG-1,0.095279686,-0.29526412,-1.1934079
GTTGGACCGCATCAGG-1,-0.12110802,-0.74643904,0.32486695
GTTGGATTCAGTGGCT-1,-0.11778358,-0.3165091,0.30716342
GTTGGATTGAGAACAC-1,0.10804939,0.60716665,1.1684502
GTTGGATTTGCGTTGG-1,0.37539452,1.161871,-1.0084411
GTTGGTCATGCTATCC-1,-0.49900788,-1.9826033,-1.283562
GTTGTAGATTTATGAG-1,0.0,0.0,0.0
GTTGTCGTGTTAGTTG-1,0.00399096,0.36687458,0.9769593
GTTGTTACATTGCGCT-1,-0.1218276,-0.7131186,0.08048089
GTTGTTGCAAGATGGC-1,-0.6221787,-2.4565313,-0.40549687
GTTTACGTTCCATCTG-1,0.3867932,0.7990954,-1.2613913
GTTTATGGGATTTAGA-1,0.030382428,0.18329893,1.0111971
GTTTCAAACGAGTTGT-1,0.17472847,0.41753995,-0.48555532
GTTTCATATCGTCGCT-1,0.20094395,0.7723235,-0.6821249
GTTTCCTGGAGGGTGA-1,0.17090979,0.7074078,0.66294134
GTTTCTAGAGGCGCGG-1,-0.017543867,-0.033264875,-0.01756651
GTTTCTGCAGTCTCCC-1,0.21102196,0.85204667,-0.47482705
GTTTGACCAAATCCTA-1,0.25960636,0.96816325,0.75081253
GTTTGGCCCAAGTTAT-1,0.28876847,1.0409446,0.19786736
GTTTGGCCGCTCAGCG-1,-0.0611259,-0.09253977,0.15152203
GTTTGGGCTTGTGAGC-1,0.25349918,0.6889503,-0.44512025
GTTTGGGTTTCGCCCG-1,-0.27460775,-1.5536216,-1.0357556
GTTTGGTAGGGTCAAC-1,0.28263953,0.49064404,-1.1830271
GTTTGGTGATCGGTGC-1,0.0,0.0,0.0
TAAACCCAGGAGGGCA-1,0.26028043,0.49300423,-1.068211
TAAAGACAACCCTTTA-1,0.14398134,-0.12616597,-0.06905036
TAAAGAGCCCGAAACC-1,-0.20152673,-0.57914317,0.76425225
TAAAGCGGTATTTCCA-1,0.0,0.0,0.0
TAAAGCGTTAGGAGAA-1,0.034642003,0.21743092,1.5137777
TAAAGCTGCAATAGGG-1,-0.10784748,-0.32974732,0.17872095
TAAAGTGCACGTCTCG-1,0.0,0.0,0.0
TAAATCTTTACACCTC-1,-0.36716458,-1.4952238,-0.11083213
TAAATGAATCCGTTTC-1,0.1262338,0.35026765,0.5407631
TAAATGCCGTCTCATG-1,-0.35596314,-2.0427506,0.73968714
TAAATTGTGGGTAAAG-1,0.0,0.0,0.0
TAAATTTAGTAACACC-1,0.0,0.0,0.0
TAACAAAGGGAGAAGC-1,-0.025646897,0.44158533,1.1399598
TAACAATATTTGTTGC-1,0.04507708,0.17197865,1.170516
TAACAGCGTTTGTGCT-1,-0.102046736,-0.28692517,-0.15008608
TAACAGGTTCCCTTAG-1,0.0,0.0,0.0
TAACATACAATGTGGG-1,0.33026367,1.0303231,-0.21527681
TAACATACACGCGATC-1,0.1772316,0.41709605,-0.6422781
TAACCGCCCGCAGTGC-1,-0.13157013,-0.51465124,0.38086194
TAACCTACCGTCCGAG-1,0.16809753,0.033554982,0.1674523
TAACCTAGGGAGTCCA-1,0.2305332,0.644799,-0.58321965
TAACGCTTTGAGAGCG-1,0.11596012,0.76987743,1.0245613
TAACTATCGAAGGTCC-1,0.024144465,0.318358,0.6105013
TAACTATTACGCCAAA-1,0.03475234,-0.6475409,0.6175576
TAACTCATCCGCGCGG-1,0.25654548,0.9057451,-0.110762194
TAACTCCATGGAGGCT-1,0.0832445,0.12447791,1.1611876
TAACTGAAATACGCCT-1,0.06010208,-0.32014465,-0.8193563
TAAGAGGGACAGGGAC-1,-0.09142869,-0.8516138,-0.9774055
TAAGCAGGCGACACGC-1,-0.17682551,-0.09649961,0.24693651
TAAGCCCTTACGACCA-1,-0.032565814,-0.5867989,1.0968835
TAAGCGCGAATCAAAT-1,-0.2422921,-0.72279745,-1.1338943
TAAGGAACTTGTGGGA-1,-0.3164999,-0.7094691,1.6212289
TAAGGCAACATAAGAT-1,0.1849165,0.59274703,0.8798251
TAAGGCATAACATCAA-1,-0.47261763,-1.3573534,-0.5724402
TAAGGCCCGTCACCCT-1,-0.028653268,-0.083664596,-0.042828288
TAAGGCTGAATCCCTC-1,0.3026955,0.7504589,-0.457747
TAAGGGCCTGTCCGAT-1,0.3112498,0.83667386,-0.85893846
TAAGGGCTGGGAGAGG-1,-0.011356059,0.48696285,0.5826326
TAAGTAACATCTTGAC-1,0.28843632,0.7161847,-0.38529375
TAAGTCGCCGAGTATC-1,0.25685817,-0.046414215,-1.0512898
TAAGTGAATAGTCTAC-1,-0.5666091,-1.6417207,-0.6928632
TAAGTTGCGACGTAGG-1,0.28959045,0.70721817,-0.5672936
TAATAAACAAGGAGAT-1,-0.2532956,-0.8475186,0.61262685
TAATACACAGTAGTAT-1,0.21371774,0.9574451,1.2788891
TAATACTAGAACAGAC-1,0.0,0.0,0.0
TAATAGAACAGAGTTA-1,0.3554402,0.882863,-1.8881248
TAATAGCTAAATGATG-1,-0.014464767,-0.049047124,-0.0026124648
TAATAGGTCACCAGAA-1,0.12113261,-0.22243224,-0.67029524
TAATAGTGACGACCAG-1,-0.045804173,-0.20118882,0.4494742
TAATATTGAAATTCGC-1,0.10059761,0.57039213,0.78039
TAATCAACCAAATGGG-1,0.14157628,-0.4702947,-0.9681065
TAATCGATCCGTACGT-1,-0.0056605483,0.19955873,1.2769626
TAATGAAAGACCCTTG-1,0.061024666,0.46000442,1.164815
TAATGTCGGTTCATGG-1,-0.19123356,-0.5468802,-0.26582068
TAATTACGTCAGTAGA-1,0.15564235,0.023965515,-0.90208954
TAATTAGATGGATATG-1,-0.06973496,-0.12293308,0.09553386
TAATTAGGACATCCGT-1,0.29048482,0.99604213,0.13720618
TAATTCCAATGCTTCA-1,-0.7149312,-2.7926888,-0.5218654
TAATTGGAATCGGGAA-1,-0.052005634,-0.5486874,1.298304
TAATTTCCGTCCAGTA-1,-0.106985934,-1.008116,-0.5278913
TACAACGCACAACTCA-1,0.2813135,0.9980477,-0.39351445
TACAAGGGCTTCTTTA-1,-0.122644976,-0.21257374,0.016429171
TACAAGTCTCGTGCAT-1,0.1398721,0.9108492,0.7403992
TACACAGCCGTGGTGC-1,0.0,0.0,0.0
TACACCGTCGTTAGTC-1,-0.21157236,-1.3795648,0.3774464
TACACCTCTTCGAATC-1,-0.009578783,-0.03559614,0.021385523
TACAGAAACGGTGGGC-1,0.29023775,0.47133327,-1.2802186
TACATAGGCATACACC-1,0.27020693,0.87786597,-0.52046037
TACATCCCTATCCCTG-1,-0.18865858,-0.9539905,-0.7482653
TACATGACCTTATCCG-1,0.016399387,0.08406202,0.5982866
TACATGCCGGAATTGT-1,-0.073971026,-0.97644347,-1.2196233
TACATTTCTAACGTGC-1,0.27037662,1.1247314,-0.15339324
TACCAAATAGCCCAGA-1,-0.15240686,-0.3766008,-0.13432173
TACCAATAAAGTACCA-1,0.19670612,0.31910706,-0.8048504
TACCAGAAGTAGGTTC-1,0.30159998,0.91147184,-0.82462275
TACCAGCTAGGTTTAA-1,-0.11174586,-0.17999402,1.2464142
TACCAGGAATCCCGTC-1,0.0,0.0,0.0
TACCGAATAATTGTAA-1,-0.22931746,-0.48868263,0.033633634
TACCGCGGACTTGCAG-1,0.18524522,0.12066782,0.47146067
TACCGGCTCACTGCCC-1,0.3202353,0.55863047,-1.1777829
TACCGGTCGTTTCCAT-1,0.28248435,0.9972545,-0.059877228
TACCGTAGGTTAACTA-1,-0.05078305,-0.13174826,-0.081535414
TACCGTGCCTCGGACC-1,0.33578107,0.7971319,-0.7479801
TACCTACTCCCAGTAT-1,-0.32580486,-0.8744632,-0.45309645
TACCTATCCCTAGAGG-1,-0.06854227,-0.779952,-0.3390311
TACCTCACGCTTGTAC-1,0.21131101,0.5768607,1.0801595
TACCTCAGTTGTCTGT-1,-0.0602421,-0.13810974,-0.05654732
TACCTCCACACCAATG-1,-0.31069112,-0.8347587,-0.475592
TACCTGCTGCACTGTG-1,0.016023517,0.52806574,0.5954004
TACCTTAAGATTTCCC-1,0.44334078,0.9987232,-2.015267
TACGAACACGACTTCA-1,0.18227269,1.0212386,1.3044477
TACGACGCTTGCTGCG-1,0.34132418,0.96365124,-0.6214558
TACGACTGCCTCTTAG-1,0.2690124,1.0852077,-0.81782115
TACGAGAACTTCACGT-1,0.40486985,1.3011398,-0.9435644
TACGATCCAAGCCACT-1,-0.16566944,-2.0161033,-0.9372451
TACGATGTTGATCATC-1,0.36309978,1.1592381,-0.70476615
TACGCAGTTCTTTCCT-1,0.29032788,0.9989425,-0.33602968
TACGCCATATTCTAAT-1,0.23899421,0.7909826,-0.4557379
TACGCCGAGGGTACCC-1,0.22217582,0.518279,-0.8546827
TACGCCGCCTCAGAAG-1,-0.117161654,-1.4762464,-0.05962405
TACGCCTCCATTCCGA-1,-0.552988,-1.5894387,-0.6396312
TACGCTATAGAAACCT-1,0.34581652,0.8720256,0.40086934
TACGCTCCTAGAACTG-1,0.0,0.0,0.0
TACGCTCGGTATTGGA-1,-0.12584823,-0.86581457,-0.9229934
TACGCTGATAGTTGTA-1,0.19764216,-0.14216486,-0.7753585
TACGCTGCTGTGTTAA-1,-0.39293694,-1.1579424,-0.9783636
TACGGAAGCCAAACCA-1,0.0,0.0,0.0
TACGGCATGGACGCTA-1,-0.025058853,-0.45953476,-1.3679855
TACGGGATGCTAGCAG-1,0.1571992,0.5413264,0.6177736
TACGGGTAATAACATA-1,-0.020579416,-0.076476075,0.045945458
TACGTAAAGCGGAGTG-1,0.1298801,0.3788383,-0.9280767
TACGTACTAGTGCTGA-1,0.0,0.0,0.0
TACGTGCACTATGCTG-1,-0.044722207,0.2309622,0.95370007
TACGTGGGCCCAGGGC-1,0.0,0.0,0.0
TACGTTTACCGGCAAT-1,0.19483723,0.42495438,-1.1331702
TACTACGTGCAATGCG-1,0.0,0.0,0.0
TACTATGGTTCCTCAG-1,-0.47583282,-1.3404063,-0.6767603
TACTCCTCTAGTTGAC-1,-0.06767166,-0.18957232,-0.09804504
TACTCGGCACGCCGGG-1,0.24984151,0.8944943,0.34714454
TACTCGTTTGAATCAA-1,-0.0057600853,-0.021405306,0.012859924
TACTCTCCGAACAAAT-1,0.17267933,0.6309869,0.20528744
TACTCTTACTTTACTG-1,0.09151501,-0.05460343,-0.5010366
TACTCTTTCGTCTTCA-1,-0.2506073,-0.6148353,-0.26909646
TACTGAACAGATTTAG-1,-0.45161322,-1.196355,-1.092415
TACTGAGGGAAGAAAG-1,-0.091166236,-0.81311625,-0.9207287
TACTGCAATCAATTAC-1,-0.102041975,-0.6089986,0.016368652
TACTGGACAGCTCGGC-1,0.30498052,0.8348193,-1.3744097
TACTGTTTCTCTGGTA-1,0.21319407,0.104796804,-0.16990325
TACTTAAACATGTACA-1,-0.022576615,-0.33311346,-1.743116
TACTTGTTAGTAGTCC-1,0.2092247,0.9095011,0.62534076
TACTTTACTGAGCCGG-1,0.20812482,0.44971406,-0.11199978
TACTTTCCGCACGCCA-1,0.2081884,0.8681786,-0.49332356
TAGAAACCACTAAGTA-1,-0.23071823,-0.8171807,-0.20083234
TAGAAAGGTGGCGCTA-1,-0.084932335,0.037472557,1.1587286
TAGAAATTCACGTATA-1,0.2892579,0.7809926,0.9006069
TAGAATAGCCGATGAA-1,0.11702925,-0.050723452,-1.2321908
TAGAATTAAGGGCAAC-1,-0.20872004,-0.29753476,0.6761848
TAGACGAAACGCCAAT-1,-0.006285218,-0.01828942,-0.008512159
TAGACGCCCGTACCGG-1,0.019518275,0.4135484,1.4169675
TAGACTACCTAGCGTT-1,0.3093903,1.00877,0.8983069
TAGACTCAGTTGGCCT-1,0.232057,0.22327909,-1.007971
TAGAGATCATGCAACT-1,0.21161762,0.474688,-1.1302433
TAGAGCTACGAAGAAC-1,0.101634584,0.46343896,0.9170043
TAGAGGGAGTTTATCT-1,0.0,0.0,0.0
TAGAGGTTCTACTTGT-1,0.3308333,0.89459366,-0.55918914
TAGAGTCTAAGCGAAC-1,0.20442025,0.9611707,0.68128955
TAGATATGGACTGGAA-1,0.27961418,0.68588746,-1.1167234
TAGATCCGAAGTCGCA-1,-0.2728912,-0.5837634,0.91030514
TAGATGGTTCCTTACT-1,0.22415394,0.6441471,-0.64515805
TAGATTCAAAGTGCGG-1,0.0,0.0,0.0
TAGATTCCTGGTTATT-1,-0.08751767,0.14010966,0.6984274
TAGCAACCTGTCACAA-1,0.0564808,0.23632748,1.1677105
TAGCAGATACTTAGGG-1,-0.02176032,-0.08086449,0.048581935
TAGCAGTATGACTAAA-1,-0.07478138,-0.24295494,-0.8161218
TAGCCATTTCAAAGTC-1,0.2271439,0.75590026,0.18773413
TAGCCGGCGGTCAGCG-1,0.25280157,0.821541,0.8828599
TAGCGTCCCTCGATTG-1,0.2344867,0.7342683,-0.10987547
TAGCGTCCGGTGTGGT-1,0.33516598,0.9979775,-1.0523028
TAGCGTCGAATATTGA-1,0.006594577,0.10640736,0.20306939
TAGCGTTGGGTCTTAC-1,0.3177086,1.0612515,-0.48298416
TAGCTAAGTCCGGGAG-1,0.2349537,1.0021338,0.7312615
TAGCTAGAAGGCATGA-1,0.22614646,0.21205285,-1.1947048
TAGCTAGTGATGATGG-1,-0.005421188,-0.0048141456,0.010043701
TAGCTCAGATCCTAGT-1,-0.719767,-2.337094,-0.12022002
TAGCTCGCCTGATAAC-1,0.31796667,0.6442193,-1.3427057
TAGCTGATGTGAAGCG-1,0.24664839,0.08762676,-0.7988629
TAGGCATGTTACGCCA-1,0.16177732,0.20980583,1.0124085
TAGGCCTATATAGTCT-1,0.13670659,0.2791488,-1.6864351
TAGGCGATGAGGTCTC-1,0.15999609,0.07586828,-2.036258
TAGGCGGCTGCAAAGA-1,0.27090842,0.28470668,-0.6805332
TAGGCTAAAGTGGCAC-1,0.09249508,0.16293739,-1.4805211
TAGGGAGCTTGGGATG-1,0.27683967,0.9322723,0.8925601
TAGGGTGTTTCAAGAG-1,0.18698785,0.79236585,0.8763002
TAGGTCCAAGTAAGGA-1,0.0031814433,0.39331812,0.40531096
TAGGTCGCCGGAACTG-1,0.17668058,0.02869062,-0.026629725
TAGGTGACGATAACCT-1,-0.3035944,-1.2639675,-1.0836132
TAGGTGAGCCCTACTC-1,-0.008157231,0.37852186,0.2703124
TAGGTGCTCGCCTAGC-1,0.25518572,0.97807485,0.32253915
TAGGTGTTCCACAGAT-1,-0.06878263,-0.18980162,-0.08888241
TAGGTTCGAGTTCGTC-1,0.13051888,0.9610279,0.4545048
TAGGTTCTGCTGAGAA-1,0.0,0.0,0.0
TAGTACCACAACTTTC-1,0.21955459,-0.17171434,-0.7354895
TAGTACCTTAGTGGTC-1,-0.013598102,0.12679636,1.2280542
TAGTAGCTTATACCAG-1,0.0,0.0,0.0
TAGTCCCGGAGACCAC-1,0.0,0.0,0.0
TAGTCCGCAGAGAATG-1,0.26839316,0.91959065,-0.35958067
TAGTCCGTATGCATAA-1,0.0023738227,-0.11130596,0.107741386
TAGTCCTGCACTAAGC-1,-0.5737583,-1.5647358,-0.93884444
TAGTCGATCACGGGTT-1,0.46866673,0.93565565,-1.1801677
TAGTCTAACAACGAGA-1,0.22201283,0.68146443,-0.9959898
TAGTCTGCGGCACATT-1,0.0,0.0,0.0
TAGTCTGTGACGTTGC-1,-0.15351333,-0.77565944,0.5109901
TAGTCTTTCCGAATTG-1,0.3275362,0.54350966,-0.5151569
TAGTGCCCTCCAGAGT-1,0.23890318,0.9140647,0.823829
TAGTGTCAGAAACGGC-1,0.019481907,0.1095164,1.5805216
TAGTTAAGATAGGATA-1,0.060879,0.3190303,1.2111682
TAGTTTATTCTTGCTT-1,0.021983566,0.3600207,0.9048347
TATAAATCCACAAGCT-1,0.09266189,0.34221864,0.77984124
TATAAGTGAGGATAGC-1,-0.001144184,0.4812432,1.5098059
TATACACAGACGCCTT-1,0.287296,0.6360778,-1.0135334
TATACACGCAAAGTAT-1,-0.12363296,0.27780968,1.6403397
TATACCGAGTGCCACA-1,-0.04580775,-1.104463,-0.33720478
TATACGCGTCATCACT-1,-0.07401544,-0.2342649,-0.14532974
TATACTCATGCGGCAA-1,-0.031584725,0.00073055364,0.9105032
TATAGAGTCGCTTGAA-1,0.0,0.0,0.0
TATAGATGGTCGCAGT-1,0.2731738,0.99232596,0.8899478
TATAGCGCACGTTATC-1,0.1592788,0.30654934,0.1348122
TATAGGGTACTCATGA-1,-0.1656817,-0.2894552,-0.0450289
TATAGTTAGGTGTACT-1,0.2961497,0.26936376,-0.67304
TATATAGGGCTTTACG-1,-0.40866977,-1.1728182,-0.41083524
TATATATCGAGAAATG-1,0.15145527,0.0970623,-1.1396459
TATATCAAAGTGATCT-1,0.0,0.0,0.0
TATATCATTGATCAGT-1,-0.17068659,-0.63413453,-0.25225967
TATATCCCTGGGAGGA-1,0.33469105,1.1075227,1.0591885
TATATGCTGGGTTGCC-1,0.039544944,0.20669894,0.89753765
TATATTACAAATGTCG-1,-0.14577878,-0.5979349,1.577873
TATATTCGCGTCGATA-1,-0.1702149,-0.4663408,0.25154805
TATCAAAGGTCTGTAA-1,0.06322014,0.1896668,0.4983761
TATCACCATGTAAAGT-1,-0.5187167,-1.9805976,1.3453652
TATCACCCAACCGACC-1,-0.25370875,-1.1991987,0.88190645
TATCACTTCGAGTAAC-1,-0.2708175,-0.8616113,0.1798908
TATCAGTGGCGTAGTC-1,-0.0014311657,-0.32561618,-0.34164977
TATCCAATTGGTTATC-1,0.30714452,0.81894064,-1.0837643
TATCCATATCATGCGA-1,0.28282416,0.86517125,0.57426006
TATCCATCTCGGTTAG-1,0.30633005,0.35264507,-1.428208
TATCCGCACCGTCGGG-1,-0.24928917,-0.54556483,-0.3416032
TATCCTATCAACTGGT-1,0.0,0.0,0.0
TATCCTGCATGGGAAT-1,0.12917168,0.48932087,0.8982123
TATCGATCTATGCATA-1,-0.016277786,-0.24052154,1.2509623
TATCGATGATTAAACG-1,0.1635893,0.66484183,0.7994796
TATCTACAGAGGTAAT-1,0.0037361505,0.303122,0.45684147
TATCTACCACAGCGGG-1,0.30118793,1.0114994,-0.8026399
TATCTAGCCTAAAGGA-1,0.3772506,0.78951013,0.18705854
TATCTGAGCCGATATT-1,-0.109658346,-0.95364356,-0.8534567
TATCTTGCAATACAAC-1,0.23558664,0.5937147,-0.5993931
TATGAAGAATTAAGGT-1,-0.095200755,-0.37684458,-0.95744276
TATGAAGACAGGTGCG-1,-0.018267328,0.5312726,0.57444406
TATGATAAATCTAACG-1,-0.013836635,-0.40046716,-0.17415959
TATGATCCGGCACGCC-1,-0.12327633,-1.2763419,1.072965
TATGATCTTCTCTTTA-1,0.25060686,0.3760175,-0.9604649
TATGCTCCCTACTTAC-1,0.12486098,0.73343724,1.4620274
TATGGATGTGCTACGC-1,0.23699196,0.9805793,0.8279938
TATGGCCCGGCCTCGC-1,-0.03203856,0.4839956,0.73156124
TATGGCTAGGCTAATT-1,0.0,0.0,0.0
TATGGGACCGAGCAGG-1,0.3693715,1.1235762,-0.59644437
TATGGGTACGTATCGT-1,0.325156,1.1423845,0.49117374
TATGGTCTGAGTAACA-1,0.3109038,0.9747035,-0.38608524
TATGGTTAGTGGGAGA-1,0.26516417,0.9246722,0.22904107
TATGTAAAGTGCTTAA-1,0.0,0.0,0.0
TATGTAGAAACCCGGC-1,-0.10736366,-0.83534735,-0.9732417
TATGTCAAGACCGACT-1,-0.16120373,-0.120242655,0.944582
TATGTCTCATTGTGCC-1,-0.043868817,0.15266585,1.1023679
TATTAACACCAAAGCA-1,0.05966602,-0.27432117,-1.5344138
TATTAACCTGACCGCG-1,-0.5220861,-1.3325359,-0.7735005
TATTACCATCCTGCTT-1,0.29919267,1.0589008,0.7876774
TATTATGTTTGCCTGC-1,0.12868178,-0.0057138465,-0.74177873
TATTCAATTCTAATCC-1,0.16233605,0.8451163,1.0346465
TATTCCACTCAGCTCG-1,0.36914745,0.780159,-1.5933785
TATTCCGAGCTGTTAT-1,0.220556,0.42832989,-0.72723794
TATTCCTCCGCCCACT-1,0.29581642,0.55003,-1.6203634
TATTCGTGCCAGAATA-1,0.2762296,1.1490271,0.67410517
TATTGACATTTCTGCC-1,0.21677834,-0.4293984,-0.055477038
TATTGCCGGGCTTGTA-1,-0.18815057,-0.6670148,-1.1086316
TATTTAGTCTAGATCG-1,0.15555418,0.6167801,1.4570497
TATTTATACCGAGTAG-1,-0.14010927,-0.3306207,0.67769355
TATTTGATTTGCACAG-1,0.22722456,0.18610904,-1.5362169
TATTTGTTACCCTTTA-1,0.016177364,0.40492153,0.9820991
TCAAACAACCGCGTCG-1,0.14397964,0.82021797,1.2623366
TCAAACTTAGATTGTT-1,0.21272156,0.91682035,0.9399566
TCAAAGAGCTATCTGT-1,-0.0036625662,-0.2520132,-0.2442664
TCAAAGTCACGGCGTC-1,-0.7420592,-2.032358,-0.96699476
TCAAATTGTTGTGCCG-1,0.0,0.0,0.0
TCAAATTTGAGACTCA-1,-0.19297166,-0.54977083,-0.27883387
TCAACAAAGATAATTC-1,0.1225721,-0.12125785,-0.767136
TCAACACATTGGGTAA-1,-0.042367116,0.049417492,0.26664096
TCAACATAGCGCCCTA-1,-0.25566626,-0.6579915,-0.3438587
TCAACATCGACCGAGA-1,0.09654503,-0.054483175,-1.0895125
TCAACCATGTTCGGGC-1,0.1715041,0.8132764,0.5815236
TCAACGAGGAGACAAA-1,0.30041867,1.0487785,-0.6657699
TCAACGCAGGAAATAA-1,0.36277878,0.81669015,-1.7086263
TCAACGCGACCGGCAG-1,0.30285302,1.2721595,-1.2498068
TCAACTAACGTATAAC-1,-0.07132933,0.1756007,0.8438234
TCAACTGCAGAGTCAG-1,0.29484662,0.8955623,-0.8267151
TCAAGAAATACTAGCT-1,0.29130355,0.37737972,0.1832072
TCAAGCGCGGACGGTA-1,0.36908647,0.6670143,-1.9313631
TCAAGCTGCCTTGAAA-1,0.0,0.0,0.0
TCAAGGTTACTACACC-1,0.32165033,0.8098107,0.53611034
TCAATACAATTGCTGC-1,-0.13820326,-0.45373556,0.03444088
TCAATACGCCGTCATG-1,0.0,0.0,0.0
TCAATATACAGGAGGC-1,-0.08763283,-0.8079057,-0.5870912
TCAATCCCGCGCCAAA-1,-0.54551166,-2.317635,-0.90478486
TCACAAACCGAGGTAC-1,0.18260181,0.5287595,-1.4440147
TCACAGCAAACTCGAA-1,0.22315745,0.17316481,-1.3364758
TCACAGGAGAATAAGA-1,0.0023502512,-0.47879723,-0.75362146
TCACAGGGAATCGCAA-1,0.25697944,0.79939336,-0.40519014
TCACAGGTTATTGGGC-1,0.2710221,1.1805494,0.059106555
TCACATCTTATCTGAT-1,-0.003810715,0.38012162,0.6358187
TCACCCTCTTAAGATT-1,0.153585,0.41604307,-0.23066612
TCACCGCTCGGCACTC-1,0.03674419,0.3121654,0.7427474
TCACGATGTCCGTGGA-1,0.15177771,0.12908983,-1.2240115
TCACGCATTGTAGATC-1,0.24072538,1.0256593,-0.2607918
TCACGGCCCAAGAGAG-1,0.005695601,-0.056483705,-1.1072042
TCACGGTCATCGCACA-1,0.06283186,0.62192005,0.9765374
TCACGTGCCCGATTCA-1,0.28487238,0.9973655,-0.3127033
TCACTACGACCAATGC-1,-0.21794826,-0.5631124,0.9122634
TCACTATCCCTTCGGT-1,-0.42930704,-1.6203449,-0.71821684
TCACTCGTGCAACGGC-1,-0.24143276,-0.6459589,1.0601586
TCAGAACCTCCACAGG-1,-0.105450295,-1.0237571,0.81468487
TCAGAACGGCGGTAAT-1,0.0,0.0,0.0
TCAGACGCTATAGAAG-1,0.28200826,0.86775255,-0.5935585
TCAGATGGAGACGTAG-1,-0.110952675,-0.33308366,0.049694255
TCAGCAAATGCATCTC-1,0.22606601,1.1930656,1.0349077
TCAGCAGTAGGCCCTG-1,0.0,0.0,0.0
TCAGCCAATCCGTAAA-1,0.27367187,0.8011237,-0.5990417
TCAGCGCACGCCGTTT-1,0.0,0.0,0.0
TCAGGGCGACTTCCTT-1,0.019835854,0.03467632,0.26845312
TCAGGGCGCAAACTCG-1,0.15529026,0.26128915,1.2894641
TCAGGGTGCACGAAAC-1,-0.2510083,-1.1064525,0.4034577
TCAGGGTGTAACGTAA-1,0.075538024,0.3156481,1.372036
TCAGGTTCTTTGAGAA-1,0.2837224,1.0418904,0.13305359
TCAGTACTGACCCGCG-1,0.109513566,0.5770237,0.82766306
TCAGTAGGGACTATAA-1,0.32513222,0.66583645,-0.32864556
TCAGTGTATACGTCAT-1,-0.036812566,-0.18869936,-0.20552713
TCATAAGTCCAAGAAG-1,-0.37920883,-2.0324733,-1.2222724
TCATACTTACAGATCC-1,0.042045403,0.28626588,0.88501346
TCATATGAGCTTTGTT-1,0.0,0.0,0.0
TCATCACTCGAGCTCG-1,-0.094827674,0.14265247,1.6920363
TCATCCCAGAGGGTGG-1,-0.22189857,-0.35999832,1.3341864
TCATCCTCAGCTGCTT-1,-0.04319262,-0.08952228,0.0023915279
TCATCGACGACCGTCG-1,0.0,0.0,0.0
TCATCGATGGTCCCAA-1,0.21730135,0.2246858,-0.79052097
TCATGCAGGTTCTCAT-1,-0.35975078,-1.3651189,0.4401306
TCATTCGTATAATTTG-1,-0.31664032,-1.760559,0.03274866
TCATTTAAGTCTCCGA-1,0.24170883,0.7126418,0.7844073
TCATTTAGAAGTGTGA-1,0.4839006,1.2744389,-1.8548006
TCCAACTCAGCTATCT-1,-0.12630671,-0.30618984,0.077540904
TCCAACTTTAAATTCT-1,0.28148362,0.9261532,-0.040367313
TCCAAGCCTAGACACA-1,0.0,0.0,0.0
TCCAATAAAGGCTACC-1,0.0,0.0,0.0
TCCACAATGGTTTACG-1,0.18474872,0.84763813,0.649666
TCCACATCGTATATTG-1,0.0,0.0,0.0
TCCACCAAGACATAGG-1,-0.35917547,-1.5031214,-0.69734275
TCCACCTCTAGCCTTT-1,-0.0024641764,-0.0021882479,0.0045653186
TCCACTTTATCTAGGT-1,-0.14724353,-0.014464704,1.215153
TCCAGAGCACCGGTTC-1,0.30869567,0.8815293,-0.41396913
TCCAGATGTACGCCAA-1,-0.11869601,-1.2412263,0.47315642
TCCAGCGCTATAAGCG-1,0.3509383,0.6655089,-1.0611156
TCCAGGCAGGACGATC-1,0.0,0.0,0.0
TCCAGGCGAGTACGGT-1,0.27362907,1.089996,0.7909854
TCCAGGGTATATACGA-1,-0.034391314,-0.09490081,-0.044441205
TCCATCAATACTAATC-1,0.27464998,0.30770302,-0.73759246
TCCATTCCCACTAGAG-1,-0.30555183,-1.1333584,0.03981081
TCCATTGTGACCTCGT-1,-0.2446617,-0.71413714,0.02530191
TCCCAAACAGACAACG-1,-0.04222346,-1.2276363,0.973564
TCCCAAAGACGAAGGA-1,0.17536333,0.8763941,1.1284071
TCCCAAAGCCCTAAAT-1,0.1351934,-0.18897444,0.19957763
TCCCACTCTCTTCCGG-1,0.061210755,-0.2942777,0.65090287
TCCCAGCACACGACAT-1,0.03007808,-0.8650621,-1.5658553
TCCCAGCTTTAGTCTG-1,0.28321362,1.051548,0.4679365
TCCCAGGCTTAGCTAA-1,0.1377077,0.8149278,1.002285
TCCCGCCTATGTGCGT-1,-0.011466947,-0.36749277,-0.09759734
TCCCGCGTACTCCTGG-1,0.1544645,0.5983807,1.7261106
TCCCGGGTGTGCTGCT-1,0.33071473,1.1873571,-0.8685838
TCCCGGTCAGGAATTT-1,-0.05998214,-0.13916296,0.08204385
TCCCGTCAGTCCCGCA-1,0.09156475,0.71586114,1.1607293
TCCCGTCGCGTCATAG-1,-0.3571136,-2.200057,0.62721384
TCCCGTGTGCAATTTG-1,0.23772249,0.71517515,-0.52446115
TCCCTAGATCAATAGG-1,-0.32406032,-1.9485097,0.9935579
TCCCTCTTCTCAAGGG-1,-0.06716808,0.08074391,-0.5868123
TCCCTGGCGTATTAAC-1,0.04379643,-0.29974392,-0.825932
TCCCTGGCTCGCTGGA-1,0.30869812,1.0989732,0.008599673
TCCCTTAGATTACTCG-1,-0.29772,-1.2204762,0.22766893
TCCCTTGTCTGAAACT-1,-0.14409079,-0.25465214,-0.0766976
TCCGAACGTTGCCGCT-1,-0.0019458253,-0.45435604,-0.17131317
TCCGAACTTGGCTTAC-1,-0.07715828,0.32747343,0.7140434
TCCGAAGTAGTCACCA-1,-0.3685379,-1.5997317,1.1163094
TCCGAATGGTCCTGAG-1,0.13856483,-0.9690874,0.049448323
TCCGACCGCTAATCAA-1,0.0,0.0,0.0
TCCGATAATTGCCATA-1,0.14280273,0.8015988,1.2072076
TCCGATGACTGAGCTC-1,0.020283908,0.39473522,1.1410865
TCCGATGGTGCGACAT-1,0.19377922,0.9701356,0.95667064
TCCGATTACATTGCCG-1,0.2421323,1.305906,0.095207036
TCCGCCTGTCTACAAG-1,0.116520055,0.20994826,-0.84418154
TCCGCGGCAGCATCTG-1,0.2838536,0.8661233,1.2056196
TCCGCGGCCCAATGAA-1,0.24488877,0.6965942,-0.5283221
TCCGCTGTCATCCCGG-1,0.29722178,0.8401307,-0.5253992
TCCGCTTATCCCATTA-1,0.3449458,0.853319,-0.67662454
TCCGGAGGAAGGGCTG-1,-0.14572962,-0.8994563,0.7622661
TCCGGCCTAGCGTACA-1,-0.12269984,-0.35645866,0.9001297
TCCGGGCTTGACGGGA-1,-0.35502717,-0.9691843,-0.47626284
TCCGGTTCGTCCGGTC-1,0.07974298,-0.27765504,-1.1438912
TCCGTAACCACAATCC-1,0.120796785,0.1121464,1.3271714
TCCGTTAAGCTAATAT-1,0.27564317,0.787153,-0.84083027
TCCGTTTAGCCTTGAA-1,-0.019068437,0.34837282,1.5005988
TCCTAAAGATTCAGAC-1,0.0,0.0,0.0
TCCTAAATTGGGAAGC-1,0.22909692,0.19170193,-1.4866843
TCCTAACCGTCGGGCA-1,0.0,0.0,0.0
TCCTACATCCACGGCC-1,0.27025285,0.6745288,-0.65219843
TCCTAGCAAAGAAGCT-1,0.26817,0.87025696,-0.14515996
TCCTATCATAGGTAAC-1,0.095335856,-0.30381683,-0.21806319
TCCTCCTAAGACATTC-1,0.23953608,0.8647575,-0.3978284
TCCTCGGGCTGGGCTT-1,0.1731911,1.0109416,0.6902104
TCCTCTACGAGATGGC-1,0.06038067,0.4677967,1.0557989
TCCTCTCCAGTTGTCC-1,-0.06102888,0.4806208,0.78726864
TCCTCTGGCCCATTAG-1,-0.36569294,-0.98388386,0.30472216
TCCTGCCAACTGGAGA-1,-0.17819515,-0.6380787,0.7574564
TCCTGCGTTGATACTC-1,0.29920134,1.0333712,-1.1093465
TCCTGGCGCTGCCTGG-1,0.015596484,-1.0574142,0.3190829
TCCTTACGACGGTCCG-1,0.3832739,1.0026028,-1.1992624
TCCTTCAGTGGTCGAA-1,0.016957825,0.21427286,0.7605655
TCCTTGTCCTTTAATT-1,0.0,0.0,0.0
TCCTTTAAATCCGCTT-1,0.2819177,0.69320405,-0.7489247
TCCTTTCTTACGCTTA-1,0.24712993,0.94406754,0.70236576
TCGAAATTTAGGACCA-1,0.06346745,0.37272206,0.93613106
TCGAAGAACCGAGCAC-1,0.30008915,0.88722783,-0.18904927
TCGAATATCCCGCAGG-1,0.01892228,-0.51226175,-0.9565097
TCGAATCGCAGGGTAG-1,0.0,0.0,0.0
TCGACAACTGAACCCG-1,0.20588546,0.34512553,-0.7516959
TCGACATAGCGTAGCG-1,0.0,0.0,0.0
TCGAGACCAACACCGT-1,0.37789392,1.1705048,-0.88509655
TCGAGCCAGGCAGGCC-1,-0.04762286,-0.23753221,-0.34819826
TCGAGGGCAACAGACG-1,0.028024057,-0.44509795,-1.5729932
TCGATAGGCTAGTCGC-1,-0.023718268,-0.081917934,0.11155219
TCGCAAAGATGCATTT-1,0.16071744,0.63583326,-0.23998208
TCGCACCAGGAGGCAG-1,0.24806078,0.7883999,-0.30485117
TCGCATAAAGGGCGCA-1,0.37310302,0.8556183,-1.9282688
TCGCATCCCTAAGTGT-1,-0.15727173,-0.13259663,0.8419169
TCGCATTCAATGACTT-1,-0.042758834,-0.11509523,0.098294966
TCGCCACCCGGATTAC-1,-0.14239562,-0.39353675,-0.19223405
TCGCCCAACTGACTCC-1,-0.40618044,-2.0535166,0.45529458
TCGCCCACTGCGAGAG-1,-0.24173187,-0.7658566,-0.18386947
TCGCCGAAGTTGCGTC-1,0.22330105,0.8662256,-0.097275674
TCGCCGACATATTCGC-1,-0.071491845,-0.21560927,0.058767993
TCGCCGGATGGGCAAG-1,-0.06883399,-0.17955671,0.06479327
TCGCCGGTCGATCCGT-1,0.18201743,0.84119827,1.7926575
TCGCGCGTTTACATGA-1,-0.0003890204,-0.39018285,-0.63033426
TCGCGTAGCAGTGTCC-1,0.24365117,0.6007263,-0.6899439
TCGCGTCCAGAAGGTC-1,0.120080255,0.91042835,0.70423883
TCGCTAAACCGCTATC-1,-0.12575372,-0.34384233,0.2641628
TCGCTACTGGCTTTGA-1,0.0,0.0,0.0
TCGCTCGATATATTCC-1,0.19523491,0.8497058,0.96927005
TCGCTCGGCACCAGCG-1,-0.22411709,-1.7369201,0.5280135
TCGCTGCCAATGCTGT-1,0.0,0.0,0.0
TCGCTGGGCGGATTGT-1,0.17095686,0.48055664,0.4482218
TCGCTGTGCGTAAATC-1,-0.16449516,-0.14272128,1.1404458
TCGCTTAATTACGAAG-1,-0.5431166,-1.8273714,-0.21434766
TCGCTTTAAACGTTTG-1,0.19912902,0.54035145,0.70575607
TCGGAATGACCATCAA-1,-0.36180225,-1.087763,-0.23472871
TCGGAATGCGCTCTGA-1,0.0877472,0.90663046,0.79971695
TCGGACGCCCAGCCCA-1,-0.026432352,0.32950553,1.355997
TCGGAGAGTATCGGGA-1,0.18537366,0.28377265,-0.4012236
TCGGAGTACATGAGTA-1,0.2165573,1.1845052,1.1792606
TCGGCAGGGTTAAGGG-1,-0.3924728,-1.8678153,-0.8341204
TCGGCGAACCCAAACC-1,0.28384483,0.80101305,-0.17991476
TCGGCGTACTGCACAA-1,0.32818154,0.791616,-1.1107901
TCGGCTTGTATCGACG-1,0.23811795,0.65992457,-0.6796648
TCGGGAACGTGCCTAG-1,0.041398093,-0.28965887,0.8645695
TCGGGAGACAGCGTAC-1,-0.32010064,-1.0715554,-0.573354
TCGGGATTCAAACATA-1,0.28936943,0.802963,0.45648992
TCGGGCCGTCGTGGTA-1,0.23770893,0.99639356,0.29432738
TCGGGTGAAACTGCTA-1,-0.09720027,0.18796161,0.84343284
TCGGTCCCGACAATAG-1,0.27213785,0.814742,-0.9489774
TCGGTCCCTGACTCCA-1,-0.3410251,-0.9828913,0.5483206
TCGGTGACCGCTCCGG-1,-0.3372653,-1.363059,1.4163176
TCGGTTAGCCATGTAG-1,-0.18715279,-0.8255198,0.39649513
TCGTAACTCCCAAGAC-1,-0.3767959,-1.4941783,-0.37439916
TCGTAAGACGACATTG-1,-0.038869206,0.18796304,0.45816895
TCGTAAGCTCCGAGGA-1,-0.148025,-0.6991357,1.4518851
TCGTACCGACGTCAAG-1,0.0,0.0,0.0
TCGTATAGTGCAATTA-1,0.0052518924,0.27028817,0.75893635
TCGTATTACCCATTGC-1,0.18294112,0.86890095,-1.4217474
TCGTATTTCGTCCGGA-1,-0.13364561,-0.62348825,-0.27412957
TCGTCAAGTACGCGCA-1,-0.07817799,-0.565391,-0.91180545
TCGTCACACTGTTAGC-1,-0.012038054,0.31960285,0.97959673
TCGTCCGCTGGCGTCT-1,-0.07462102,0.3562046,1.5783185
TCGTCCGGGTACACTC-1,-0.11962098,-0.42700255,-0.031466402
TCGTCTTAGGCGTTAA-1,0.20438139,0.49280587,-0.6315171
TCGTGTACTATGGATG-1,0.19905625,0.7153128,-0.26427796
TCGTGTATTGGTCACG-1,0.33806604,0.6213085,-1.2835062
TCGTGTCACGCTGACA-1,0.20256296,0.62551266,-0.84358376
TCGTGTTCGACCACAA-1,0.23451391,0.7230003,-0.5452483
TCGTTAGGAGTCCCTA-1,0.18692206,0.011915092,-1.6565431
TCGTTCGTTATTATGT-1,-0.3065386,-0.86172533,0.6117296
TCGTTGACAGGGTCCC-1,-0.21413188,-0.5913871,-0.2675595
TCGTTGCTATCCGGTC-1,0.2407907,0.72353333,-0.72111255
TCGTTGGCTCGTCAAT-1,-0.105886005,-0.2756331,-0.09117085
TCGTTTACGCGACCCT-1,-0.010886316,-0.0316782,-0.014743493
TCTAAAGAACAGTCTC-1,-0.047182262,-0.69259346,-0.5076402
TCTAACTGTATGTAAA-1,0.18749793,0.5679326,1.0850626
TCTAATACTGCCTCAG-1,0.34651622,1.0010378,-1.1429749
TCTACACGTTCATGCA-1,-0.16858244,-0.8278558,0.08464073
TCTACCCAATAGAGAG-1,0.285902,0.8877494,-0.68895346
TCTACCGTCCACAAGC-1,0.22090411,0.9443575,1.800261
TCTACGGGCTCAGTTG-1,-0.49102774,-2.0051305,0.4094288
TCTAGCAATCTCCGCC-1,0.3416527,0.8244154,-1.3049664
TCTAGCATCTTCGATG-1,-0.08285726,0.2593892,0.9880835
TCTAGCATGCCCAGAA-1,0.2759865,0.5923141,-1.0410186
TCTAGGTGGCGACGCT-1,-0.18791577,-0.4942664,1.1049742
TCTAGTGATATCGTGG-1,0.3080121,1.0331478,-0.05513289
TCTAGTTATCAGAAGA-1,0.2936608,1.1625466,0.3870401
TCTATAGGTGGGTAAT-1,0.26518798,0.61704034,-1.5996747
TCTATCATGCAGTTAC-1,-0.08974041,0.4621494,1.3659581
TCTATCCGATTGCACA-1,-0.011674142,-0.043382794,0.026063604
TCTATCGGTCGCAACA-1,0.078165345,0.72851056,1.692102
TCTATGCTATAACGAC-1,-0.49744454,-1.725462,-0.5646566
TCTATTACGCTGGCGA-1,-0.119164504,-0.13709028,0.15628792
TCTATTACTAGAGGAT-1,0.2058671,0.31352192,-1.064668
TCTCAAATCAATCGGG-1,-0.0044800653,-0.016648568,0.010002161
TCTCATGAGATAGGGT-1,0.2640729,0.78048694,-0.6306934
TCTCCAACGTAGGTTA-1,-0.042333383,0.15902479,0.733492
TCTCCACAAGTTGAAT-1,0.15462215,0.31917995,-1.6894784
TCTCCCTGGGCAGCGT-1,0.19645326,0.50490636,-0.64638287
TCTCGAACGAGGTCAC-1,-0.22934158,-0.44847634,1.0463604
TCTCGACGTATCGCCG-1,0.24991544,0.68194103,0.10371115
TCTCGAGGAGGTTCGC-1,0.32157874,0.8328222,-0.902476
TCTCGGCTCCAGGACT-1,-0.17036252,-0.48478103,0.42322642
TCTCTAATAGCTGGTA-1,0.2713458,0.8670641,0.62603825
TCTCTCGCCGCACATA-1,0.51769197,1.2096748,-1.9132559
TCTCTTACCGCGAACC-1,0.0,0.0,0.0
TCTGAACCGGTCGGCT-1,-0.017114038,0.4841094,1.2772039
TCTGAACTCGTACCCG-1,0.35572535,0.75109535,-0.9754882
TCTGAAGCACGTGGTC-1,0.22829023,0.26887378,-1.0884422
TCTGAATTCCGTACAA-1,0.3206183,0.72283196,0.59264195
TCTGACGGGCTAACCC-1,-0.06838676,-0.2829907,0.2383424
TCTGAGCAATTGACTG-1,0.49316403,1.1653521,-1.9787971
TCTGATCGGGTGCTAG-1,0.061704814,-0.8503051,0.23732646
TCTGATGTATTCTGTC-1,0.17863588,0.5151192,-0.40877002
TCTGATTGGAAATGGA-1,-0.18102929,-1.0476006,0.3179277
TCTGCACCATTAGTAA-1,-0.06748023,-0.22092454,-0.039930124
TCTGCAGATTCGAGTC-1,0.023285832,0.05162552,0.32635304
TCTGCATACCTTGCTT-1,0.21313556,0.27553123,-1.0898573
TCTGCCAGAAACTGCA-1,0.2586733,1.0894843,0.6959369
TCTGCGAATCGTTCGC-1,-0.49930575,-2.0789163,0.50570565
TCTGCGTCCGGTTTCT-1,-0.1663524,-0.34480795,0.92314607
TCTGGCCGTTCAAGTT-1,-0.24896045,-1.2766615,0.5045812
TCTGGCGCAAGCCGGG-1,0.06574848,0.3145568,0.37545568
TCTGGGAACCTTTGAA-1,0.28379706,1.1036122,1.1606766
TCTGGGTAGCGCTCAT-1,0.16261327,0.27110428,-0.68627495
TCTGTCATACAAGAGC-1,-0.118772745,-0.2743594,0.38967952
TCTGTGATGGAGGTTG-1,-0.5361302,-2.6107037,0.001446423
TCTGTGCCATCATAGT-1,-0.02413332,0.29838872,1.1744854
TCTGTTACCCAGCATA-1,0.34437984,0.9879521,-1.5301768
TCTTACAGAGGTACCG-1,-0.06919093,0.15373263,1.33846
TCTTACCGGAACTCGT-1,-0.16713704,-0.25943837,1.3025986
TCTTACGGCATCCGAC-1,0.10256922,0.7881643,1.2429869
TCTTACTTATGCCTCT-1,0.31009293,0.9428967,-0.23882262
TCTTAGAGCTCCAATT-1,0.29525027,1.0397321,0.69884974
TCTTAGAGTGAACTCT-1,0.24662992,0.95898056,0.2745245
TCTTCCCATGGGCACA-1,0.22995512,0.3333538,0.18295877
TCTTCGAATAGACGTT-1,0.3159496,0.85593885,-0.18690208
TCTTCGATACCAATAA-1,0.244142,1.1580164,1.0071098
TCTTCGCGGTGAGAGG-1,0.098185025,-0.23520266,-1.2594334
TCTTCTATAACCCGCC-1,0.30565557,0.97523904,-0.057640743
TCTTGATGCGTAGCGA-1,0.2481806,1.2399305,0.8844066
TCTTGCTCCCGATACT-1,0.0,0.0,0.0
TCTTGGTAACACCAAA-1,0.17259203,0.8659121,1.0744238
TCTTGGTCAATGATAC-1,-0.28899607,-0.8165339,-0.38169494
TCTTTAAGACTATGAA-1,0.20823523,0.14017893,0.6462439
TCTTTAGAGTCTAACA-1,0.34574446,0.8060619,-0.32688856
TCTTTAGCAGGCGAAC-1,-0.070943706,-1.2318113,0.05439785
TCTTTCCTTCGAGATA-1,-0.11976285,-0.9881465,-1.1678444
TCTTTCTCTTAAGGAG-1,-0.2822592,-0.9526151,-0.19201285
TGAAACTTATGCAAGC-1,-0.2861223,-0.48462886,1.0752958
TGAAAGGACCTGACTC-1,0.21559717,0.74829596,1.0908425
TGAACAAGCAGGGACT-1,0.0,0.0,0.0
TGAACTGCTATGACTT-1,-0.17013599,-1.0714064,-0.44799438
TGAATACCGACGCGTA-1,-0.019878918,-0.075015776,0.039074443
TGAATATGCTATAAAC-1,-0.13940237,-1.3259056,0.7249897
TGAATGAGATACAGCA-1,-0.4209838,-1.4691538,0.16272098
TGAATGAGTGTTTCCC-1,0.0,0.0,0.0
TGAATGTCAGCCGGCC-1,0.30342397,1.0684631,0.23607959
TGACACTTCTCTTTGC-1,-0.17029007,-0.76446795,0.6726216
TGACAGGACAAGTCCA-1,0.031217253,-0.21753216,-1.7233719
TGACATATATGACGAT-1,-0.27908158,-1.3385891,-0.45073915
TGACATCGAGCGGACC-1,0.24481001,0.9608922,0.5876025
TGACATGTAACGTGAC-1,0.0,0.0,0.0
TGACCAAATCTTAAAC-1,0.0,0.0,0.0
TGACCAGCTTCAAAGT-1,-0.4204846,-1.8404063,1.1634867
TGACCCACGTTAGACA-1,0.35477304,1.3415917,-0.59771156
TGACCCAGCATTCCCG-1,-0.14721274,-1.914378,-1.1044719
TGACGAATATTTCCCT-1,0.25668404,0.53464764,-0.4022655
TGACGATGCACTAGAA-1,0.30307165,1.076547,0.6385864
TGACTATAATCCTTTC-1,0.11950145,0.23155086,-0.5949189
TGACTCCGAATCATAC-1,0.19006096,-0.31277215,-1.5119536
TGACTCTAACTGGTAA-1,-0.64087516,-2.5570738,-0.8512072
TGAGAATGCTTTACCG-1,0.28132474,0.75333786,0.60055363
TGAGACGTACCTCTCA-1,-0.2176075,-0.82950586,-0.27966583
TGAGAGATTTACCACG-1,0.26498285,1.0444456,0.19248533
TGAGATCAAATACTCA-1,-0.18357615,-0.5050867,0.31435034
TGAGATTAGGCCCTAA-1,-0.20538849,-0.5521494,0.67117983
TGAGCCATACAGTCTC-1,0.22538257,0.69076246,-0.3220361
TGAGCGGAAAGTGTTC-1,-0.33039165,-1.6816663,-1.6278422
TGAGCTCAACTGTATA-1,0.2411599,-0.33943585,-1.8472093
TGAGCTTTAATGACGC-1,-0.1277501,-0.6604307,0.19737732
TGAGGAGTGCCAGCTT-1,-0.20306765,-0.5055952,-0.2575124
TGAGGCATGTACTGTG-1,-0.113566555,-0.72031987,-1.2211936
TGAGGTGTGTGGCGGA-1,0.0,0.0,0.0
TGAGTAAATTAGCGTA-1,0.3735523,0.7714671,-1.3065529
TGAGTGCCTCTTAAAT-1,0.3386101,0.9405078,-0.54465526
TGAGTGGTCCGTGACG-1,0.042125363,0.25334942,0.97934777
TGAGTTAAAGACATTC-1,0.28389913,0.9644854,0.1568999
TGATACATTTAGCCGT-1,-0.1433474,-0.36082098,-1.3346058
TGATAGCGGGATTCTA-1,0.19473809,0.4564274,1.3186988
TGATCACCACACTGAC-1,0.0,0.0,0.0
TGATCAGGGAACTGCT-1,0.2215421,1.104963,-0.7026985
TGATCCCAGCATTAGT-1,0.05788687,-0.6804524,0.2528834
TGATCGGTTTGACCCT-1,0.20214435,0.79199475,0.33374166
TGATCTACGCTGATCT-1,-0.18758067,-0.6655492,0.37981144
TGATCTATCACACTCT-1,-0.016000235,-0.05945918,0.03572201
TGATCTCCGGCGCCAG-1,-0.03452253,0.009359953,0.83294725
TGATGGCTGTTTCTGA-1,-0.06738975,-1.4629112,0.066348694
TGATGTCAATTAAGTG-1,0.2763162,0.7300034,-0.83501786
TGATTATGGCACGCAG-1,-0.29411283,-1.2857298,1.1532897
TGATTCAGGTCCCGCG-1,0.1559194,0.37909958,-0.30892858
TGATTCCCGGTTACCT-1,0.0,0.0,0.0
TGATTCGTCTATCACT-1,0.3013208,0.99511695,-0.09914041
TGATTCTGTCGCCGGT-1,0.23296146,0.45266345,-1.069175
TGATTTATTAGCTGTG-1,0.40390834,1.3025115,-1.1645277
TGATTTCCTCCTGACG-1,-0.2511193,0.004363979,1.4890401
TGCAAAGTTCGTCTGT-1,0.0,0.0,0.0
TGCAACCCATCTGCGG-1,0.20073587,0.42093027,-0.7012872
TGCAACTACTGGTTGA-1,-0.012333232,-0.01640479,-0.009918543
TGCAAGAATGACGTAA-1,0.24741784,0.8822474,0.4581335
TGCAATCTAACACGGT-1,-0.054650508,-1.0262423,-1.3609413
TGCAATTTGGGCACGG-1,0.16737793,-0.10304025,0.62242216
TGCACAGTGAAGTTAT-1,-0.30430645,-1.1260024,0.73044723
TGCACGAGTCGGCAGC-1,-0.14867437,-0.32486328,0.874876
TGCACTATGTGAGTGC-1,-0.0421874,-0.2362551,0.40894637
TGCAGAACTATATCGT-1,0.18277037,0.9788039,-1.2104914
TGCAGAGTACCGAGCA-1,0.3109007,1.0475222,-0.49978885
TGCAGATCGTCCTAGG-1,0.23806933,0.6041356,-1.2131336
TGCAGCTACGTACTTC-1,0.13877316,0.104433924,-1.112542
TGCAGGATCGGCAAAG-1,0.1879381,0.9158863,0.89635557
TGCAGTGAGGCTCGGG-1,-0.3294072,-1.3714871,0.18477595
TGCAGTGGTAGGGAAC-1,-0.11631624,-0.2950629,-0.77964586
TGCAGTTTCCTCCCAT-1,0.28194475,1.1064098,0.21415183
TGCATATGTCTGTCAC-1,0.24088961,0.96841437,1.0501119
TGCATGGATCGGATCT-1,0.12461489,0.70176756,0.70113826
TGCATGGCAGTCTTGC-1,0.012743032,-1.6993258,-1.4217077
TGCATGTGACCCATAG-1,0.0,0.0,0.0
TGCATGTGGTAATCTA-1,-0.15168819,-0.2753312,1.0194647
TGCCAAAGTCAGACTT-1,0.2392027,0.54817855,-1.2272623
TGCCAATGGGTACTCT-1,-0.10883035,-1.2491556,-1.1464198
TGCCACCTGGCGAAAC-1,-0.08514755,0.054473266,0.9593733
TGCCAGTACGTGGAGA-1,0.35644853,0.7968223,-0.6423718
TGCCATTACTAAAGAA-1,0.14335048,0.28362906,1.1291648
TGCCCGATAGTTAGAA-1,0.0,0.0,0.0
TGCCCGTACCGTTAAA-1,0.2301736,0.6659921,-0.67503107
TGCCGAAAGCGTATTC-1,-0.057111163,-1.1143543,0.33159775
TGCCGGATGTACGAGC-1,-0.4545599,-1.2605253,-0.58394825
TGCCGTGGATCGTCCT-1,-0.38917756,-1.1939054,-0.75945586
TGCCGTGGGACCCAAT-1,0.0,0.0,0.0
TGCCTAATTGAAGATT-1,0.27035615,0.87777656,-0.32994893
TGCCTGACATCGGTCA-1,-0.04760941,-0.035528813,0.3840527
TGCCTGATCAAACGAT-1,0.012465002,0.70384884,0.9339014
TGCCTTGGCCAGGCAA-1,0.21040945,0.55710447,-0.5703653
TGCGAATATGGGATTT-1,-0.09448757,-0.6036196,-0.6540655
TGCGACACCCTAGTGC-1,0.23027599,0.32870647,-0.24810597
TGCGACGGCCGAACGT-1,-0.43955138,-1.7832025,-1.1868573
TGCGAGAATATTACCC-1,0.353167,0.74293476,-1.6989331
TGCGAGATGGCGGCCA-1,0.06282972,-0.33736667,0.6326885
TGCGAGCCCTTCCGCG-1,-0.23247439,-1.3849517,0.72333616
TGCGATGCTAATGGCT-1,0.09829939,0.32731476,1.2142195
TGCGCAAAGCATTTGG-1,0.23428725,1.1606944,1.0944829
TGCGCCGTTAATAACG-1,-0.318452,-1.75856,0.8916968
TGCGCGATTAACGGAG-1,0.16231415,0.94157135,0.40779352
TGCGGACTTGACTCCG-1,0.0,0.0,0.0
TGCGGAGTAAAGGTGC-1,0.13005553,0.91765505,0.9864212
TGCGGCATAGTTCAAC-1,0.034585033,0.22751753,0.6426362
TGCGGTGAAATTTCAT-1,-0.10104464,-0.1894503,1.5690832
TGCGTAAGAACCTGAT-1,0.31641448,0.8661875,-0.32114905
TGCGTACGGCTAATTG-1,-0.20348518,-0.60487235,-1.1414455
TGCGTCATGACTGAGC-1,0.2052157,0.17834775,-0.7918294
TGCGTGATTGGGTGTC-1,-0.32338277,-0.8996949,-0.4584869
TGCGTTTGTTGACACT-1,0.2403927,0.82885665,-0.2602493
TGCTAAGTGTCTATTT-1,0.3000375,0.95366675,-0.6449894
TGCTATGGCAAAGGGA-1,-0.46980253,-1.1999475,-0.519755
TGCTCACACAACAACC-1,-0.14612679,-2.0136187,-1.0847738
TGCTCCACAGTTCTTA-1,0.32675081,0.8323476,-0.5114851
TGCTCGGCGAAACCCA-1,-0.28527343,-0.7223958,-0.37947482
TGCTCGGTGGGTCACC-1,0.0,0.0,0.0
TGCTCTGCCGGTTCAC-1,0.0,0.0,0.0
TGCTCTTGAGAGTTTG-1,0.0,0.0,0.0
TGCTGCGTCAGAGTTA-1,-0.03942796,-0.09565158,-0.049859654
TGCTGGTTGGACAATT-1,-0.025550656,0.2755533,1.3069159
TGCTGTTGAAGAACTC-1,0.3166746,1.1533085,-0.6221387
TGCTTAGAGAGAATGC-1,0.23566377,0.4824356,-1.3918384
TGCTTCCCAAGCAGTA-1,-0.003935843,-0.015827026,-0.01368529
TGGAACCACTGACACA-1,-0.1191062,-0.89928085,0.6650784
TGGAAGAAGGGAACGT-1,0.29493386,0.88690215,-0.99970317
TGGAAGACGAACACCA-1,-0.018773919,0.2647614,1.0047548
TGGAAGGATAAAGATG-1,0.10940478,0.802149,0.876418
TGGAATATCCTTGACC-1,-0.26797906,-1.7016246,1.153656
TGGAATTAGACGCTTT-1,0.031280603,0.41227904,1.0418594
TGGACCAATCTAAGAT-1,-0.22076653,-0.93447846,-0.801608
TGGACGCAATCCAGCC-1,0.10491886,0.020785667,-1.0285877
TGGACTGTTCGCTCAA-1,0.23643841,0.8963132,0.709593
TGGAGAATAATCGTCC-1,0.0,0.0,0.0
TGGAGCTAAAGTTCCC-1,-0.021247081,-0.11559356,0.9605714
TGGAGGGAAACACCTC-1,-0.4741526,-1.9513928,0.09445018
TGGAGTGATGCGATGA-1,0.23733364,0.9638048,0.36892366
TGGCAAACTAAATTAC-1,0.2817008,0.9323771,-0.17742814
TGGCAACTCGCGCGCC-1,0.19175617,0.2932264,1.2170489
TGGCAAGCACAAGTCG-1,0.0,0.0,0.0
TGGCAATGGGACGGCG-1,0.33304167,0.9661999,-0.84345835
TGGCACGAGCTCGAGT-1,-0.31572533,-1.390377,0.4307622
TGGCAGATTACGATCA-1,0.24749418,0.70999277,-0.36225557
TGGCAGCAGTAATAGT-1,0.25168207,0.8465645,-0.34119225
TGGCATGAAGTTTGGG-1,0.2824481,0.6737821,-1.376072
TGGCCAAACTGAAGTA-1,0.12087027,0.4916401,0.39548245
TGGCCAATTTGGTACT-1,0.2642771,0.7005248,-0.9530098
TGGCCGTATATTGACC-1,0.16717906,0.81307876,0.85512817
TGGCGACTGCTCCAAA-1,-0.0008177897,-0.27265087,-0.81213975
TGGCGATCAAGTTATG-1,0.1676285,0.07063204,-1.2466447
TGGCTACACTCTACCT-1,0.10786436,0.16408509,-1.4877964
TGGCTATGTGACATAC-1,0.16736856,-0.22920719,-1.6089959
TGGCTCTTGTCGCGTA-1,0.04976138,-0.39872602,-1.1688948
TGGCTTGTACAAGCTT-1,-0.08897311,-0.9051272,0.62560064
TGGCTTTGGGTAGACA-1,0.2783237,0.9090458,0.5761153
TGGGAAATGCCTTTCC-1,0.0461054,0.31779552,1.0212609
TGGGATGCACTCATTC-1,-0.2057795,-0.5201934,0.7818674
TGGGCAATAGTTGGGT-1,0.29195273,0.97949415,0.028208397
TGGGCACAAACAGAAC-1,-0.019429486,-0.05487088,0.10649581
TGGGCACGTTCTATGG-1,-0.10591017,-0.07968571,0.52953446
TGGGCAGGCCACCGCA-1,0.4321058,0.8980499,-1.6060783
TGGGCCACAAGAGCGC-1,-0.1308302,0.045337852,1.5688752
TGGGCCCATACTAATT-1,0.22489482,0.62036765,-0.50961095
TGGGCGATACAATAAG-1,0.0,0.0,0.0
TGGGTAAGGTTCCCGC-1,-0.02999638,0.012266356,1.581171
TGGGTGCACAAGCCAT-1,0.0,0.0,0.0
TGGGTGGGATGTCATT-1,-0.40301514,-1.7150346,0.92805874
TGGGTGTAATAGATTT-1,-0.31006294,-0.94433194,-1.1963578
TGGGTGTTAAGTAGAA-1,0.0,0.0,0.0
TGGGTTTCGGGCGTAC-1,-0.5539618,-1.5509553,-0.6742386
TGGTAAGCAGGATTGA-1,0.26270214,0.34027222,-0.6292863
TGGTAGAATATATGGG-1,0.35006306,0.81896585,-0.26513162
TGGTATCGCATCCCAA-1,-0.17647468,-0.4183317,1.1274104
TGGTATCGGTCTGTAT-1,-0.23351358,-0.74632895,0.40270895
TGGTCCCACGCTACGG-1,0.342867,0.995113,-0.7798953
TGGTCGATATACCTCT-1,0.0,0.0,0.0
TGGTCGGGTACAGGGC-1,-0.10597599,-0.47644368,-0.38348144
TGGTCGTGCAAGGCAA-1,0.19642846,0.22087495,0.037752137
TGGTCGTTTGATAGAT-1,-0.11969278,-2.0432715,-1.1981323
TGGTCTGTTGGGCGTA-1,0.306393,1.0653459,-1.1526698
TGGTGATCGTATTTGT-1,0.10606116,0.5694903,1.181472
TGGTGCCCTGCCTTAC-1,0.0,0.0,0.0
TGGTTAACTTACATTT-1,0.050232347,-0.37327468,-1.1979302
TGGTTAAGGGCGCTGG-1,-0.23332375,-1.6971234,1.1467999
TGGTTATGCTTGCGGT-1,-0.15606779,-0.42978328,-0.18428501
TGGTTCAACGGGTAAT-1,0.31717932,0.9664691,-0.17125852
TGGTTCGTAGCAAAGG-1,0.15127686,0.8922519,1.3710762
TGGTTGGAGGATCCTG-1,-0.43106842,-1.4134456,0.8885557
TGGTTTAAACGTGGGT-1,-0.093887694,-1.3269874,0.7162349
TGTAATGACCACAATA-1,0.3622569,1.0930809,0.2805885
TGTAATGCCTTCGGAC-1,-0.15066957,-1.7545017,-0.899306
TGTACCTACACGAGGG-1,0.24095331,0.4907459,-0.8963592
TGTACGAACAAATCCG-1,0.28922406,0.98429114,-0.3363679
TGTACTACTCTCACGG-1,-0.31630418,-2.1444826,0.15776044
TGTACTTCCGGGCATG-1,-0.25914767,-1.3252574,-1.347302
TGTAGCCAATTCCGTT-1,0.0,0.0,0.0
TGTAGCCATCCCATTC-1,-0.04592917,-0.56397426,-1.1089568
TGTAGGAGAAATTTCC-1,0.27075997,0.9533717,1.0143801
TGTAGTGATCTATAAT-1,0.3745169,1.2056642,-1.1846184
TGTATAACAGATCCTG-1,-0.11545017,-0.14077736,0.86936826
TGTATACGGATGATGA-1,-0.081742354,-0.28706864,-0.03587352
TGTATCAGACTGAAGC-1,-0.45386583,-2.1386175,1.0195688
TGTATCCTTATTCCAT-1,-0.24290518,-0.86393166,0.5494393
TGTATGGCGCAGACAG-1,0.2083645,0.8086998,0.09744624
TGTATTTACCTAATGC-1,-0.48137066,-2.173165,1.1750269
TGTCATTTGTTGGGAA-1,0.0043624626,-1.0338117,0.7114385
TGTCCACGGCTCAACT-1,0.0579513,0.23846655,-1.0234091
TGTCCCGACATAGCAC-1,-0.10055878,0.21001054,1.0938209
TGTCCGCAAACAATTC-1,0.0,0.0,0.0
TGTCCGTGGCGCCTTT-1,-0.053511634,0.30469733,0.9851917
TGTCCTAAGTCACCGC-1,0.33498958,1.3099693,-0.7846769
TGTCGGCATGGTGGAA-1,-0.28099418,-0.71972126,-0.16194002
TGTCGTTATCACATAT-1,0.27338752,0.33323076,-1.1724691
TGTCTACAGTTTCTGT-1,-0.07747608,-0.2789857,0.5163177
TGTGACTACGCCAGTC-1,-0.063113846,0.3050116,1.0300391
TGTGACTAGAGTTTGC-1,-0.31633472,-1.3164536,-1.610639
TGTGAGACTAGCCCAA-1,-0.33422706,-0.9205012,-0.369206
TGTGCCGGTGCCGGAA-1,0.25929397,0.6705779,-0.5803617
TGTGCTTTACGTAAGA-1,-0.113247685,-0.13059035,0.4041038
TGTGGCAAAGCGTATG-1,0.07601718,0.2141091,1.068338
TGTGGCGGGCTTCTGG-1,0.0,0.0,0.0
TGTGGCTCCCACCAAC-1,0.1365819,0.13163714,-0.34715697
TGTGGTAGGGTGCCTT-1,0.19916847,-0.26507273,-1.1809165
TGTGGTTGCTAAAGCT-1,0.0,0.0,0.0
TGTGTAGTAGCACGTG-1,0.28014126,0.2943617,-2.0663748
TGTGTCGCGAGTTGCA-1,0.030925065,0.74960494,0.5395975
TGTGTTCGTATCCAAG-1,-0.06439871,0.07788008,0.69493395
TGTTATTGTATGTGGC-1,0.29955474,0.7968254,-0.07486967
TGTTCATAAATGTGCT-1,0.16522753,0.5112642,0.98646176
TGTTCCGCTTCCATGA-1,0.24484698,0.7664973,-0.67722535
TGTTCCGGCCTGAGCT-1,0.0,0.0,0.0
TGTTCGTATTGCGGTG-1,0.33167115,0.72878677,-1.0276735
TGTTCTCTACTCCCTA-1,-0.43829647,-1.363113,-0.23392537
TGTTCTTCCATTGACT-1,0.3912414,1.167744,-0.89639306
TGTTGCCGTCGTCCCA-1,-0.07398776,-1.2216644,-0.029286224
TGTTGTCAAGAAGTCT-1,0.03987891,0.14013903,0.82300407
TGTTTAATACTTCATC-1,-0.23455234,-0.597819,0.028706834
TGTTTCGGTACTTCTC-1,0.20802504,0.61417145,1.189844
TGTTTCTGAAGCGTGC-1,-0.19056007,-1.2173879,-0.98918515
TGTTTGAGATCGTCAG-1,0.3645064,0.831747,-0.13762431
TTAAACAGAGTCCCGC-1,-0.120124675,-0.1660675,0.08704341
TTAAACCGGTAGCGAC-1,-0.07806119,-0.34427136,0.2271447
TTAAACCTGGTTCCTT-1,0.21615618,0.71629155,1.3987644
TTAAACTCGAATTCAT-1,0.19799002,0.22201847,-0.12848721
TTAAAGGCGATGCTCG-1,0.0,0.0,0.0
TTAAAGTAAGTCGCCA-1,-0.14675683,-0.85009784,-1.1575369
TTAACACCTCGAACAT-1,0.03712491,0.6255789,1.4054996
TTAACCAACCCTCCCT-1,0.24302128,0.6842594,0.84315276
TTAACGAACAAGCAGT-1,-0.021835126,-0.7175299,0.83294827
TTAACGTCGCAAGACC-1,-0.06270693,-0.33721337,0.35171536
TTAACGTTAAAGCCTG-1,-0.0098785125,-0.12288611,0.13120231
TTAACTCACGCGTGGA-1,0.21358635,0.6285445,1.2058814
TTAACTTCAGGTAGGA-1,0.20690422,0.39004448,-1.2669098
TTAAGACGAACGAACC-1,-0.37905672,-1.499951,0.89112216
TTAAGATACCCAGAGA-1,-0.097567625,-0.27977374,-0.13040142
TTAAGATAGGATTGAC-1,0.2555606,0.9922642,0.30515534
TTAAGCCGACAACTTC-1,-0.10771899,0.035752628,1.1306331
TTAAGCGCCTGACCCA-1,0.19727735,0.8301259,0.7642199
TTAAGGCCCGTACTTT-1,0.36681142,1.0803835,-1.0993496
TTAAGTATTGTTATCC-1,-0.3394568,-1.1499728,-0.33034182
TTAATCAGTACGTCAG-1,-0.13317367,-0.34701654,0.8193085
TTAATGTAGACCAGGT-1,0.19922991,1.0433186,1.3637254
TTAATTGCTTTGGGTG-1,-0.2560099,-0.6996676,-0.30704072
TTAATTTCAGACGCGG-1,0.076430574,0.41914696,1.1792529
TTACAACTACGCATCC-1,0.13710721,0.98776263,1.22617
TTACACGATCTGCGAC-1,0.18515639,0.36087373,-1.15174
TTACAGACCTAAATGA-1,0.08228337,0.14440928,0.79632324
TTACATCGTGGCCTGG-1,-0.005438377,0.5998743,1.3133582
TTACATGCCACAACTA-1,0.30120516,1.1056575,0.5228668
TTACCATTGATTACCC-1,0.31762844,1.0563763,-0.55624217
TTACCCATTGCCGGGT-1,-0.34071687,-1.1906712,0.542668
TTACCCTAACAGTCCT-1,0.05118263,0.6793993,1.4854866
TTACCCTAGGGATTGG-1,0.0,0.0,0.0
TTACCGCCTTAGGGAA-1,-0.28429502,-0.797441,-0.36043108
TTACGGATGGTTCGAG-1,0.18584487,0.5395631,0.7407951
TTACGTATCTATGACA-1,-0.18028529,-0.5627001,-0.3129696
TTACTAAAGGACTTTA-1,0.27296504,0.9411535,-0.22273542
TTACTATCGGCTTCTC-1,0.09209109,0.40464702,0.16542579
TTACTCCGGCCGGGAA-1,0.05029692,0.47165093,1.3528233
TTACTCTGGTACGTAC-1,0.29021198,0.9492099,-0.32198948
TTACTGGGATATTTCA-1,0.32853678,0.84322274,-0.65415937
TTACTGTCTAGAGCTC-1,-0.061459772,-0.41577515,0.5533568
TTAGAAGAACATGACT-1,0.22302325,0.5207804,-0.5701611
TTAGAATAAGGGTCGG-1,0.0,0.0,0.0
TTAGACACGATCGTTG-1,-0.35937944,-0.90090656,1.1596355
TTAGACGAGTCACCTC-1,0.31213787,0.96564,-0.33855167
TTAGAGTATTGTCGAG-1,-0.089717604,-0.25048333,-0.12681925
TTAGAGTTTAGAAGGA-1,0.19023919,0.46860588,-0.4589403
TTAGATAGGTCGATAC-1,-0.03657739,-0.068328165,0.06582495
TTAGCAACATGGATGT-1,-0.023675181,-0.12760293,1.2356794
TTAGCTAATACGATCT-1,-0.10818313,-0.77942574,0.38942024
TTAGCTCTGTAATCCG-1,0.075346716,0.022541594,0.4462678
TTAGCTGATTTGCCGT-1,0.23668477,0.92618334,0.5477594
TTAGGTCATAACCGAC-1,-0.12063355,-0.42811158,-0.08355875
TTAGTAAACCTGCTCT-1,-0.021729086,-0.3463565,-1.4995562
TTAGTAGGGCGGCGGG-1,0.35742018,1.0329792,-0.5568774
TTAGTTATTCGTGGCA-1,0.2338245,0.6517902,-0.56027776
TTAGTTCAAGTGTTCG-1,0.023232957,-0.85198635,1.0655899
TTATAGGTAATTGTCT-1,-0.20204847,-0.5672937,-0.2766676
TTATAGTCCAAGGTGC-1,-0.17231539,-1.8509209,-0.5290909
TTATATACGCTGTCAC-1,0.21606101,0.9286589,0.8372562
TTATATTTGGCAATCC-1,0.11619294,0.8147891,1.5603992
TTATCCAATCGAACTC-1,-0.08220295,-0.10066564,0.066367075
TTATCCGGGATCTATA-1,0.23169911,0.73772734,-0.40964165
TTATCCTCAAGGAATA-1,0.22280028,0.51834,-0.07306544
TTATCGCCTGCGAAGC-1,0.070456326,0.3823245,0.96911937
TTATCTGACATTAGGA-1,0.2536149,0.4182923,0.016758282
TTATCTGTATCATAAC-1,0.06814815,0.76723725,1.1498762
TTATGAATGAAAGGGA-1,0.27075374,0.99177194,-0.9271374
TTATGACAAACTGGAT-1,0.025332,0.28345487,0.5497421
TTATGATCTTAACGAA-1,0.22316846,0.9523973,0.78975
TTATGCGTCCCGGTCC-1,-0.0071891192,-0.016408764,0.02859904
TTATGTTTGCGATAGA-1,-0.052074853,0.3045519,1.2701409
TTATTAGAGCGTGTTC-1,0.117402874,0.3883629,-0.42720485
TTATTAGGGAAGCATC-1,0.14727186,0.5940044,1.0764401
TTATTATCTGGAAGGC-1,-0.21538377,-1.278146,-1.5575256
TTCAAAGTCTCTAGCC-1,0.14879587,0.5719643,0.8590341
TTCAACGACCCGACCG-1,0.2567458,0.81301486,1.1228836
TTCAAGCCGAGCTGAG-1,-0.15208507,-0.2329462,0.7361404
TTCAATACTCTGAATC-1,0.25582942,0.9243746,0.32966068
TTCAATTAGCCATAAT-1,-0.27778155,-0.8461095,-0.12619188
TTCACGAAAGGATCAC-1,0.3182488,1.0510916,-0.6707706
TTCACGGTCGTCACGT-1,-0.22344963,-0.5571385,-0.22718765
TTCACTCGAGCACCTA-1,0.28719628,0.5034053,-1.7748424
TTCACTTCCTAGAACG-1,0.0,0.0,0.0
TTCAGCCCTGGTCCAC-1,0.26795474,0.67438257,-0.579211
TTCAGCTGGCGTGCCC-1,0.31860647,0.93844706,-0.41275796
TTCAGGCGTCAAAGCC-1,0.26360488,0.6644514,-0.43899965
TTCAGTTCAAGAGGAG-1,0.0,0.0,0.0
TTCAGTTTGTGGCAGC-1,0.0569177,0.26025802,0.48732692
TTCATGGCGCAACAGG-1,-0.05484873,-0.010783856,0.95046043
TTCCAATCAGAGCTAG-1,-0.13827099,-0.4820625,0.9618487
TTCCAATCTGGCTATC-1,0.13533966,0.028499994,-1.0239853
TTCCACACAGATTTGA-1,0.2549846,0.20487419,-1.8137747
TTCCAGACGAGATTTA-1,0.30994254,0.72091395,0.08616643
TTCCAGTGGGTTTCGT-1,0.0,0.0,0.0
TTCCATCATGCGGTGA-1,-0.24687445,-0.72872245,1.01463
TTCCATCGACAGCGTG-1,0.28676602,0.8278086,-0.56457335
TTCCCGGCGCCAATAG-1,0.31739992,0.48809332,-1.142116
TTCCGCAGAGAAATAT-1,-0.09290062,-0.58544004,0.076178305
TTCCGCGTGAGGCGAT-1,0.29933766,0.72088677,-0.58880484
TTCCGGCCTTGAGGCT-1,0.20888923,0.6987798,-0.9190067
TTCCGGCTCGACTTCT-1,-0.112885505,-0.78388596,0.8447813
TTCCGGTATCTGTGTC-1,0.3834321,0.8412768,-0.27890214
TTCCGGTTACCCACTT-1,0.28230837,0.8235669,-0.14935058
TTCCTCGAGGGTGTCT-1,0.27719772,0.8908055,1.1128985
TTCCTCGGACTAACCA-1,0.23034166,0.7372342,-0.4924635
TTCCTCTGCCCGAATA-1,0.3248496,0.90859437,0.03082009
TTCCTTTCTGTGTTGC-1,-0.29398075,-0.8819348,0.054550823
TTCGAACGAAACATGC-1,0.0,0.0,0.0
TTCGACAGAGCCCGTG-1,0.33947942,1.0196047,-0.7306856
TTCGACGGGAAGGGCG-1,0.041212864,0.37322447,0.06937317
TTCGAGCCGGCGCTAC-1,-0.02309317,-0.07820848,0.0077845934
TTCGCACTCGCGTGCT-1,0.0055953693,0.35407546,0.6438163
TTCGCACTGTACGACA-1,0.0,0.0,0.0
TTCGCATCCGGAAGCA-1,-0.31160486,-0.87207085,-0.4443795
TTCGCCGCTCGCGCTA-1,-0.097989164,-1.0244939,-0.6630411
TTCGCGCGCCATACGA-1,-0.08223828,-0.2130072,-0.060583454
TTCGCTAGGAAGTTGT-1,0.27584973,0.36016655,-0.34950495
TTCGCTATCTGACGTG-1,-0.12124366,-0.602179,-0.014231443
TTCGGACTGATGCCTT-1,-0.29652727,-1.3144242,0.6318841
TTCGGCAACCCGCTGA-1,-0.39464092,-0.98607206,1.2849746
TTCGGCTAGAGATGGT-1,0.12798423,0.3178493,1.046952
TTCGGGACTAATCGCG-1,0.19532913,0.8860974,0.743207
TTCGGGCGCTAGTCTT-1,0.07947191,-0.031051816,-1.1009455
TTCGGGTTGCCACGGG-1,0.057065718,-0.28733993,-1.0218388
TTCGGTACTGTAGAGG-1,0.0,0.0,0.0
TTCGGTGGAGACGCCC-1,0.056554742,-0.7134833,-0.13904685
TTCGTAATCCCAGCGG-1,0.026373774,0.24682131,0.7232165
TTCGTACTCCAGAACG-1,0.032716893,0.5294997,0.5031202
TTCGTGGGCTGGAAGC-1,-0.4961346,-2.6171203,-0.18219842
TTCGTTCAACGAAGTT-1,-0.12701082,-0.9989062,1.2714831
TTCTAACCGAAGCTTA-1,0.1199742,0.7271438,1.5777018
TTCTACCTCAATCGGT-1,-0.68904924,-1.7917672,-0.9756169
TTCTACCTTTATGTTG-1,-0.025938595,-0.47707888,-0.19113901
TTCTACTTGCGAGGGC-1,-0.016630778,0.047554314,0.46239316
TTCTAGAAAGTCTTAT-1,0.0,0.0,0.0
TTCTAGGCCAATTGTG-1,-0.009882729,0.41955274,1.0885891
TTCTATGCCTTTCGCA-1,-0.038871128,-0.16058673,0.13968961
TTCTATTAAACGCAGC-1,0.0,0.0,0.0
TTCTCAATTGCTACAA-1,0.25867066,0.24496254,-0.45109776
TTCTCTTACAGGTGAT-1,-0.13963044,-1.1014948,-1.0622168
TTCTGACCGGGCTCAA-1,0.20959999,0.5932762,-0.4545941
TTCTGCCGCGCCTAGA-1,0.18388703,0.1277326,-0.61362404
TTCTGCGAGCGCCCTT-1,-0.061867096,0.24250185,0.7970027
TTCTGCGGGTTAGCGG-1,0.23796396,1.1043466,1.0201312
TTCTGCTAGACTCCAA-1,0.050316773,-0.6231923,0.6817774
TTCTTAGTGAACGGTG-1,-0.15833132,0.13501994,1.622818
TTCTTAGTGGCTCAGA-1,0.14809372,0.8237108,1.4487679
TTCTTATCCGCTGGGT-1,0.3623133,0.8659829,-0.64939654
TTCTTGAGCCGCGCTA-1,0.28346375,0.70678097,-0.90296835
TTCTTGCTAGCATCTC-1,0.31941167,0.9804203,0.32696044
TTCTTGGACGATCTGC-1,0.15870006,-0.08554314,-0.9545546
TTCTTGGAGTAATGAG-1,0.07608383,0.43660656,0.35329214
TTCTTGTAACCTAATG-1,-0.057849772,0.33903632,0.81989217
TTCTTGTGTCCATCAG-1,-0.084104605,-0.52728736,0.031255204
TTCTTTGGTCGCGACG-1,-0.13346736,-1.1637486,0.92016745
TTGAAACCCTCATTCC-1,-0.53743154,-2.3463447,-0.89933205
TTGAAAGGTGTAAAGG-1,0.0066166506,-0.79682094,0.51412934
TTGAACGAATCCTTTG-1,0.012423846,0.051433213,1.0146332
TTGAACGACGTGCTGA-1,0.16659679,0.05892037,-0.78780293
TTGAAGAATTCCCAGG-1,0.29873994,1.1560314,0.2524782
TTGAAGGATGGGCGCC-1,0.13242093,-0.15765561,-0.56550723
TTGAATATGGACTTTC-1,0.09880143,0.5321987,1.0625949
TTGAATCGTTGTATAA-1,0.2875223,0.7280889,-0.68997043
TTGAATTCACGTGAGG-1,0.3037826,1.0405567,0.9392187
TTGACAGGAGCTCCCG-1,0.38388416,0.80231667,-0.16805778
TTGACATGAACGTGGA-1,0.2889233,0.9245529,-0.53873336
TTGACCAGGAACAACT-1,-0.056162644,-0.45740378,-0.34532192
TTGACCATGTTCTCCG-1,0.056283157,0.8128924,1.4305623
TTGACCGTGTTAATGA-1,0.3310003,0.9328662,-1.8469949
TTGACGATTCAGCACG-1,-0.061787035,-0.392511,0.1420718
TTGACGCTCCATGAGC-1,0.28049496,1.1614968,0.9905839
TTGACTACCATATGGT-1,0.30443895,0.90854716,-0.5705233
TTGACTATTGTCCGGC-1,0.33960903,0.96321976,0.43619758
TTGAGAAGTTTAGCAT-1,0.24172089,0.36276224,-0.9784195
TTGAGAGTACTGCTAA-1,0.25156343,0.943566,-0.46280298
TTGAGCAGCCCACGGT-1,0.20478673,0.40589473,-0.25349593
TTGAGCGCCACGTGAT-1,-0.00906898,-0.55127716,0.63140124
TTGAGGCATTTAACTC-1,-0.3264251,-1.4311984,0.21768947
TTGAGTCCCGCTGCTG-1,-0.19196223,-1.1587925,0.7854075
TTGATAGTCAATACAT-1,-0.3260305,-1.7160655,1.1869124
TTGATCTAACTTTGTC-1,0.05563937,0.46258998,1.0275269
TTGATGCCGCTCGTCG-1,0.0,0.0,0.0
TTGATGTGTAGTCCCG-1,0.09652371,0.39546904,1.0456322
TTGATTAGCTGTTTCT-1,0.11510433,-0.032180432,-1.7064494
TTGATTATGCAGATGA-1,0.039824147,0.36568356,0.4093082
TTGCAAGAAGACTCCT-1,0.0,0.0,0.0
TTGCACAATTCAGAAA-1,0.3112061,0.9651725,-0.6309768
TTGCACGGAGCAGCAC-1,-0.020623032,0.572466,1.5337393
TTGCATGCTGATCACG-1,0.11231611,0.2565436,-0.52464724
TTGCCAAGCAGAACCC-1,0.24635491,0.6194217,-0.09520938
TTGCCATAGCCCGCTC-1,0.09321835,-0.034692235,-0.47222808
TTGCCCTGATCACGGG-1,0.40765363,1.2341893,-1.1293728
TTGCCGCAGACCTACA-1,0.0798248,-0.46306118,-1.4916961
TTGCCGCTTTCTAGTA-1,-0.26265195,-0.81591237,-0.6348873
TTGCCGGTGATCCCTC-1,-0.31709656,-1.0734602,1.0062258
TTGCCTAATCCAAAGT-1,-0.48921716,-1.205324,-0.68373173
TTGCCTTCTCGCCGGG-1,-0.37428668,-1.2613752,-1.406655
TTGCGCTTGATCAATA-1,-0.38635287,-1.095716,-0.6653343
TTGCGGAAAGCTGCCC-1,0.0,0.0,0.0
TTGCGGCATCAGAAAG-1,0.30825046,0.8958072,-0.723135
TTGCGTAGTTTGAGGA-1,-0.03727915,0.2640058,1.1915798
TTGCGTCGGCCAACCG-1,0.35352233,0.70549875,-1.3832664
TTGCGTGAACGCTTAG-1,-0.24357998,-0.78571945,0.92443895
TTGCGTGTGTAGGCAT-1,0.0,0.0,0.0
TTGCTCATAGTACGTG-1,-0.34428704,-1.4081403,-1.7781081
TTGCTCCCATACCGGA-1,0.054719478,0.7666571,1.1232737
TTGCTGAAGGAACCAC-1,0.19014639,0.5701458,1.537596
TTGCTGATCATGTTCG-1,0.32578582,1.1819918,0.31347287
TTGCTGCACCTATCCA-1,0.01828027,0.21900706,1.5229802
TTGCTGGCCGGGCTTC-1,-0.25885236,-0.7518439,-0.0122206025
TTGGAAGAATACAGTC-1,0.15026252,0.18222463,-1.0421282
TTGGACATGTGGCTTA-1,0.09802709,0.2850628,-0.5809179
TTGGACCATCTGGCAA-1,0.30806908,0.9327965,-0.65193117
TTGGACCTATAACAGT-1,0.25073484,0.11204756,-1.3939635
TTGGAGTCTCCCTTCT-1,-0.033081815,-0.10398896,0.09471528
TTGGATATCGTCTACG-1,0.32521394,1.1183856,-0.72173357
TTGGATCGACTTCTGG-1,-0.36975157,-0.9681979,0.7634739
TTGGATTGGGTACCAC-1,0.23991296,0.7244681,1.1240165
TTGGCCAAATTGTATC-1,-0.01892404,-0.07032446,0.04224968
TTGGCCATCTTGCGCT-1,-0.037795804,-0.044142347,0.753296
TTGGCCTAGAATTTCG-1,-0.19128709,-0.7324087,0.7210149
TTGGCGATCCGAATAT-1,-0.15351166,-1.1021439,0.47787628
TTGGCTCAATATGTGT-1,0.24367183,0.8663504,-1.4570855
TTGGCTCGCATGAGAC-1,-0.03195024,0.59463537,0.64272416
TTGGGAAGACGAGCCG-1,0.0,0.0,0.0
TTGGGACACTGCCCGC-1,0.078222945,0.39590904,1.502714
TTGGGACGTAAGAGTT-1,0.2584097,0.6609534,-0.5374844
TTGGGCGGCGGTTGCC-1,0.045117717,0.33955222,0.99571246
TTGGGTTTATTCAGCG-1,-0.2286082,-0.76330423,0.094494835
TTGGTATGGCTTGTGT-1,-0.08059931,-1.4386048,0.2694359
TTGGTCACACTCGTAA-1,0.15216748,0.21159823,-0.8280058
TTGGTGCGGTGTTGAA-1,-0.18452406,-0.7537349,-0.010459905
TTGGTTGCGGTGCGCG-1,0.018481074,-0.64229107,-0.8577225
TTGTAAGGACCTAAGT-1,0.29664585,0.6164355,-1.1161369
TTGTAAGGCCAGTTGG-1,-0.12545651,-0.40037248,0.62178403
TTGTAATCCGTACTCG-1,0.35342202,1.1771244,-0.12860371
TTGTATCACACAGAAT-1,-0.19137003,-0.19982243,0.9404883
TTGTCGTTCAGTTACC-1,0.078129,0.8245341,1.4349546
TTGTCTCGGCAAGATG-1,0.0,0.0,0.0
TTGTGAACCTAATCCG-1,0.23621911,0.44379106,-0.85838467
TTGTGAGGCATGACGC-1,-0.26571846,-1.4090519,-1.0085024
TTGTGATCTGTTCAGT-1,-0.39053333,-1.8179059,-1.648145
TTGTGCAGCCACGTCA-1,-0.22131585,-0.64850837,-0.37380543
TTGTGGCCCTGACAGT-1,0.12050695,0.71687293,1.7438793
TTGTGGTAGGAGGGAT-1,0.28825733,0.4589579,-1.6124667
TTGTGGTATAGGTATG-1,-0.060670312,-0.18778135,-0.044640202
TTGTGGTGGTACTAAG-1,-0.44266722,-1.6738127,-0.77752984
TTGTGTATGCCACCAA-1,-0.5195118,-1.4601762,-0.48685881
TTGTGTTTCCCGAAAG-1,0.32230648,0.85739815,-1.0698644
TTGTTAGCAAATTCGA-1,-0.072618715,0.36054593,1.4139773
TTGTTCAGTGTGCTAC-1,-0.025717195,0.475014,2.064907
TTGTTGTGTGTCAAGA-1,-0.09315992,0.27664113,1.2607553
TTGTTTCACATCCAGG-1,-0.42265782,-1.207257,-0.34316984
TTGTTTCATTAGTCTA-1,-0.16822118,-1.1604148,-1.6216786
TTGTTTCCATACAACT-1,0.19136885,0.47934067,-1.142169
TTGTTTGTATTACACG-1,0.0,0.0,0.0
TTGTTTGTGTAAATTC-1,-0.05991227,-0.24483259,0.1811254
